# p + 180Ta Total alpha    production
# Q-value    = 8.81117E+00
# 
# # energies =   100
#    E         xs         Yield
 1.00000E-11 0.00000E+00 0.00000E+00
 2.53000E-08 0.00000E+00 0.00000E+00
 2.00000E-07 0.00000E+00 0.00000E+00
 1.00000E-06 0.00000E+00 0.00000E+00
 1.00000E-05 0.00000E+00 0.00000E+00
 1.00000E-04 0.00000E+00 0.00000E+00
 1.00000E-03 0.00000E+00 0.00000E+00
 2.00000E-03 0.00000E+00 0.00000E+00
 4.00000E-03 0.00000E+00 0.00000E+00
 7.00000E-03 0.00000E+00 0.00000E+00
 1.00000E-02 0.00000E+00 0.00000E+00
 2.00000E-02 0.00000E+00 0.00000E+00
 4.00000E-02 0.00000E+00 0.00000E+00
 7.00000E-02 0.00000E+00 0.00000E+00
 1.00000E-01 0.00000E+00 0.00000E+00
 2.00000E-01 0.00000E+00 0.00000E+00
 3.00000E-01 0.00000E+00 0.00000E+00
 4.00000E-01 0.00000E+00 0.00000E+00
 5.00000E-01 0.00000E+00 0.00000E+00
 6.00000E-01 0.00000E+00 0.00000E+00
 7.00000E-01 0.00000E+00 0.00000E+00
 8.00000E-01 0.00000E+00 0.00000E+00
 9.00000E-01 0.00000E+00 0.00000E+00
 1.00000E+00 0.00000E+00 0.00000E+00
 1.20000E+00 0.00000E+00 0.00000E+00
 1.40000E+00 0.00000E+00 0.00000E+00
 1.60000E+00 0.00000E+00 0.00000E+00
 1.80000E+00 0.00000E+00 0.00000E+00
 2.00000E+00 0.00000E+00 0.00000E+00
 2.20000E+00 0.00000E+00 0.00000E+00
 2.40000E+00 0.00000E+00 0.00000E+00
 2.60000E+00 0.00000E+00 0.00000E+00
 2.80000E+00 3.70316E-08 2.84093E-03
 3.00000E+00 7.45803E-08 1.50017E-03
 3.20000E+00 1.74036E-08 1.05318E-04
 3.40000E+00 1.98292E-07 4.04661E-04
 3.60000E+00 7.76608E-08 5.89053E-05
 3.80000E+00 5.12825E-07 1.57240E-04
 4.00000E+00 9.82039E-07 1.30965E-04
 4.20000E+00 3.70167E-07 2.28965E-05
 4.40000E+00 2.35681E-06 7.15666E-05
 4.60000E+00 3.64283E-06 5.71209E-05
 4.80000E+00 5.62776E-06 4.76731E-05
 5.00000E+00 1.03465E-05 4.93126E-05
 5.20000E+00 5.27196E-06 1.46657E-05
 5.40000E+00 2.23535E-05 3.75245E-05
 5.60000E+00 3.41590E-05 3.56708E-05
 5.80000E+00 4.86414E-05 3.24902E-05
 6.00000E+00 8.37829E-05 3.67274E-05
 6.20000E+00 5.66637E-05 1.66935E-05
 6.40000E+00 1.63091E-04 3.30140E-05
 6.60000E+00 2.44475E-04 3.47168E-05
 6.80000E+00 3.22496E-04 3.27615E-05
 7.00000E+00 5.23359E-04 3.87475E-05
 7.20000E+00 4.36654E-04 2.39833E-05
 7.40000E+00 9.29758E-04 3.85394E-05
 7.60000E+00 1.35911E-03 4.32268E-05
 7.80000E+00 1.70668E-03 4.23279E-05
 8.00000E+00 2.62264E-03 5.15267E-05
 8.50000E+00 5.52194E-03 6.47557E-05
 9.00000E+00 1.11104E-02 8.50085E-05
 9.50000E+00 2.13447E-02 1.15289E-04
 1.00000E+01 3.89486E-02 1.58569E-04
 1.05000E+01 6.77663E-02 2.18912E-04
 1.10000E+01 1.12228E-01 2.98973E-04
 1.15000E+01 1.72429E-01 3.89758E-04
 1.20000E+01 2.62907E-01 5.15218E-04
 1.25000E+01 3.89966E-01 6.73971E-04
 1.30000E+01 5.83739E-01 9.02568E-04
 1.35000E+01 7.48468E-01 1.04831E-03
 1.40000E+01 1.08436E+00 1.39105E-03
 1.45000E+01 1.32055E+00 1.56701E-03
 1.50000E+01 1.72844E+00 1.91423E-03
 1.60000E+01 2.62444E+00 2.59161E-03
 1.70000E+01 3.90030E+00 3.52315E-03
 1.80000E+01 6.00165E+00 5.05223E-03
 1.90000E+01 1.07969E+01 8.57700E-03
 2.00000E+01 2.80662E+01 2.12235E-02
 2.10000E+01 3.61448E+01 2.61987E-02
 2.20000E+01 4.12459E+01 2.88296E-02
 2.30000E+01 2.55551E+01 1.73143E-02
 2.40000E+01 1.77260E+01 1.16898E-02
 2.50000E+01 1.67071E+01 1.07576E-02
 2.60000E+01 1.65031E+01 1.03999E-02
 2.70000E+01 1.66722E+01 1.03024E-02
 2.80000E+01 1.70290E+01 1.03367E-02
 2.90000E+01 1.74862E+01 1.04442E-02
 3.00000E+01 1.79961E+01 1.05946E-02
 3.20000E+01 1.87213E+01 1.07591E-02
 3.40000E+01 1.99281E+01 1.12367E-02
 3.60000E+01 2.10756E+01 1.16970E-02
 3.80000E+01 2.21524E+01 1.21301E-02
 4.00000E+01 2.31743E+01 1.25527E-02
 4.20000E+01 2.41525E+01 1.29770E-02
 4.40000E+01 2.50741E+01 1.33926E-02
 4.60000E+01 2.59410E+01 1.37944E-02
 4.80000E+01 2.68212E+01 1.42164E-02
 5.00000E+01 2.76804E+01 1.46418E-02
 5.20000E+01 2.85679E+01 1.50974E-02
 5.40000E+01 2.95011E+01 1.55912E-02
