# p + 181Ta Total alpha    production
# Q-value    = 8.86036E+00
# 
# # energies =   100
#    E         xs         Yield
 1.00000E-11 0.00000E+00 0.00000E+00
 2.53000E-08 0.00000E+00 0.00000E+00
 2.00000E-07 0.00000E+00 0.00000E+00
 1.00000E-06 0.00000E+00 0.00000E+00
 1.00000E-05 0.00000E+00 0.00000E+00
 1.00000E-04 0.00000E+00 0.00000E+00
 1.00000E-03 0.00000E+00 0.00000E+00
 2.00000E-03 0.00000E+00 0.00000E+00
 4.00000E-03 0.00000E+00 0.00000E+00
 7.00000E-03 0.00000E+00 0.00000E+00
 1.00000E-02 0.00000E+00 0.00000E+00
 2.00000E-02 0.00000E+00 0.00000E+00
 4.00000E-02 0.00000E+00 0.00000E+00
 7.00000E-02 0.00000E+00 0.00000E+00
 1.00000E-01 0.00000E+00 0.00000E+00
 2.00000E-01 0.00000E+00 0.00000E+00
 3.00000E-01 0.00000E+00 0.00000E+00
 4.00000E-01 0.00000E+00 0.00000E+00
 5.00000E-01 0.00000E+00 0.00000E+00
 6.00000E-01 0.00000E+00 0.00000E+00
 7.00000E-01 0.00000E+00 0.00000E+00
 8.00000E-01 0.00000E+00 0.00000E+00
 9.00000E-01 0.00000E+00 0.00000E+00
 1.00000E+00 0.00000E+00 0.00000E+00
 1.20000E+00 0.00000E+00 0.00000E+00
 1.40000E+00 0.00000E+00 0.00000E+00
 1.60000E+00 0.00000E+00 0.00000E+00
 1.80000E+00 0.00000E+00 0.00000E+00
 2.00000E+00 0.00000E+00 0.00000E+00
 2.20000E+00 0.00000E+00 0.00000E+00
 2.40000E+00 0.00000E+00 0.00000E+00
 2.60000E+00 0.00000E+00 0.00000E+00
 2.80000E+00 2.02971E-09 1.00333E-04
 3.00000E+00 2.65090E-09 3.40923E-05
 3.20000E+00 7.05765E-09 2.70312E-05
 3.40000E+00 1.18796E-08 1.51266E-05
 3.60000E+00 1.93430E-08 8.96515E-06
 3.80000E+00 3.75720E-08 6.83711E-06
 4.00000E+00 6.18967E-08 4.72014E-06
 4.20000E+00 1.31305E-07 4.44984E-06
 4.40000E+00 2.25472E-07 3.58907E-06
 4.60000E+00 1.95196E-07 1.54020E-06
 4.80000E+00 6.19478E-07 2.55474E-06
 5.00000E+00 1.00802E-06 2.28785E-06
 5.20000E+00 1.84212E-06 2.41836E-06
 5.40000E+00 3.11583E-06 2.48010E-06
 5.60000E+00 2.99273E-06 1.50891E-06
 5.80000E+00 7.58394E-06 2.52085E-06
 6.00000E+00 1.19485E-05 2.71402E-06
 6.20000E+00 1.90773E-05 3.05667E-06
 6.40000E+00 3.13500E-05 3.64259E-06
 6.60000E+00 3.15526E-05 2.72266E-06
 6.80000E+00 6.53239E-05 4.27219E-06
 7.00000E+00 9.84511E-05 4.96548E-06
 7.20000E+00 1.38461E-04 5.46639E-06
 7.40000E+00 2.17138E-04 6.79809E-06
 7.60000E+00 2.24732E-04 5.64461E-06
 7.80000E+00 3.97538E-04 8.09634E-06
 8.00000E+00 5.73289E-04 9.56288E-06
 8.50000E+00 1.26040E-03 1.33109E-05
 9.00000E+00 2.65917E-03 1.88452E-05
 9.50000E+00 5.44805E-03 2.73978E-05
 1.00000E+01 1.07409E-02 4.03670E-05
 1.05000E+01 2.01797E-02 5.93491E-05
 1.10000E+01 3.61388E-02 8.65427E-05
 1.15000E+01 6.15908E-02 1.24175E-04
 1.20000E+01 1.00615E-01 1.75554E-04
 1.25000E+01 1.55919E-01 2.40754E-04
 1.30000E+01 2.33559E-01 3.24912E-04
 1.35000E+01 3.34908E-01 4.25808E-04
 1.40000E+01 4.91591E-01 5.77891E-04
 1.45000E+01 6.44233E-01 7.06943E-04
 1.50000E+01 8.70434E-01 8.97656E-04
 1.60000E+01 1.44189E+00 1.34228E-03
 1.70000E+01 2.33618E+00 2.00170E-03
 1.80000E+01 3.93439E+00 3.14852E-03
 1.90000E+01 7.86960E+00 5.94951E-03
 2.00000E+01 2.26486E+01 1.63259E-02
 2.10000E+01 2.73333E+01 1.89276E-02
 2.20000E+01 3.18037E+01 2.12841E-02
 2.30000E+01 1.89789E+01 1.23332E-02
 2.40000E+01 1.37091E+01 8.68323E-03
 2.50000E+01 1.30975E+01 8.11085E-03
 2.60000E+01 1.30860E+01 7.94390E-03
 2.70000E+01 1.33549E+01 7.96530E-03
 2.80000E+01 1.37663E+01 8.08287E-03
 2.90000E+01 1.42566E+01 8.25405E-03
 3.00000E+01 1.47860E+01 8.45286E-03
 3.20000E+01 1.55806E+01 8.71190E-03
 3.40000E+01 1.67682E+01 9.20364E-03
 3.60000E+01 1.79169E+01 9.68532E-03
 3.80000E+01 1.90083E+01 1.01533E-02
 4.00000E+01 2.00451E+01 1.06084E-02
 4.20000E+01 2.10273E+01 1.10457E-02
 4.40000E+01 2.19577E+01 1.14673E-02
 4.60000E+01 2.28414E+01 1.18772E-02
 4.80000E+01 2.36941E+01 1.22860E-02
 5.00000E+01 2.45030E+01 1.26845E-02
 5.20000E+01 2.53112E+01 1.30937E-02
 5.40000E+01 2.61408E+01 1.35248E-02
