# p + 180Ta Total deuteron production
# Q-value    =-4.42292E+00
# 
# # energies =   100
#    E         xs         Yield
 1.00000E-11 0.00000E+00 0.00000E+00
 2.53000E-08 0.00000E+00 0.00000E+00
 2.00000E-07 0.00000E+00 0.00000E+00
 1.00000E-06 0.00000E+00 0.00000E+00
 1.00000E-05 0.00000E+00 0.00000E+00
 1.00000E-04 0.00000E+00 0.00000E+00
 1.00000E-03 0.00000E+00 0.00000E+00
 2.00000E-03 0.00000E+00 0.00000E+00
 4.00000E-03 0.00000E+00 0.00000E+00
 7.00000E-03 0.00000E+00 0.00000E+00
 1.00000E-02 0.00000E+00 0.00000E+00
 2.00000E-02 0.00000E+00 0.00000E+00
 4.00000E-02 0.00000E+00 0.00000E+00
 7.00000E-02 0.00000E+00 0.00000E+00
 1.00000E-01 0.00000E+00 0.00000E+00
 2.00000E-01 0.00000E+00 0.00000E+00
 3.00000E-01 0.00000E+00 0.00000E+00
 4.00000E-01 0.00000E+00 0.00000E+00
 5.00000E-01 0.00000E+00 0.00000E+00
 6.00000E-01 0.00000E+00 0.00000E+00
 7.00000E-01 0.00000E+00 0.00000E+00
 8.00000E-01 0.00000E+00 0.00000E+00
 9.00000E-01 0.00000E+00 0.00000E+00
 1.00000E+00 0.00000E+00 0.00000E+00
 1.20000E+00 0.00000E+00 0.00000E+00
 1.40000E+00 0.00000E+00 0.00000E+00
 1.60000E+00 0.00000E+00 0.00000E+00
 1.80000E+00 0.00000E+00 0.00000E+00
 2.00000E+00 0.00000E+00 0.00000E+00
 2.20000E+00 0.00000E+00 0.00000E+00
 2.40000E+00 0.00000E+00 0.00000E+00
 2.60000E+00 0.00000E+00 0.00000E+00
 2.80000E+00 0.00000E+00 0.00000E+00
 3.00000E+00 0.00000E+00 0.00000E+00
 3.20000E+00 0.00000E+00 0.00000E+00
 3.40000E+00 0.00000E+00 0.00000E+00
 3.60000E+00 0.00000E+00 0.00000E+00
 3.80000E+00 0.00000E+00 0.00000E+00
 4.00000E+00 0.00000E+00 0.00000E+00
 4.20000E+00 0.00000E+00 0.00000E+00
 4.40000E+00 0.00000E+00 0.00000E+00
 4.60000E+00 0.00000E+00 0.00000E+00
 4.80000E+00 0.00000E+00 0.00000E+00
 5.00000E+00 0.00000E+00 0.00000E+00
 5.20000E+00 1.46155E-42 4.06517E-42
 5.40000E+00 1.16409E-35 1.95414E-35
 5.60000E+00 4.36013E-31 4.55310E-31
 5.80000E+00 1.37326E-27 9.17275E-28
 6.00000E+00 8.59060E-25 3.76581E-25
 6.20000E+00 1.74261E-22 5.13384E-23
 6.40000E+00 1.55220E-20 3.14208E-21
 6.60000E+00 2.98430E-19 4.23786E-20
 6.80000E+00 9.04228E-18 9.18579E-19
 7.00000E+00 2.04512E-16 1.51413E-17
 7.20000E+00 3.22885E-15 1.77345E-16
 7.40000E+00 3.81263E-14 1.58037E-15
 7.60000E+00 3.53037E-13 1.12284E-14
 7.80000E+00 2.66100E-12 6.59963E-14
 8.00000E+00 1.68281E-11 3.30619E-13
 8.50000E+00 1.04304E-09 1.22318E-11
 9.00000E+00 1.83624E-08 1.40496E-10
 9.50000E+00 2.86599E-07 1.54801E-09
 1.00000E+01 2.51318E-06 1.02317E-08
 1.05000E+01 2.03983E-05 6.58948E-08
 1.10000E+01 1.25858E-04 3.35285E-07
 1.15000E+01 5.89742E-04 1.33305E-06
 1.20000E+01 2.44453E-03 4.79052E-06
 1.25000E+01 8.48249E-03 1.46601E-05
 1.30000E+01 2.51826E-02 3.89369E-05
 1.35000E+01 6.51360E-02 9.12299E-05
 1.40000E+01 1.48890E-01 1.91001E-04
 1.45000E+01 3.05652E-01 3.62697E-04
 1.50000E+01 5.69318E-01 6.30514E-04
 1.60000E+01 1.54080E+00 1.52152E-03
 1.70000E+01 3.19815E+00 2.88889E-03
 1.80000E+01 5.47444E+00 4.60843E-03
 1.90000E+01 8.20153E+00 6.51526E-03
 2.00000E+01 1.12202E+01 8.48467E-03
 2.10000E+01 1.44053E+01 1.04414E-02
 2.20000E+01 1.76718E+01 1.23520E-02
 2.30000E+01 2.09507E+01 1.41947E-02
 2.40000E+01 2.41952E+01 1.59560E-02
 2.50000E+01 2.73169E+01 1.75893E-02
 2.60000E+01 3.15212E+01 1.98640E-02
 2.70000E+01 3.45298E+01 2.13373E-02
 2.80000E+01 3.74352E+01 2.27234E-02
 2.90000E+01 4.02369E+01 2.40328E-02
 3.00000E+01 4.29353E+01 2.52767E-02
 3.20000E+01 4.80345E+01 2.76054E-02
 3.40000E+01 5.27753E+01 2.97581E-02
 3.60000E+01 5.72090E+01 3.17510E-02
 3.80000E+01 6.13720E+01 3.36056E-02
 4.00000E+01 6.52873E+01 3.53639E-02
 4.20000E+01 6.89477E+01 3.70451E-02
 4.40000E+01 7.24198E+01 3.86808E-02
 4.60000E+01 7.82227E+01 4.15957E-02
 4.80000E+01 8.11987E+01 4.30388E-02
 5.00000E+01 8.39929E+01 4.44287E-02
 5.20000E+01 8.65874E+01 4.57592E-02
 5.40000E+01 8.90542E+01 4.70649E-02
