# p + 181Ta Total deuteron production
# Q-value    =-5.35218E+00
# 
# # energies =   100
#    E         xs         Yield
 1.00000E-11 0.00000E+00 0.00000E+00
 2.53000E-08 0.00000E+00 0.00000E+00
 2.00000E-07 0.00000E+00 0.00000E+00
 1.00000E-06 0.00000E+00 0.00000E+00
 1.00000E-05 0.00000E+00 0.00000E+00
 1.00000E-04 0.00000E+00 0.00000E+00
 1.00000E-03 0.00000E+00 0.00000E+00
 2.00000E-03 0.00000E+00 0.00000E+00
 4.00000E-03 0.00000E+00 0.00000E+00
 7.00000E-03 0.00000E+00 0.00000E+00
 1.00000E-02 0.00000E+00 0.00000E+00
 2.00000E-02 0.00000E+00 0.00000E+00
 4.00000E-02 0.00000E+00 0.00000E+00
 7.00000E-02 0.00000E+00 0.00000E+00
 1.00000E-01 0.00000E+00 0.00000E+00
 2.00000E-01 0.00000E+00 0.00000E+00
 3.00000E-01 0.00000E+00 0.00000E+00
 4.00000E-01 0.00000E+00 0.00000E+00
 5.00000E-01 0.00000E+00 0.00000E+00
 6.00000E-01 0.00000E+00 0.00000E+00
 7.00000E-01 0.00000E+00 0.00000E+00
 8.00000E-01 0.00000E+00 0.00000E+00
 9.00000E-01 0.00000E+00 0.00000E+00
 1.00000E+00 0.00000E+00 0.00000E+00
 1.20000E+00 0.00000E+00 0.00000E+00
 1.40000E+00 0.00000E+00 0.00000E+00
 1.60000E+00 0.00000E+00 0.00000E+00
 1.80000E+00 0.00000E+00 0.00000E+00
 2.00000E+00 0.00000E+00 0.00000E+00
 2.20000E+00 0.00000E+00 0.00000E+00
 2.40000E+00 0.00000E+00 0.00000E+00
 2.60000E+00 0.00000E+00 0.00000E+00
 2.80000E+00 0.00000E+00 0.00000E+00
 3.00000E+00 0.00000E+00 0.00000E+00
 3.20000E+00 0.00000E+00 0.00000E+00
 3.40000E+00 0.00000E+00 0.00000E+00
 3.60000E+00 0.00000E+00 0.00000E+00
 3.80000E+00 0.00000E+00 0.00000E+00
 4.00000E+00 0.00000E+00 0.00000E+00
 4.20000E+00 0.00000E+00 0.00000E+00
 4.40000E+00 0.00000E+00 0.00000E+00
 4.60000E+00 0.00000E+00 0.00000E+00
 4.80000E+00 0.00000E+00 0.00000E+00
 5.00000E+00 0.00000E+00 0.00000E+00
 5.20000E+00 0.00000E+00 0.00000E+00
 5.40000E+00 0.00000E+00 0.00000E+00
 5.60000E+00 0.00000E+00 0.00000E+00
 5.80000E+00 0.00000E+00 0.00000E+00
 6.00000E+00 0.00000E+00 0.00000E+00
 6.20000E+00 4.53740E-42 7.27274E-43
 6.40000E+00 5.18940E-34 6.02963E-35
 6.60000E+00 7.88341E-29 6.80255E-30
 6.80000E+00 4.71884E-25 3.08613E-26
 7.00000E+00 4.43550E-22 2.23709E-23
 7.20000E+00 9.89677E-20 3.90721E-21
 7.40000E+00 8.60656E-18 2.69452E-19
 7.60000E+00 6.10144E-16 1.53250E-17
 7.80000E+00 1.68529E-14 3.43230E-16
 8.00000E+00 2.70398E-13 4.51044E-15
 8.50000E+00 2.29020E-11 2.41866E-13
 9.00000E+00 5.26803E-09 3.73339E-11
 9.50000E+00 7.25418E-08 3.64806E-10
 1.00000E+01 3.66978E-07 1.37919E-09
 1.05000E+01 5.85337E-06 1.72150E-08
 1.10000E+01 5.20037E-05 1.24535E-07
 1.15000E+01 3.27124E-04 6.59525E-07
 1.20000E+01 1.57131E-03 2.74163E-06
 1.25000E+01 6.05517E-03 9.34974E-06
 1.30000E+01 1.94113E-02 2.70037E-05
 1.35000E+01 5.32034E-02 6.76437E-05
 1.40000E+01 1.27357E-01 1.49715E-04
 1.45000E+01 2.70858E-01 2.97223E-04
 1.50000E+01 5.19204E-01 5.35442E-04
 1.60000E+01 1.46395E+00 1.36282E-03
 1.70000E+01 3.18349E+00 2.72770E-03
 1.80000E+01 5.49233E+00 4.39527E-03
 1.90000E+01 8.25607E+00 6.24169E-03
 2.00000E+01 1.13133E+01 8.15499E-03
 2.10000E+01 1.45397E+01 1.00684E-02
 2.20000E+01 1.78466E+01 1.19435E-02
 2.30000E+01 2.13100E+01 1.38481E-02
 2.40000E+01 2.46019E+01 1.55826E-02
 2.50000E+01 2.78267E+01 1.72322E-02
 2.60000E+01 3.10928E+01 1.88750E-02
 2.70000E+01 3.40601E+01 2.03146E-02
 2.80000E+01 3.69537E+01 2.16973E-02
 2.90000E+01 3.97457E+01 2.30114E-02
 3.00000E+01 4.24373E+01 2.42606E-02
 3.20000E+01 4.75372E+01 2.65804E-02
 3.40000E+01 5.22950E+01 2.87034E-02
 3.60000E+01 5.67497E+01 3.06772E-02
 3.80000E+01 6.09277E+01 3.25444E-02
 4.00000E+01 6.48586E+01 3.43249E-02
 4.20000E+01 6.85642E+01 3.60171E-02
 4.40000E+01 7.20667E+01 3.76365E-02
 4.60000E+01 7.46971E+01 3.88414E-02
 4.80000E+01 7.75645E+01 4.02191E-02
 5.00000E+01 8.05887E+01 4.17184E-02
 5.20000E+01 8.34573E+01 4.31732E-02
 5.40000E+01 8.61896E+01 4.45929E-02
