# p + 180Ta Elastic cross sections
# 
# 
# # energies =   100
#    E      Cross section
 1.00000E-11 0.00000E+00
 2.53000E-08 0.00000E+00
 2.00000E-07 0.00000E+00
 1.00000E-06 0.00000E+00
 1.00000E-05 0.00000E+00
 1.00000E-04 0.00000E+00
 1.00000E-03 0.00000E+00
 2.00000E-03 0.00000E+00
 4.00000E-03 0.00000E+00
 7.00000E-03 0.00000E+00
 1.00000E-02 0.00000E+00
 2.00000E-02 0.00000E+00
 4.00000E-02 0.00000E+00
 7.00000E-02 0.00000E+00
 1.00000E-01 0.00000E+00
 2.00000E-01 0.00000E+00
 3.00000E-01 0.00000E+00
 4.00000E-01 0.00000E+00
 5.00000E-01 0.00000E+00
 6.00000E-01 0.00000E+00
 7.00000E-01 0.00000E+00
 8.00000E-01 0.00000E+00
 9.00000E-01 0.00000E+00
 1.00000E+00 0.00000E+00
 1.20000E+00 0.00000E+00
 1.40000E+00 0.00000E+00
 1.60000E+00 0.00000E+00
 1.80000E+00 0.00000E+00
 2.00000E+00 0.00000E+00
 2.20000E+00 0.00000E+00
 2.40000E+00 0.00000E+00
 2.60000E+00 0.00000E+00
 2.80000E+00 1.00000E-07
 3.00000E+00 1.00000E-07
 3.20000E+00 1.00001E-07
 3.40000E+00 1.00004E-07
 3.60000E+00 1.00022E-07
 3.80000E+00 1.00097E-07
 4.00000E+00 1.00371E-07
 4.20000E+00 1.01244E-07
 4.40000E+00 1.03716E-07
 4.60000E+00 1.10009E-07
 4.80000E+00 1.24593E-07
 5.00000E+00 1.55615E-07
 5.20000E+00 2.16653E-07
 5.40000E+00 3.28608E-07
 5.60000E+00 5.20699E-07
 5.80000E+00 5.56671E-07
 6.00000E+00 8.52775E-07
 6.20000E+00 1.28055E-06
 6.40000E+00 1.87208E-06
 6.60000E+00 2.64929E-06
 6.80000E+00 3.63133E-06
 7.00000E+00 4.82024E-06
 7.20000E+00 6.19620E-06
 7.40000E+00 7.73335E-06
 7.60000E+00 9.35267E-06
 7.80000E+00 1.09788E-05
 8.00000E+00 1.25088E-05
 8.50000E+00 1.52325E-05
 9.00000E+00 1.55510E-05
 9.50000E+00 1.35759E-05
 1.00000E+01 1.04350E-05
 1.05000E+01 7.30024E-06
 1.10000E+01 4.79521E-06
 1.15000E+01 3.03632E-06
 1.20000E+01 1.89204E-06
 1.25000E+01 1.17911E-06
 1.30000E+01 7.44801E-07
 1.35000E+01 4.83412E-07
 1.40000E+01 3.27102E-07
 1.45000E+01 2.34159E-07
 1.50000E+01 1.79076E-07
 1.60000E+01 1.27380E-07
 1.70000E+01 1.09471E-07
 1.80000E+01 1.03289E-07
 1.90000E+01 1.01152E-07
 2.00000E+01 1.00405E-07
 2.10000E+01 1.00147E-07
 2.20000E+01 1.00054E-07
 2.30000E+01 1.00021E-07
 2.40000E+01 1.00008E-07
 2.50000E+01 1.00003E-07
 2.60000E+01 1.00001E-07
 2.70000E+01 1.00001E-07
 2.80000E+01 1.00000E-07
 2.90000E+01 1.00000E-07
 3.00000E+01 1.00000E-07
 3.20000E+01 1.00000E-07
 3.40000E+01 1.00000E-07
 3.60000E+01 1.00000E-07
 3.80000E+01 1.00000E-07
 4.00000E+01 1.00000E-07
 4.20000E+01 1.00000E-07
 4.40000E+01 1.00000E-07
 4.60000E+01 1.00000E-07
 4.80000E+01 1.00000E-07
 5.00000E+01 1.00000E-07
 5.20000E+01 1.00000E-07
 5.40000E+01 1.00000E-07
