# p + 181Ta Elastic cross sections
# 
# 
# # energies =   100
#    E      Cross section
 1.00000E-11 0.00000E+00
 2.53000E-08 0.00000E+00
 2.00000E-07 0.00000E+00
 1.00000E-06 0.00000E+00
 1.00000E-05 0.00000E+00
 1.00000E-04 0.00000E+00
 1.00000E-03 0.00000E+00
 2.00000E-03 0.00000E+00
 4.00000E-03 0.00000E+00
 7.00000E-03 0.00000E+00
 1.00000E-02 0.00000E+00
 2.00000E-02 0.00000E+00
 4.00000E-02 0.00000E+00
 7.00000E-02 0.00000E+00
 1.00000E-01 0.00000E+00
 2.00000E-01 0.00000E+00
 3.00000E-01 0.00000E+00
 4.00000E-01 0.00000E+00
 5.00000E-01 0.00000E+00
 6.00000E-01 0.00000E+00
 7.00000E-01 0.00000E+00
 8.00000E-01 0.00000E+00
 9.00000E-01 0.00000E+00
 1.00000E+00 0.00000E+00
 1.20000E+00 0.00000E+00
 1.40000E+00 0.00000E+00
 1.60000E+00 0.00000E+00
 1.80000E+00 0.00000E+00
 2.00000E+00 0.00000E+00
 2.20000E+00 0.00000E+00
 2.40000E+00 0.00000E+00
 2.60000E+00 0.00000E+00
 2.80000E+00 1.00000E-07
 3.00000E+00 1.00000E-07
 3.20000E+00 1.00001E-07
 3.40000E+00 1.00006E-07
 3.60000E+00 1.00031E-07
 3.80000E+00 1.00138E-07
 4.00000E+00 1.00519E-07
 4.20000E+00 1.01708E-07
 4.40000E+00 1.04987E-07
 4.60000E+00 1.13090E-07
 4.80000E+00 1.31215E-07
 5.00000E+00 1.68278E-07
 5.20000E+00 2.38192E-07
 5.40000E+00 3.60653E-07
 5.60000E+00 5.61151E-07
 5.80000E+00 8.69202E-07
 6.00000E+00 8.95975E-07
 6.20000E+00 1.30319E-06
 6.40000E+00 1.83952E-06
 6.60000E+00 2.51180E-06
 6.80000E+00 3.31654E-06
 7.00000E+00 4.24236E-06
 7.20000E+00 5.26298E-06
 7.40000E+00 6.34876E-06
 7.60000E+00 7.45573E-06
 7.80000E+00 8.53756E-06
 8.00000E+00 9.54911E-06
 8.50000E+00 1.14563E-05
 9.00000E+00 1.20958E-05
 9.50000E+00 1.14062E-05
 1.00000E+01 9.76206E-06
 1.05000E+01 7.71266E-06
 1.10000E+01 5.71401E-06
 1.15000E+01 4.02622E-06
 1.20000E+01 2.73374E-06
 1.25000E+01 1.81154E-06
 1.30000E+01 1.18656E-06
 1.35000E+01 7.78316E-07
 1.40000E+01 5.18574E-07
 1.45000E+01 3.56290E-07
 1.50000E+01 2.56388E-07
 1.60000E+01 1.57569E-07
 1.70000E+01 1.21188E-07
 1.80000E+01 1.07841E-07
 1.90000E+01 1.02922E-07
 2.00000E+01 1.01090E-07
 2.10000E+01 1.00416E-07
 2.20000E+01 1.00161E-07
 2.30000E+01 1.00064E-07
 2.40000E+01 1.00026E-07
 2.50000E+01 1.00010E-07
 2.60000E+01 1.00004E-07
 2.70000E+01 1.00002E-07
 2.80000E+01 1.00001E-07
 2.90000E+01 1.00000E-07
 3.00000E+01 1.00000E-07
 3.20000E+01 1.00000E-07
 3.40000E+01 1.00000E-07
 3.60000E+01 1.00000E-07
 3.80000E+01 1.00000E-07
 4.00000E+01 1.00000E-07
 4.20000E+01 1.00000E-07
 4.40000E+01 1.00000E-07
 4.60000E+01 1.00000E-07
 4.80000E+01 1.00000E-07
 5.00000E+01 1.00000E-07
 5.20000E+01 1.00000E-07
 5.40000E+01 1.00000E-07
