# p + 181Ta Total gamma    production
# Q-value    = 7.09605E+00
# 
# # energies =   100
#    E         xs         Yield
 1.00000E-11 0.00000E+00 0.00000E+00
 2.53000E-08 0.00000E+00 0.00000E+00
 2.00000E-07 0.00000E+00 0.00000E+00
 1.00000E-06 0.00000E+00 0.00000E+00
 1.00000E-05 0.00000E+00 0.00000E+00
 1.00000E-04 0.00000E+00 0.00000E+00
 1.00000E-03 0.00000E+00 0.00000E+00
 2.00000E-03 0.00000E+00 0.00000E+00
 4.00000E-03 0.00000E+00 0.00000E+00
 7.00000E-03 0.00000E+00 0.00000E+00
 1.00000E-02 0.00000E+00 0.00000E+00
 2.00000E-02 0.00000E+00 0.00000E+00
 4.00000E-02 0.00000E+00 0.00000E+00
 7.00000E-02 0.00000E+00 0.00000E+00
 1.00000E-01 0.00000E+00 0.00000E+00
 2.00000E-01 0.00000E+00 0.00000E+00
 3.00000E-01 0.00000E+00 0.00000E+00
 4.00000E-01 0.00000E+00 0.00000E+00
 5.00000E-01 0.00000E+00 0.00000E+00
 6.00000E-01 0.00000E+00 0.00000E+00
 7.00000E-01 0.00000E+00 0.00000E+00
 8.00000E-01 0.00000E+00 0.00000E+00
 9.00000E-01 0.00000E+00 0.00000E+00
 1.00000E+00 0.00000E+00 0.00000E+00
 1.20000E+00 0.00000E+00 0.00000E+00
 1.40000E+00 0.00000E+00 0.00000E+00
 1.60000E+00 0.00000E+00 0.00000E+00
 1.80000E+00 0.00000E+00 0.00000E+00
 2.00000E+00 0.00000E+00 0.00000E+00
 2.20000E+00 0.00000E+00 0.00000E+00
 2.40000E+00 0.00000E+00 0.00000E+00
 2.60000E+00 0.00000E+00 0.00000E+00
 2.80000E+00 1.47129E-06 7.27288E-02
 3.00000E+00 7.68663E-06 9.88548E-02
 3.20000E+00 2.66573E-05 1.02099E-01
 3.40000E+00 7.65121E-05 9.74243E-02
 3.60000E+00 3.00602E-03 1.39324E+00
 3.80000E+00 7.72211E-03 1.40522E+00
 4.00000E+00 2.05662E-02 1.56834E+00
 4.20000E+00 4.50807E-02 1.52775E+00
 4.40000E+00 9.30822E-02 1.48168E+00
 4.60000E+00 1.82278E-01 1.43827E+00
 4.80000E+00 3.40446E-01 1.40401E+00
 5.00000E+00 6.09670E-01 1.38373E+00
 5.20000E+00 1.05060E+00 1.37924E+00
 5.40000E+00 1.74845E+00 1.39171E+00
 5.60000E+00 2.81938E+00 1.42151E+00
 5.80000E+00 4.41560E+00 1.46772E+00
 6.00000E+00 6.73707E+00 1.53028E+00
 6.20000E+00 1.00296E+01 1.60700E+00
 6.40000E+00 1.46048E+01 1.69695E+00
 6.60000E+00 2.08380E+01 1.79810E+00
 6.80000E+00 2.91646E+01 1.90737E+00
 7.00000E+00 4.01048E+01 2.02273E+00
 7.20000E+00 5.42266E+01 2.14085E+00
 7.40000E+00 7.21572E+01 2.25908E+00
 7.60000E+00 9.45682E+01 2.37528E+00
 7.80000E+00 1.22027E+02 2.48524E+00
 8.00000E+00 1.51615E+02 2.52906E+00
 8.50000E+00 2.16251E+02 2.28380E+00
 9.00000E+00 2.55498E+02 1.81068E+00
 9.50000E+00 2.85146E+02 1.43398E+00
 1.00000E+01 3.32838E+02 1.25089E+00
 1.05000E+01 4.16055E+02 1.22363E+00
 1.10000E+01 5.26230E+02 1.26018E+00
 1.15000E+01 6.60785E+02 1.33223E+00
 1.20000E+01 8.18396E+02 1.42794E+00
 1.25000E+01 9.98462E+02 1.54172E+00
 1.30000E+01 1.20227E+03 1.67252E+00
 1.35000E+01 1.42712E+03 1.81446E+00
 1.40000E+01 1.66950E+03 1.96259E+00
 1.45000E+01 1.92797E+03 2.11564E+00
 1.50000E+01 2.20073E+03 2.26956E+00
 1.60000E+01 2.77390E+03 2.58227E+00
 1.70000E+01 3.28750E+03 2.81681E+00
 1.80000E+01 3.36715E+03 2.69458E+00
 1.90000E+01 3.29517E+03 2.49119E+00
 2.00000E+01 3.35606E+03 2.41916E+00
 2.10000E+01 3.57158E+03 2.47322E+00
 2.20000E+01 3.89700E+03 2.60800E+00
 2.30000E+01 4.18960E+03 2.72257E+00
 2.40000E+01 4.62793E+03 2.93129E+00
 2.50000E+01 5.00958E+03 3.10227E+00
 2.60000E+01 5.26177E+03 3.19418E+00
 2.70000E+01 5.35808E+03 3.19574E+00
 2.80000E+01 5.35995E+03 3.14708E+00
 2.90000E+01 5.34944E+03 3.09714E+00
 3.00000E+01 5.32554E+03 3.04450E+00
 3.20000E+01 5.52576E+03 3.08973E+00
 3.40000E+01 5.90533E+03 3.24128E+00
 3.60000E+01 6.27506E+03 3.39211E+00
 3.80000E+01 6.41863E+03 3.42850E+00
 4.00000E+01 6.34601E+03 3.35848E+00
 4.20000E+01 6.34181E+03 3.33138E+00
 4.40000E+01 6.41346E+03 3.34940E+00
 4.60000E+01 6.39263E+03 3.32407E+00
 4.80000E+01 6.33166E+03 3.28312E+00
 5.00000E+01 6.30868E+03 3.26582E+00
 5.20000E+01 6.18982E+03 3.20205E+00
 5.40000E+01 6.12547E+03 3.16921E+00
