# p + 180Ta Total gamma    production
# Q-value    = 6.58928E+00
# 
# # energies =   100
#    E         xs         Yield
 1.00000E-11 0.00000E+00 0.00000E+00
 2.53000E-08 0.00000E+00 0.00000E+00
 2.00000E-07 0.00000E+00 0.00000E+00
 1.00000E-06 0.00000E+00 0.00000E+00
 1.00000E-05 0.00000E+00 0.00000E+00
 1.00000E-04 0.00000E+00 0.00000E+00
 1.00000E-03 0.00000E+00 0.00000E+00
 2.00000E-03 0.00000E+00 0.00000E+00
 4.00000E-03 0.00000E+00 0.00000E+00
 7.00000E-03 0.00000E+00 0.00000E+00
 1.00000E-02 0.00000E+00 0.00000E+00
 2.00000E-02 0.00000E+00 0.00000E+00
 4.00000E-02 0.00000E+00 0.00000E+00
 7.00000E-02 0.00000E+00 0.00000E+00
 1.00000E-01 0.00000E+00 0.00000E+00
 2.00000E-01 0.00000E+00 0.00000E+00
 3.00000E-01 0.00000E+00 0.00000E+00
 4.00000E-01 0.00000E+00 0.00000E+00
 5.00000E-01 0.00000E+00 0.00000E+00
 6.00000E-01 0.00000E+00 0.00000E+00
 7.00000E-01 0.00000E+00 0.00000E+00
 8.00000E-01 0.00000E+00 0.00000E+00
 9.00000E-01 0.00000E+00 0.00000E+00
 1.00000E+00 0.00000E+00 0.00000E+00
 1.20000E+00 0.00000E+00 0.00000E+00
 1.40000E+00 0.00000E+00 0.00000E+00
 1.60000E+00 0.00000E+00 0.00000E+00
 1.80000E+00 0.00000E+00 0.00000E+00
 2.00000E+00 0.00000E+00 0.00000E+00
 2.20000E+00 0.00000E+00 0.00000E+00
 2.40000E+00 0.00000E+00 0.00000E+00
 2.60000E+00 0.00000E+00 0.00000E+00
 2.80000E+00 8.48871E-07 6.51224E-02
 3.00000E+00 3.45357E-06 6.94679E-02
 3.20000E+00 1.12814E-05 6.82697E-02
 3.40000E+00 3.26112E-05 6.65507E-02
 3.60000E+00 1.48076E-03 1.12315E+00
 3.80000E+00 3.85745E-03 1.18276E+00
 4.00000E+00 9.33689E-03 1.24517E+00
 4.20000E+00 2.11878E-02 1.31056E+00
 4.40000E+00 4.76162E-02 1.44591E+00
 4.60000E+00 9.62541E-02 1.50930E+00
 4.80000E+00 1.85920E-01 1.57494E+00
 5.00000E+00 3.44093E-01 1.63999E+00
 5.20000E+00 6.13224E-01 1.70589E+00
 5.40000E+00 1.05531E+00 1.77153E+00
 5.60000E+00 1.75923E+00 1.83709E+00
 5.80000E+00 2.84735E+00 1.90190E+00
 6.00000E+00 4.48523E+00 1.96616E+00
 6.20000E+00 6.89385E+00 2.03098E+00
 6.40000E+00 1.03594E+01 2.09702E+00
 6.60000E+00 1.52272E+01 2.16235E+00
 6.80000E+00 2.19316E+01 2.22797E+00
 7.00000E+00 3.09804E+01 2.29367E+00
 7.20000E+00 4.29476E+01 2.35890E+00
 7.40000E+00 5.85066E+01 2.42516E+00
 7.60000E+00 7.83121E+01 2.49074E+00
 7.80000E+00 1.03064E+02 2.55612E+00
 8.00000E+00 1.33423E+02 2.62135E+00
 8.50000E+00 2.37308E+02 2.78291E+00
 9.00000E+00 3.52643E+02 2.69817E+00
 9.50000E+00 3.97544E+02 2.14725E+00
 1.00000E+01 4.25903E+02 1.73395E+00
 1.05000E+01 4.86952E+02 1.57305E+00
 1.10000E+01 5.85695E+02 1.56029E+00
 1.15000E+01 7.16655E+02 1.61993E+00
 1.20000E+01 8.77939E+02 1.72049E+00
 1.25000E+01 1.06366E+03 1.83830E+00
 1.30000E+01 1.27562E+03 1.97234E+00
 1.35000E+01 1.51100E+03 2.11631E+00
 1.40000E+01 1.76460E+03 2.26367E+00
 1.45000E+01 2.02425E+03 2.40204E+00
 1.50000E+01 2.30260E+03 2.55011E+00
 1.60000E+01 2.87180E+03 2.83587E+00
 1.70000E+01 3.17339E+03 2.86653E+00
 1.80000E+01 3.09618E+03 2.60639E+00
 1.90000E+01 2.97952E+03 2.36692E+00
 2.00000E+01 2.98485E+03 2.25713E+00
 2.10000E+01 3.11945E+03 2.26106E+00
 2.20000E+01 3.34878E+03 2.34069E+00
 2.30000E+01 3.68888E+03 2.49933E+00
 2.40000E+01 4.08305E+03 2.69265E+00
 2.50000E+01 4.51645E+03 2.90814E+00
 2.60000E+01 4.86688E+03 3.06701E+00
 2.70000E+01 5.07388E+03 3.13535E+00
 2.80000E+01 5.15996E+03 3.13213E+00
 2.90000E+01 5.19877E+03 3.10513E+00
 3.00000E+01 5.23048E+03 3.07927E+00
 3.20000E+01 5.39339E+03 3.09958E+00
 3.40000E+01 5.72031E+03 3.22547E+00
 3.60000E+01 5.97638E+03 3.31690E+00
 3.80000E+01 6.01652E+03 3.29448E+00
 4.00000E+01 6.01473E+03 3.25797E+00
 4.20000E+01 6.00992E+03 3.22909E+00
 4.40000E+01 6.17332E+03 3.29729E+00
 4.60000E+01 6.29822E+03 3.34914E+00
 4.80000E+01 6.34282E+03 3.36197E+00
 5.00000E+01 6.26789E+03 3.31545E+00
 5.20000E+01 6.15587E+03 3.25322E+00
 5.40000E+01 6.04277E+03 3.19358E+00
