# p + 180Ta Total helium-3 production
# Q-value    =-4.14050E+00
# 
# # energies =   100
#    E         xs         Yield
 1.00000E-11 0.00000E+00 0.00000E+00
 2.53000E-08 0.00000E+00 0.00000E+00
 2.00000E-07 0.00000E+00 0.00000E+00
 1.00000E-06 0.00000E+00 0.00000E+00
 1.00000E-05 0.00000E+00 0.00000E+00
 1.00000E-04 0.00000E+00 0.00000E+00
 1.00000E-03 0.00000E+00 0.00000E+00
 2.00000E-03 0.00000E+00 0.00000E+00
 4.00000E-03 0.00000E+00 0.00000E+00
 7.00000E-03 0.00000E+00 0.00000E+00
 1.00000E-02 0.00000E+00 0.00000E+00
 2.00000E-02 0.00000E+00 0.00000E+00
 4.00000E-02 0.00000E+00 0.00000E+00
 7.00000E-02 0.00000E+00 0.00000E+00
 1.00000E-01 0.00000E+00 0.00000E+00
 2.00000E-01 0.00000E+00 0.00000E+00
 3.00000E-01 0.00000E+00 0.00000E+00
 4.00000E-01 0.00000E+00 0.00000E+00
 5.00000E-01 0.00000E+00 0.00000E+00
 6.00000E-01 0.00000E+00 0.00000E+00
 7.00000E-01 0.00000E+00 0.00000E+00
 8.00000E-01 0.00000E+00 0.00000E+00
 9.00000E-01 0.00000E+00 0.00000E+00
 1.00000E+00 0.00000E+00 0.00000E+00
 1.20000E+00 0.00000E+00 0.00000E+00
 1.40000E+00 0.00000E+00 0.00000E+00
 1.60000E+00 0.00000E+00 0.00000E+00
 1.80000E+00 0.00000E+00 0.00000E+00
 2.00000E+00 0.00000E+00 0.00000E+00
 2.20000E+00 0.00000E+00 0.00000E+00
 2.40000E+00 0.00000E+00 0.00000E+00
 2.60000E+00 0.00000E+00 0.00000E+00
 2.80000E+00 0.00000E+00 0.00000E+00
 3.00000E+00 0.00000E+00 0.00000E+00
 3.20000E+00 0.00000E+00 0.00000E+00
 3.40000E+00 0.00000E+00 0.00000E+00
 3.60000E+00 0.00000E+00 0.00000E+00
 3.80000E+00 0.00000E+00 0.00000E+00
 4.00000E+00 0.00000E+00 0.00000E+00
 4.20000E+00 0.00000E+00 0.00000E+00
 4.40000E+00 0.00000E+00 0.00000E+00
 4.60000E+00 0.00000E+00 0.00000E+00
 4.80000E+00 0.00000E+00 0.00000E+00
 5.00000E+00 0.00000E+00 0.00000E+00
 5.20000E+00 0.00000E+00 0.00000E+00
 5.40000E+00 0.00000E+00 0.00000E+00
 5.60000E+00 0.00000E+00 0.00000E+00
 5.80000E+00 0.00000E+00 0.00000E+00
 6.00000E+00 0.00000E+00 0.00000E+00
 6.20000E+00 0.00000E+00 0.00000E+00
 6.40000E+00 0.00000E+00 0.00000E+00
 6.60000E+00 3.82554E-43 5.46506E-44
 6.80000E+00 1.32745E-39 1.34851E-40
 7.00000E+00 3.11817E-37 2.30858E-38
 7.20000E+00 4.03921E-35 2.21854E-36
 7.40000E+00 3.26765E-33 1.35447E-34
 7.60000E+00 1.76900E-31 5.62636E-33
 7.80000E+00 6.76467E-30 1.67773E-31
 8.00000E+00 1.90730E-28 3.74726E-30
 8.50000E+00 4.12605E-26 4.83861E-28
 9.00000E+00 2.25610E-23 1.72621E-25
 9.50000E+00 4.18672E-21 2.26137E-23
 1.00000E+01 3.26688E-19 1.33002E-21
 1.05000E+01 1.30209E-17 4.20629E-20
 1.10000E+01 3.06228E-16 8.15787E-19
 1.15000E+01 4.73545E-15 1.07040E-17
 1.20000E+01 5.22434E-14 1.02381E-16
 1.25000E+01 4.37660E-13 7.56400E-16
 1.30000E+01 2.92470E-12 4.52212E-15
 1.35000E+01 1.62794E-11 2.28010E-14
 1.40000E+01 7.81174E-11 1.00211E-13
 1.45000E+01 3.35901E-10 3.98592E-13
 1.50000E+01 1.33738E-09 1.48113E-12
 1.60000E+01 1.81985E-08 1.79708E-11
 1.70000E+01 2.04573E-07 1.84791E-10
 1.80000E+01 1.82299E-06 1.53461E-09
 1.90000E+01 1.27615E-05 1.01377E-08
 2.00000E+01 1.20768E-04 9.13245E-08
 2.10000E+01 5.33012E-04 3.86341E-07
 2.20000E+01 2.01448E-03 1.40806E-06
 2.30000E+01 6.62828E-03 4.49086E-06
 2.40000E+01 1.91255E-02 1.26127E-05
 2.50000E+01 4.83100E-02 3.11067E-05
 2.60000E+01 1.06482E-01 6.71026E-05
 2.70000E+01 2.10291E-01 1.29947E-04
 2.80000E+01 3.58491E-01 2.17606E-04
 2.90000E+01 5.60751E-01 3.34927E-04
 3.00000E+01 8.15726E-01 4.80231E-04
 3.20000E+01 1.47072E+00 8.45223E-04
 3.40000E+01 2.28363E+00 1.28766E-03
 3.60000E+01 3.20666E+00 1.77970E-03
 3.80000E+01 4.19685E+00 2.29808E-03
 4.00000E+01 5.22073E+00 2.82789E-03
 4.20000E+01 6.25440E+00 3.36045E-03
 4.40000E+01 7.28213E+00 3.88953E-03
 4.60000E+01 8.29409E+00 4.41046E-03
 4.80000E+01 9.42107E+00 4.99357E-03
 5.00000E+01 1.03705E+01 5.48555E-03
 5.20000E+01 1.12830E+01 5.96278E-03
 5.40000E+01 1.21522E+01 6.42241E-03
