# p + 181Ta Total helium-3 production
# Q-value    =-5.61826E+00
# 
# # energies =   100
#    E         xs         Yield
 1.00000E-11 0.00000E+00 0.00000E+00
 2.53000E-08 0.00000E+00 0.00000E+00
 2.00000E-07 0.00000E+00 0.00000E+00
 1.00000E-06 0.00000E+00 0.00000E+00
 1.00000E-05 0.00000E+00 0.00000E+00
 1.00000E-04 0.00000E+00 0.00000E+00
 1.00000E-03 0.00000E+00 0.00000E+00
 2.00000E-03 0.00000E+00 0.00000E+00
 4.00000E-03 0.00000E+00 0.00000E+00
 7.00000E-03 0.00000E+00 0.00000E+00
 1.00000E-02 0.00000E+00 0.00000E+00
 2.00000E-02 0.00000E+00 0.00000E+00
 4.00000E-02 0.00000E+00 0.00000E+00
 7.00000E-02 0.00000E+00 0.00000E+00
 1.00000E-01 0.00000E+00 0.00000E+00
 2.00000E-01 0.00000E+00 0.00000E+00
 3.00000E-01 0.00000E+00 0.00000E+00
 4.00000E-01 0.00000E+00 0.00000E+00
 5.00000E-01 0.00000E+00 0.00000E+00
 6.00000E-01 0.00000E+00 0.00000E+00
 7.00000E-01 0.00000E+00 0.00000E+00
 8.00000E-01 0.00000E+00 0.00000E+00
 9.00000E-01 0.00000E+00 0.00000E+00
 1.00000E+00 0.00000E+00 0.00000E+00
 1.20000E+00 0.00000E+00 0.00000E+00
 1.40000E+00 0.00000E+00 0.00000E+00
 1.60000E+00 0.00000E+00 0.00000E+00
 1.80000E+00 0.00000E+00 0.00000E+00
 2.00000E+00 0.00000E+00 0.00000E+00
 2.20000E+00 0.00000E+00 0.00000E+00
 2.40000E+00 0.00000E+00 0.00000E+00
 2.60000E+00 0.00000E+00 0.00000E+00
 2.80000E+00 0.00000E+00 0.00000E+00
 3.00000E+00 0.00000E+00 0.00000E+00
 3.20000E+00 0.00000E+00 0.00000E+00
 3.40000E+00 0.00000E+00 0.00000E+00
 3.60000E+00 0.00000E+00 0.00000E+00
 3.80000E+00 0.00000E+00 0.00000E+00
 4.00000E+00 0.00000E+00 0.00000E+00
 4.20000E+00 0.00000E+00 0.00000E+00
 4.40000E+00 0.00000E+00 0.00000E+00
 4.60000E+00 0.00000E+00 0.00000E+00
 4.80000E+00 0.00000E+00 0.00000E+00
 5.00000E+00 0.00000E+00 0.00000E+00
 5.20000E+00 0.00000E+00 0.00000E+00
 5.40000E+00 0.00000E+00 0.00000E+00
 5.60000E+00 0.00000E+00 0.00000E+00
 5.80000E+00 0.00000E+00 0.00000E+00
 6.00000E+00 0.00000E+00 0.00000E+00
 6.20000E+00 0.00000E+00 0.00000E+00
 6.40000E+00 0.00000E+00 0.00000E+00
 6.60000E+00 0.00000E+00 0.00000E+00
 6.80000E+00 0.00000E+00 0.00000E+00
 7.00000E+00 0.00000E+00 0.00000E+00
 7.20000E+00 0.00000E+00 0.00000E+00
 7.40000E+00 0.00000E+00 0.00000E+00
 7.60000E+00 0.00000E+00 0.00000E+00
 7.80000E+00 1.40130E-45 0.00000E+00
 8.00000E+00 5.60519E-45 0.00000E+00
 8.50000E+00 5.82296E-37 6.14956E-39
 9.00000E+00 1.75074E-32 1.24073E-34
 9.50000E+00 1.82212E-28 9.16329E-31
 1.00000E+01 4.54428E-26 1.70785E-28
 1.05000E+01 2.25424E-23 6.62982E-26
 1.10000E+01 3.74147E-21 8.95980E-24
 1.15000E+01 2.78442E-19 5.61375E-22
 1.20000E+01 1.17020E-17 2.04177E-20
 1.25000E+01 3.33831E-16 5.15466E-19
 1.30000E+01 7.07211E-15 9.83825E-18
 1.35000E+01 1.13170E-13 1.43886E-16
 1.40000E+01 1.37523E-12 1.61665E-15
 1.45000E+01 1.23106E-11 1.35089E-14
 1.50000E+01 9.37367E-11 9.66683E-14
 1.60000E+01 3.02663E-09 2.81754E-12
 1.70000E+01 5.34909E-08 4.58323E-11
 1.80000E+01 6.03996E-07 4.83352E-10
 1.90000E+01 4.85506E-06 3.67048E-09
 2.00000E+01 2.99980E-05 2.16236E-08
 2.10000E+01 1.50382E-04 1.04136E-07
 2.20000E+01 6.34697E-04 4.24760E-07
 2.30000E+01 2.31055E-03 1.50149E-06
 2.40000E+01 7.35867E-03 4.66093E-06
 2.50000E+01 1.93557E-02 1.19864E-05
 2.60000E+01 4.82630E-02 2.92983E-05
 2.70000E+01 1.15606E-01 6.89516E-05
 2.80000E+01 2.09745E-01 1.23151E-04
 2.90000E+01 3.54401E-01 2.05186E-04
 3.00000E+01 5.49896E-01 3.14364E-04
 3.20000E+01 1.08769E+00 6.08179E-04
 3.40000E+01 1.79157E+00 9.83346E-04
 3.60000E+01 2.61635E+00 1.41432E-03
 3.80000E+01 3.52286E+00 1.88173E-03
 4.00000E+01 4.46886E+00 2.36504E-03
 4.20000E+01 5.43305E+00 2.85400E-03
 4.40000E+01 6.39826E+00 3.34146E-03
 4.60000E+01 7.35352E+00 3.82373E-03
 4.80000E+01 8.42088E+00 4.36643E-03
 5.00000E+01 9.32147E+00 4.82545E-03
 5.20000E+01 1.01926E+01 5.27273E-03
 5.40000E+01 1.10266E+01 5.70497E-03
