# p + 180Ta Nonelastic cross sections
# 
# 
# # energies =   100
#    E      Cross section
 1.00000E-11 0.00000E+00
 2.53000E-08 0.00000E+00
 2.00000E-07 0.00000E+00
 1.00000E-06 0.00000E+00
 1.00000E-05 0.00000E+00
 1.00000E-04 0.00000E+00
 1.00000E-03 0.00000E+00
 2.00000E-03 0.00000E+00
 4.00000E-03 0.00000E+00
 7.00000E-03 0.00000E+00
 1.00000E-02 0.00000E+00
 2.00000E-02 0.00000E+00
 4.00000E-02 0.00000E+00
 7.00000E-02 0.00000E+00
 1.00000E-01 0.00000E+00
 2.00000E-01 0.00000E+00
 3.00000E-01 0.00000E+00
 4.00000E-01 0.00000E+00
 5.00000E-01 0.00000E+00
 6.00000E-01 0.00000E+00
 7.00000E-01 0.00000E+00
 8.00000E-01 0.00000E+00
 9.00000E-01 0.00000E+00
 1.00000E+00 0.00000E+00
 1.20000E+00 0.00000E+00
 1.40000E+00 0.00000E+00
 1.60000E+00 0.00000E+00
 1.80000E+00 0.00000E+00
 2.00000E+00 0.00000E+00
 2.20000E+00 0.00000E+00
 2.40000E+00 0.00000E+00
 2.60000E+00 0.00000E+00
 2.80000E+00 1.30350E-05
 3.00000E+00 4.97147E-05
 3.20000E+00 1.65247E-04
 3.40000E+00 4.90021E-04
 3.60000E+00 1.31840E-03
 3.80000E+00 3.26141E-03
 4.00000E+00 7.49850E-03
 4.20000E+00 1.61670E-02
 4.40000E+00 3.29317E-02
 4.60000E+00 6.37741E-02
 4.80000E+00 1.18049E-01
 5.00000E+00 2.09814E-01
 5.20000E+00 3.59475E-01
 5.40000E+00 5.95705E-01
 5.60000E+00 9.57617E-01
 5.80000E+00 1.49711E+00
 6.00000E+00 2.28121E+00
 6.20000E+00 3.39435E+00
 6.40000E+00 4.94005E+00
 6.60000E+00 7.04199E+00
 6.80000E+00 9.84377E+00
 7.00000E+00 1.35069E+01
 7.20000E+00 1.82066E+01
 7.40000E+00 2.41249E+01
 7.60000E+00 3.14413E+01
 7.80000E+00 4.03204E+01
 8.00000E+00 5.08987E+01
 8.50000E+00 8.52734E+01
 9.00000E+00 1.30697E+02
 9.50000E+00 1.85141E+02
 1.00000E+01 2.45626E+02
 1.05000E+01 3.09559E+02
 1.10000E+01 3.75377E+02
 1.15000E+01 4.42400E+02
 1.20000E+01 5.10284E+02
 1.25000E+01 5.78609E+02
 1.30000E+01 6.46754E+02
 1.35000E+01 7.13977E+02
 1.40000E+01 7.79528E+02
 1.45000E+01 8.42720E+02
 1.50000E+01 9.02943E+02
 1.60000E+01 1.01267E+03
 1.70000E+01 1.10705E+03
 1.80000E+01 1.18792E+03
 1.90000E+01 1.25882E+03
 2.00000E+01 1.32241E+03
 2.10000E+01 1.37964E+03
 2.20000E+01 1.43068E+03
 2.30000E+01 1.47595E+03
 2.40000E+01 1.51637E+03
 2.50000E+01 1.55304E+03
 2.60000E+01 1.58685E+03
 2.70000E+01 1.61828E+03
 2.80000E+01 1.64743E+03
 2.90000E+01 1.67425E+03
 3.00000E+01 1.69861E+03
 3.20000E+01 1.74004E+03
 3.40000E+01 1.77348E+03
 3.60000E+01 1.80180E+03
 3.80000E+01 1.82624E+03
 4.00000E+01 1.84616E+03
 4.20000E+01 1.86118E+03
 4.40000E+01 1.87224E+03
 4.60000E+01 1.88055E+03
 4.80000E+01 1.88664E+03
 5.00000E+01 1.89051E+03
 5.20000E+01 1.89224E+03
 5.40000E+01 1.89216E+03
