# p + 181Ta Nonelastic cross sections
# 
# 
# # energies =   100
#    E      Cross section
 1.00000E-11 0.00000E+00
 2.53000E-08 0.00000E+00
 2.00000E-07 0.00000E+00
 1.00000E-06 0.00000E+00
 1.00000E-05 0.00000E+00
 1.00000E-04 0.00000E+00
 1.00000E-03 0.00000E+00
 2.00000E-03 0.00000E+00
 4.00000E-03 0.00000E+00
 7.00000E-03 0.00000E+00
 1.00000E-02 0.00000E+00
 2.00000E-02 0.00000E+00
 4.00000E-02 0.00000E+00
 7.00000E-02 0.00000E+00
 1.00000E-01 0.00000E+00
 2.00000E-01 0.00000E+00
 3.00000E-01 0.00000E+00
 4.00000E-01 0.00000E+00
 5.00000E-01 0.00000E+00
 6.00000E-01 0.00000E+00
 7.00000E-01 0.00000E+00
 8.00000E-01 0.00000E+00
 9.00000E-01 0.00000E+00
 1.00000E+00 0.00000E+00
 1.20000E+00 0.00000E+00
 1.40000E+00 0.00000E+00
 1.60000E+00 0.00000E+00
 1.80000E+00 0.00000E+00
 2.00000E+00 0.00000E+00
 2.20000E+00 0.00000E+00
 2.40000E+00 0.00000E+00
 2.60000E+00 0.00000E+00
 2.80000E+00 2.02298E-05
 3.00000E+00 7.77567E-05
 3.20000E+00 2.61093E-04
 3.40000E+00 7.85350E-04
 3.60000E+00 2.15758E-03
 3.80000E+00 5.49530E-03
 4.00000E+00 1.31133E-02
 4.20000E+00 2.95079E-02
 4.40000E+00 6.28219E-02
 4.60000E+00 1.26734E-01
 4.80000E+00 2.42482E-01
 5.00000E+00 4.40598E-01
 5.20000E+00 7.61723E-01
 5.40000E+00 1.25633E+00
 5.60000E+00 1.98337E+00
 5.80000E+00 3.00848E+00
 6.00000E+00 4.40250E+00
 6.20000E+00 6.24121E+00
 6.40000E+00 8.60651E+00
 6.60000E+00 1.15889E+01
 6.80000E+00 1.52905E+01
 7.00000E+00 1.98271E+01
 7.20000E+00 2.53295E+01
 7.40000E+00 3.19410E+01
 7.60000E+00 3.98136E+01
 7.80000E+00 4.91009E+01
 8.00000E+00 5.99494E+01
 8.50000E+00 9.46890E+01
 9.00000E+00 1.41106E+02
 9.50000E+00 1.98850E+02
 1.00000E+01 2.66082E+02
 1.05000E+01 3.40016E+02
 1.10000E+01 4.17584E+02
 1.15000E+01 4.95999E+02
 1.20000E+01 5.73129E+02
 1.25000E+01 6.47630E+02
 1.30000E+01 7.18838E+02
 1.35000E+01 7.86524E+02
 1.40000E+01 8.50663E+02
 1.45000E+01 9.11294E+02
 1.50000E+01 9.69674E+02
 1.60000E+01 1.07421E+03
 1.70000E+01 1.16710E+03
 1.80000E+01 1.24960E+03
 1.90000E+01 1.32273E+03
 2.00000E+01 1.38728E+03
 2.10000E+01 1.44410E+03
 2.20000E+01 1.49425E+03
 2.30000E+01 1.53884E+03
 2.40000E+01 1.57880E+03
 2.50000E+01 1.61481E+03
 2.60000E+01 1.64730E+03
 2.70000E+01 1.67663E+03
 2.80000E+01 1.70315E+03
 2.90000E+01 1.72722E+03
 3.00000E+01 1.74923E+03
 3.20000E+01 1.78843E+03
 3.40000E+01 1.82191E+03
 3.60000E+01 1.84990E+03
 3.80000E+01 1.87214E+03
 4.00000E+01 1.88955E+03
 4.20000E+01 1.90366E+03
 4.40000E+01 1.91481E+03
 4.60000E+01 1.92313E+03
 4.80000E+01 1.92855E+03
 5.00000E+01 1.93173E+03
 5.20000E+01 1.93308E+03
 5.40000E+01 1.93281E+03
