# p + 180Ta Total neutron  production
# Q-value    =-7.97410E-02
# 
# # energies =   100
#    E         xs         Yield
 1.00000E-11 0.00000E+00 0.00000E+00
 2.53000E-08 0.00000E+00 0.00000E+00
 2.00000E-07 0.00000E+00 0.00000E+00
 1.00000E-06 0.00000E+00 0.00000E+00
 1.00000E-05 0.00000E+00 0.00000E+00
 1.00000E-04 0.00000E+00 0.00000E+00
 1.00000E-03 0.00000E+00 0.00000E+00
 2.00000E-03 0.00000E+00 0.00000E+00
 4.00000E-03 0.00000E+00 0.00000E+00
 7.00000E-03 0.00000E+00 0.00000E+00
 1.00000E-02 0.00000E+00 0.00000E+00
 2.00000E-02 0.00000E+00 0.00000E+00
 4.00000E-02 0.00000E+00 0.00000E+00
 7.00000E-02 0.00000E+00 0.00000E+00
 1.00000E-01 0.00000E+00 0.00000E+00
 2.00000E-01 0.00000E+00 0.00000E+00
 3.00000E-01 0.00000E+00 0.00000E+00
 4.00000E-01 0.00000E+00 0.00000E+00
 5.00000E-01 0.00000E+00 0.00000E+00
 6.00000E-01 0.00000E+00 0.00000E+00
 7.00000E-01 0.00000E+00 0.00000E+00
 8.00000E-01 0.00000E+00 0.00000E+00
 9.00000E-01 0.00000E+00 0.00000E+00
 1.00000E+00 0.00000E+00 0.00000E+00
 1.20000E+00 0.00000E+00 0.00000E+00
 1.40000E+00 0.00000E+00 0.00000E+00
 1.60000E+00 0.00000E+00 0.00000E+00
 1.80000E+00 0.00000E+00 0.00000E+00
 2.00000E+00 0.00000E+00 0.00000E+00
 2.20000E+00 0.00000E+00 0.00000E+00
 2.40000E+00 0.00000E+00 0.00000E+00
 2.60000E+00 0.00000E+00 0.00000E+00
 2.80000E+00 1.08491E-05 8.32306E-01
 3.00000E+00 4.48866E-05 9.02884E-01
 3.20000E+00 1.52648E-04 9.23759E-01
 3.40000E+00 4.55912E-04 9.30392E-01
 3.60000E+00 1.23218E-03 9.34599E-01
 3.80000E+00 3.05885E-03 9.37891E-01
 4.00000E+00 7.05590E-03 9.40975E-01
 4.20000E+00 1.52637E-02 9.44127E-01
 4.40000E+00 3.23007E-02 9.80840E-01
 4.60000E+00 6.27330E-02 9.83675E-01
 4.80000E+00 1.16363E-01 9.85716E-01
 5.00000E+00 2.07276E-01 9.87905E-01
 5.20000E+00 3.55703E-01 9.89508E-01
 5.40000E+00 5.90380E-01 9.91062E-01
 5.60000E+00 9.50305E-01 9.92364E-01
 5.80000E+00 1.48725E+00 9.93412E-01
 6.00000E+00 2.26861E+00 9.94478E-01
 6.20000E+00 3.37829E+00 9.95269E-01
 6.40000E+00 4.91984E+00 9.95908E-01
 6.60000E+00 7.01751E+00 9.96525E-01
 6.80000E+00 9.81393E+00 9.96969E-01
 7.00000E+00 1.34705E+01 9.97303E-01
 7.20000E+00 1.81628E+01 9.97592E-01
 7.40000E+00 2.40722E+01 9.97816E-01
 7.60000E+00 3.13762E+01 9.97931E-01
 7.80000E+00 4.02401E+01 9.98008E-01
 8.00000E+00 5.07996E+01 9.98054E-01
 8.50000E+00 8.50949E+01 9.97907E-01
 9.00000E+00 1.40168E+02 1.07247E+00
 9.50000E+00 2.42502E+02 1.30982E+00
 1.00000E+01 3.76131E+02 1.53132E+00
 1.05000E+01 5.17746E+02 1.67253E+00
 1.10000E+01 6.59403E+02 1.75664E+00
 1.15000E+01 7.99994E+02 1.80831E+00
 1.20000E+01 9.38481E+02 1.83913E+00
 1.25000E+01 1.07582E+03 1.85933E+00
 1.30000E+01 1.21039E+03 1.87148E+00
 1.35000E+01 1.34154E+03 1.87897E+00
 1.40000E+01 1.46753E+03 1.88259E+00
 1.45000E+01 1.58770E+03 1.88402E+00
 1.50000E+01 1.70032E+03 1.88309E+00
 1.60000E+01 1.90386E+03 1.88004E+00
 1.70000E+01 2.14838E+03 1.94064E+00
 1.80000E+01 2.46573E+03 2.07567E+00
 1.90000E+01 2.78073E+03 2.20900E+00
 2.00000E+01 3.02506E+03 2.28753E+00
 2.10000E+01 3.24144E+03 2.34948E+00
 2.20000E+01 3.42009E+03 2.39053E+00
 2.30000E+01 3.60962E+03 2.44562E+00
 2.40000E+01 3.74943E+03 2.47263E+00
 2.50000E+01 3.85025E+03 2.47917E+00
 2.60000E+01 3.95005E+03 2.48924E+00
 2.70000E+01 4.09667E+03 2.53149E+00
 2.80000E+01 4.28364E+03 2.60019E+00
 2.90000E+01 4.47953E+03 2.67555E+00
 3.00000E+01 4.67047E+03 2.74958E+00
 3.20000E+01 4.97203E+03 2.85742E+00
 3.40000E+01 5.17436E+03 2.91763E+00
 3.60000E+01 5.34325E+03 2.96550E+00
 3.80000E+01 5.54811E+03 3.03800E+00
 4.00000E+01 5.75115E+03 3.11520E+00
 4.20000E+01 5.94501E+03 3.19422E+00
 4.40000E+01 6.07709E+03 3.24589E+00
 4.60000E+01 6.20243E+03 3.29820E+00
 4.80000E+01 6.31506E+03 3.34725E+00
 5.00000E+01 6.43447E+03 3.40356E+00
 5.20000E+01 6.58012E+03 3.47742E+00
 5.40000E+01 6.68947E+03 3.53536E+00
