# p + 181Ta Total neutron  production
# Q-value    =-9.87472E-01
# 
# # energies =   100
#    E         xs         Yield
 1.00000E-11 0.00000E+00 0.00000E+00
 2.53000E-08 0.00000E+00 0.00000E+00
 2.00000E-07 0.00000E+00 0.00000E+00
 1.00000E-06 0.00000E+00 0.00000E+00
 1.00000E-05 0.00000E+00 0.00000E+00
 1.00000E-04 0.00000E+00 0.00000E+00
 1.00000E-03 0.00000E+00 0.00000E+00
 2.00000E-03 0.00000E+00 0.00000E+00
 4.00000E-03 0.00000E+00 0.00000E+00
 7.00000E-03 0.00000E+00 0.00000E+00
 1.00000E-02 0.00000E+00 0.00000E+00
 2.00000E-02 0.00000E+00 0.00000E+00
 4.00000E-02 0.00000E+00 0.00000E+00
 7.00000E-02 0.00000E+00 0.00000E+00
 1.00000E-01 0.00000E+00 0.00000E+00
 2.00000E-01 0.00000E+00 0.00000E+00
 3.00000E-01 0.00000E+00 0.00000E+00
 4.00000E-01 0.00000E+00 0.00000E+00
 5.00000E-01 0.00000E+00 0.00000E+00
 6.00000E-01 0.00000E+00 0.00000E+00
 7.00000E-01 0.00000E+00 0.00000E+00
 8.00000E-01 0.00000E+00 0.00000E+00
 9.00000E-01 0.00000E+00 0.00000E+00
 1.00000E+00 0.00000E+00 0.00000E+00
 1.20000E+00 0.00000E+00 0.00000E+00
 1.40000E+00 0.00000E+00 0.00000E+00
 1.60000E+00 0.00000E+00 0.00000E+00
 1.80000E+00 0.00000E+00 0.00000E+00
 2.00000E+00 0.00000E+00 0.00000E+00
 2.20000E+00 0.00000E+00 0.00000E+00
 2.40000E+00 0.00000E+00 0.00000E+00
 2.60000E+00 0.00000E+00 0.00000E+00
 2.80000E+00 1.19139E-05 5.88930E-01
 3.00000E+00 6.33735E-05 8.15022E-01
 3.20000E+00 2.25939E-04 8.65360E-01
 3.40000E+00 6.71007E-04 8.54405E-01
 3.60000E+00 1.83286E-03 8.49497E-01
 3.80000E+00 4.51153E-03 8.20980E-01
 4.00000E+00 1.06485E-02 8.12036E-01
 4.20000E+00 2.27916E-02 7.72391E-01
 4.40000E+00 4.59902E-02 7.32073E-01
 4.60000E+00 8.79427E-02 6.93916E-01
 4.80000E+00 1.60382E-01 6.61420E-01
 5.00000E+00 2.80259E-01 6.36089E-01
 5.20000E+00 4.71321E-01 6.18756E-01
 5.40000E+00 7.65584E-01 6.09382E-01
 5.60000E+00 1.20502E+00 6.07563E-01
 5.80000E+00 1.84362E+00 6.12806E-01
 6.00000E+00 2.74736E+00 6.24045E-01
 6.20000E+00 3.99891E+00 6.40728E-01
 6.40000E+00 5.69405E+00 6.61598E-01
 6.60000E+00 7.94454E+00 6.85531E-01
 6.80000E+00 1.08801E+01 7.11557E-01
 7.00000E+00 1.46386E+01 7.38312E-01
 7.20000E+00 1.93734E+01 7.64857E-01
 7.40000E+00 2.52445E+01 7.90349E-01
 7.60000E+00 3.24065E+01 8.13956E-01
 7.80000E+00 4.10571E+01 8.36178E-01
 8.00000E+00 5.24266E+01 8.74515E-01
 8.50000E+00 9.99109E+01 1.05515E+00
 9.00000E+00 1.79239E+02 1.27024E+00
 9.50000E+00 2.85671E+02 1.43661E+00
 1.00000E+01 4.13681E+02 1.55471E+00
 1.05000E+01 5.55139E+02 1.63269E+00
 1.10000E+01 7.04879E+02 1.68799E+00
 1.15000E+01 8.56239E+02 1.72629E+00
 1.20000E+01 1.00525E+03 1.75396E+00
 1.25000E+01 1.14931E+03 1.77464E+00
 1.30000E+01 1.28628E+03 1.78938E+00
 1.35000E+01 1.41556E+03 1.79976E+00
 1.40000E+01 1.53682E+03 1.80661E+00
 1.45000E+01 1.65009E+03 1.81071E+00
 1.50000E+01 1.75691E+03 1.81185E+00
 1.60000E+01 1.94359E+03 1.80932E+00
 1.70000E+01 2.12758E+03 1.82296E+00
 1.80000E+01 2.43251E+03 1.94663E+00
 1.90000E+01 2.78898E+03 2.10850E+00
 2.00000E+01 3.07588E+03 2.21720E+00
 2.10000E+01 3.32046E+03 2.29933E+00
 2.20000E+01 3.50609E+03 2.34639E+00
 2.30000E+01 3.69176E+03 2.39905E+00
 2.40000E+01 3.82395E+03 2.42206E+00
 2.50000E+01 3.93686E+03 2.43797E+00
 2.60000E+01 4.07033E+03 2.47091E+00
 2.70000E+01 4.23308E+03 2.52475E+00
 2.80000E+01 4.41558E+03 2.59260E+00
 2.90000E+01 4.59669E+03 2.66132E+00
 3.00000E+01 4.76501E+03 2.72406E+00
 3.20000E+01 5.04000E+03 2.81811E+00
 3.40000E+01 5.23272E+03 2.87211E+00
 3.60000E+01 5.40501E+03 2.92179E+00
 3.80000E+01 5.61484E+03 2.99916E+00
 4.00000E+01 5.84021E+03 3.09079E+00
 4.20000E+01 6.03955E+03 3.17260E+00
 4.40000E+01 6.17533E+03 3.22503E+00
 4.60000E+01 6.31518E+03 3.28380E+00
 4.80000E+01 6.44451E+03 3.34163E+00
 5.00000E+01 6.55563E+03 3.39366E+00
 5.20000E+01 6.68053E+03 3.45590E+00
 5.40000E+01 6.80384E+03 3.52018E+00
