# p + 181Ta Total proton   production
# Q-value    = 0.00000E+00
# 
# # energies =   100
#    E         xs         Yield
 1.00000E-11 0.00000E+00 0.00000E+00
 2.53000E-08 0.00000E+00 0.00000E+00
 2.00000E-07 0.00000E+00 0.00000E+00
 1.00000E-06 0.00000E+00 0.00000E+00
 1.00000E-05 0.00000E+00 0.00000E+00
 1.00000E-04 0.00000E+00 0.00000E+00
 1.00000E-03 0.00000E+00 0.00000E+00
 2.00000E-03 0.00000E+00 0.00000E+00
 4.00000E-03 0.00000E+00 0.00000E+00
 7.00000E-03 0.00000E+00 0.00000E+00
 1.00000E-02 0.00000E+00 0.00000E+00
 2.00000E-02 0.00000E+00 0.00000E+00
 4.00000E-02 0.00000E+00 0.00000E+00
 7.00000E-02 0.00000E+00 0.00000E+00
 1.00000E-01 0.00000E+00 0.00000E+00
 2.00000E-01 0.00000E+00 0.00000E+00
 3.00000E-01 0.00000E+00 0.00000E+00
 4.00000E-01 0.00000E+00 0.00000E+00
 5.00000E-01 0.00000E+00 0.00000E+00
 6.00000E-01 0.00000E+00 0.00000E+00
 7.00000E-01 0.00000E+00 0.00000E+00
 8.00000E-01 0.00000E+00 0.00000E+00
 9.00000E-01 0.00000E+00 0.00000E+00
 1.00000E+00 0.00000E+00 0.00000E+00
 1.20000E+00 0.00000E+00 0.00000E+00
 1.40000E+00 0.00000E+00 0.00000E+00
 1.60000E+00 0.00000E+00 0.00000E+00
 1.80000E+00 0.00000E+00 0.00000E+00
 2.00000E+00 0.00000E+00 0.00000E+00
 2.20000E+00 0.00000E+00 0.00000E+00
 2.40000E+00 0.00000E+00 0.00000E+00
 2.60000E+00 0.00000E+00 0.00000E+00
 2.80000E+00 1.42680E-07 7.05298E-03
 3.00000E+00 5.59822E-07 7.19966E-03
 3.20000E+00 3.78710E-06 1.45048E-02
 3.40000E+00 2.31032E-05 2.94178E-02
 3.60000E+00 1.15789E-04 5.36663E-02
 3.80000E+00 4.82800E-04 8.78569E-02
 4.00000E+00 1.71077E-03 1.30461E-01
 4.20000E+00 5.25146E-03 1.77968E-01
 4.40000E+00 1.41951E-02 2.25958E-01
 4.60000E+00 3.42632E-02 2.70355E-01
 4.80000E+00 7.47341E-02 3.08205E-01
 5.00000E+00 1.48880E-01 3.37904E-01
 5.20000E+00 2.73334E-01 3.58837E-01
 5.40000E+00 4.66242E-01 3.71114E-01
 5.60000E+00 7.44278E-01 3.75259E-01
 5.80000E+00 1.11923E+00 3.72024E-01
 6.00000E+00 1.59502E+00 3.62298E-01
 6.20000E+00 2.16614E+00 3.47071E-01
 6.40000E+00 2.81797E+00 3.27423E-01
 6.60000E+00 3.52891E+00 3.04508E-01
 6.80000E+00 4.27380E+00 2.79507E-01
 7.00000E+00 5.02789E+00 2.53587E-01
 7.20000E+00 5.77028E+00 2.27809E-01
 7.40000E+00 6.48649E+00 2.03077E-01
 7.60000E+00 7.16963E+00 1.80080E-01
 7.80000E+00 7.82038E+00 1.59272E-01
 8.00000E+00 8.44647E+00 1.40893E-01
 8.50000E+00 9.99599E+00 1.05567E-01
 9.00000E+00 1.17441E+01 8.32291E-02
 9.50000E+00 1.39345E+01 7.00756E-02
 1.00000E+01 1.66765E+01 6.26743E-02
 1.05000E+01 1.99152E+01 5.85713E-02
 1.10000E+01 2.34924E+01 5.62579E-02
 1.15000E+01 2.72408E+01 5.49211E-02
 1.20000E+01 3.10545E+01 5.41841E-02
 1.25000E+01 3.49065E+01 5.38988E-02
 1.30000E+01 3.88348E+01 5.40245E-02
 1.35000E+01 4.29187E+01 5.45676E-02
 1.40000E+01 4.72483E+01 5.55429E-02
 1.45000E+01 5.18931E+01 5.69444E-02
 1.50000E+01 5.71796E+01 5.89678E-02
 1.60000E+01 6.81471E+01 6.34393E-02
 1.70000E+01 7.98026E+01 6.83769E-02
 1.80000E+01 9.19043E+01 7.35470E-02
 1.90000E+01 1.04551E+02 7.90420E-02
 2.00000E+01 1.17883E+02 8.49745E-02
 2.10000E+01 1.32508E+02 9.17583E-02
 2.20000E+01 1.47951E+02 9.90133E-02
 2.30000E+01 1.63882E+02 1.06497E-01
 2.40000E+01 1.80516E+02 1.14338E-01
 2.50000E+01 1.97809E+02 1.22497E-01
 2.60000E+01 2.15712E+02 1.30949E-01
 2.70000E+01 2.34289E+02 1.39738E-01
 2.80000E+01 2.53347E+02 1.48752E-01
 2.90000E+01 2.72984E+02 1.58048E-01
 3.00000E+01 2.93098E+02 1.67558E-01
 3.20000E+01 3.35029E+02 1.87331E-01
 3.40000E+01 3.78498E+02 2.07748E-01
 3.60000E+01 4.23119E+02 2.28725E-01
 3.80000E+01 4.67706E+02 2.49824E-01
 4.00000E+01 5.11998E+02 2.70963E-01
 4.20000E+01 5.55413E+02 2.91761E-01
 4.40000E+01 5.98402E+02 3.12512E-01
 4.60000E+01 6.40805E+02 3.33210E-01
 4.80000E+01 6.81405E+02 3.53325E-01
 5.00000E+01 7.20819E+02 3.73147E-01
 5.20000E+01 7.59038E+02 3.92657E-01
 5.40000E+01 7.95524E+02 4.11589E-01
