# p + 180Ta Total proton   production
# Q-value    = 0.00000E+00
# 
# # energies =   100
#    E         xs         Yield
 1.00000E-11 0.00000E+00 0.00000E+00
 2.53000E-08 0.00000E+00 0.00000E+00
 2.00000E-07 0.00000E+00 0.00000E+00
 1.00000E-06 0.00000E+00 0.00000E+00
 1.00000E-05 0.00000E+00 0.00000E+00
 1.00000E-04 0.00000E+00 0.00000E+00
 1.00000E-03 0.00000E+00 0.00000E+00
 2.00000E-03 0.00000E+00 0.00000E+00
 4.00000E-03 0.00000E+00 0.00000E+00
 7.00000E-03 0.00000E+00 0.00000E+00
 1.00000E-02 0.00000E+00 0.00000E+00
 2.00000E-02 0.00000E+00 0.00000E+00
 4.00000E-02 0.00000E+00 0.00000E+00
 7.00000E-02 0.00000E+00 0.00000E+00
 1.00000E-01 0.00000E+00 0.00000E+00
 2.00000E-01 0.00000E+00 0.00000E+00
 3.00000E-01 0.00000E+00 0.00000E+00
 4.00000E-01 0.00000E+00 0.00000E+00
 5.00000E-01 0.00000E+00 0.00000E+00
 6.00000E-01 0.00000E+00 0.00000E+00
 7.00000E-01 0.00000E+00 0.00000E+00
 8.00000E-01 0.00000E+00 0.00000E+00
 9.00000E-01 0.00000E+00 0.00000E+00
 1.00000E+00 0.00000E+00 0.00000E+00
 1.20000E+00 0.00000E+00 0.00000E+00
 1.40000E+00 0.00000E+00 0.00000E+00
 1.60000E+00 0.00000E+00 0.00000E+00
 1.80000E+00 0.00000E+00 0.00000E+00
 2.00000E+00 0.00000E+00 0.00000E+00
 2.20000E+00 0.00000E+00 0.00000E+00
 2.40000E+00 0.00000E+00 0.00000E+00
 2.60000E+00 0.00000E+00 0.00000E+00
 2.80000E+00 1.40000E-06 1.07403E-01
 3.00000E+00 1.40000E-06 2.81607E-02
 3.20000E+00 1.40000E-06 8.47217E-03
 3.40000E+00 1.40001E-06 2.85704E-03
 3.60000E+00 1.40005E-06 1.06193E-03
 3.80000E+00 1.40028E-06 4.29347E-04
 4.00000E+00 1.40125E-06 1.86870E-04
 4.20000E+00 1.40508E-06 8.69102E-05
 4.40000E+00 1.41869E-06 4.30798E-05
 4.60000E+00 1.46008E-06 2.28946E-05
 4.80000E+00 1.58483E-06 1.34252E-05
 5.00000E+00 1.91919E-06 9.14708E-06
 5.20000E+00 2.78388E-06 7.74430E-06
 5.40000E+00 4.92592E-06 8.26907E-06
 5.60000E+00 9.92690E-06 1.03662E-05
 5.80000E+00 2.14191E-05 1.43070E-05
 6.00000E+00 4.59579E-05 2.01463E-05
 6.20000E+00 9.79776E-05 2.88649E-05
 6.40000E+00 2.03317E-04 4.11569E-05
 6.60000E+00 4.06240E-04 5.76883E-05
 6.80000E+00 7.99689E-04 8.12382E-05
 7.00000E+00 1.49394E-03 1.10605E-04
 7.20000E+00 2.74016E-03 1.50503E-04
 7.40000E+00 4.88319E-03 2.02413E-04
 7.60000E+00 8.32439E-03 2.64760E-04
 7.80000E+00 1.40742E-02 3.49059E-04
 8.00000E+00 2.25876E-02 4.43775E-04
 8.50000E+00 6.68135E-02 7.83521E-04
 9.00000E+00 1.67128E-01 1.27874E-03
 9.50000E+00 3.59915E-01 1.94400E-03
 1.00000E+01 6.83458E-01 2.78252E-03
 1.05000E+01 1.17506E+00 3.79592E-03
 1.10000E+01 1.87302E+00 4.98970E-03
 1.15000E+01 2.81938E+00 6.37291E-03
 1.20000E+01 4.05873E+00 7.95386E-03
 1.25000E+01 5.63459E+00 9.73817E-03
 1.30000E+01 7.58692E+00 1.17308E-02
 1.35000E+01 9.95098E+00 1.39374E-02
 1.40000E+01 1.27546E+01 1.63620E-02
 1.45000E+01 1.60101E+01 1.89981E-02
 1.50000E+01 1.97065E+01 2.18247E-02
 1.60000E+01 2.82749E+01 2.79211E-02
 1.70000E+01 3.81241E+01 3.44376E-02
 1.80000E+01 4.90949E+01 4.13285E-02
 1.90000E+01 6.12068E+01 4.86224E-02
 2.00000E+01 7.44732E+01 5.63163E-02
 2.10000E+01 8.97997E+01 6.50892E-02
 2.20000E+01 1.05707E+02 7.38862E-02
 2.30000E+01 1.22651E+02 8.30995E-02
 2.40000E+01 1.40395E+02 9.25863E-02
 2.50000E+01 1.58872E+02 1.02298E-01
 2.60000E+01 1.78191E+02 1.12292E-01
 2.70000E+01 1.98182E+02 1.22465E-01
 2.80000E+01 2.18783E+02 1.32802E-01
 2.90000E+01 2.39873E+02 1.43272E-01
 3.00000E+01 2.61386E+02 1.53882E-01
 3.20000E+01 3.05340E+02 1.75479E-01
 3.40000E+01 3.50028E+02 1.97368E-01
 3.60000E+01 3.95240E+02 2.19358E-01
 3.80000E+01 4.40787E+02 2.41363E-01
 4.00000E+01 4.86131E+02 2.63320E-01
 4.20000E+01 5.30327E+02 2.84941E-01
 4.40000E+01 5.73664E+02 3.06405E-01
 4.60000E+01 6.15827E+02 3.27472E-01
 4.80000E+01 6.56810E+02 3.48137E-01
 5.00000E+01 6.96733E+02 3.68542E-01
 5.20000E+01 7.35042E+02 3.88451E-01
 5.40000E+01 7.72446E+02 4.08235E-01
