# p + 180Ta: Production of 176Lu - Level  1     0.12285 MeV
# Q-value    = 1.90095E+00 mass= 175.942692
# E-threshold= 0.00000E+00
# # energies =   100
#     E          xs      Branching
 1.00000E-11 0.00000E+00 0.00000E+00
 2.53000E-08 0.00000E+00 0.00000E+00
 2.00000E-07 0.00000E+00 0.00000E+00
 1.00000E-06 0.00000E+00 0.00000E+00
 1.00000E-05 0.00000E+00 0.00000E+00
 1.00000E-04 0.00000E+00 0.00000E+00
 1.00000E-03 0.00000E+00 0.00000E+00
 2.00000E-03 0.00000E+00 0.00000E+00
 4.00000E-03 0.00000E+00 0.00000E+00
 7.00000E-03 0.00000E+00 0.00000E+00
 1.00000E-02 0.00000E+00 0.00000E+00
 2.00000E-02 0.00000E+00 0.00000E+00
 4.00000E-02 0.00000E+00 0.00000E+00
 7.00000E-02 0.00000E+00 0.00000E+00
 1.00000E-01 0.00000E+00 0.00000E+00
 2.00000E-01 0.00000E+00 0.00000E+00
 3.00000E-01 0.00000E+00 0.00000E+00
 4.00000E-01 0.00000E+00 0.00000E+00
 5.00000E-01 0.00000E+00 0.00000E+00
 6.00000E-01 0.00000E+00 0.00000E+00
 7.00000E-01 0.00000E+00 0.00000E+00
 8.00000E-01 0.00000E+00 0.00000E+00
 9.00000E-01 0.00000E+00 0.00000E+00
 1.00000E+00 0.00000E+00 0.00000E+00
 1.20000E+00 0.00000E+00 0.00000E+00
 1.40000E+00 0.00000E+00 0.00000E+00
 1.60000E+00 0.00000E+00 0.00000E+00
 1.80000E+00 0.00000E+00 0.00000E+00
 2.00000E+00 0.00000E+00 0.00000E+00
 2.20000E+00 0.00000E+00 0.00000E+00
 2.40000E+00 0.00000E+00 0.00000E+00
 2.60000E+00 0.00000E+00 0.00000E+00
 2.80000E+00 0.00000E+00 0.00000E+00
 3.00000E+00 0.00000E+00 0.00000E+00
 3.20000E+00 0.00000E+00 0.00000E+00
 3.40000E+00 0.00000E+00 0.00000E+00
 3.60000E+00 0.00000E+00 0.00000E+00
 3.80000E+00 0.00000E+00 0.00000E+00
 4.00000E+00 0.00000E+00 0.00000E+00
 4.20000E+00 0.00000E+00 0.00000E+00
 4.40000E+00 0.00000E+00 0.00000E+00
 4.60000E+00 0.00000E+00 0.00000E+00
 4.80000E+00 0.00000E+00 0.00000E+00
 5.00000E+00 0.00000E+00 0.00000E+00
 5.20000E+00 0.00000E+00 0.00000E+00
 5.40000E+00 0.00000E+00 0.00000E+00
 5.60000E+00 0.00000E+00 0.00000E+00
 5.80000E+00 0.00000E+00 0.00000E+00
 6.00000E+00 0.00000E+00 0.00000E+00
 6.20000E+00 0.00000E+00 0.00000E+00
 6.40000E+00 0.00000E+00 0.00000E+00
 6.60000E+00 0.00000E+00 0.00000E+00
 6.80000E+00 0.00000E+00 0.00000E+00
 7.00000E+00 0.00000E+00 0.00000E+00
 7.20000E+00 0.00000E+00 0.00000E+00
 7.40000E+00 0.00000E+00 0.00000E+00
 7.60000E+00 0.00000E+00 0.00000E+00
 7.80000E+00 0.00000E+00 0.00000E+00
 8.00000E+00 0.00000E+00 0.00000E+00
 8.50000E+00 0.00000E+00 0.00000E+00
 9.00000E+00 0.00000E+00 0.00000E+00
 9.50000E+00 0.00000E+00 0.00000E+00
 1.00000E+01 0.00000E+00 0.00000E+00
 1.05000E+01 0.00000E+00 0.00000E+00
 1.10000E+01 6.45393E-15 0.00000E+00
 1.15000E+01 5.84361E-14 0.00000E+00
 1.20000E+01 2.65186E-13 0.00000E+00
 1.25000E+01 9.89443E-13 0.00000E+00
 1.30000E+01 3.06991E-12 0.00000E+00
 1.35000E+01 8.41969E-12 0.00000E+00
 1.40000E+01 2.04628E-11 0.00000E+00
 1.45000E+01 4.78751E-11 0.00000E+00
 1.50000E+01 1.03788E-10 0.00000E+00
 1.60000E+01 3.81481E-10 0.00000E+00
 1.70000E+01 1.20256E-09 0.00000E+00
 1.80000E+01 3.16793E-09 0.00000E+00
 1.90000E+01 7.30030E-09 0.00000E+00
 2.00000E+01 1.51354E-08 0.00000E+00
 2.10000E+01 2.62740E-08 0.00000E+00
 2.20000E+01 4.38173E-08 0.00000E+00
 2.30000E+01 5.91193E-08 0.00000E+00
 2.40000E+01 7.38807E-08 0.00000E+00
 2.50000E+01 9.09616E-08 0.00000E+00
 2.60000E+01 1.05157E-07 0.00000E+00
 2.70000E+01 1.17926E-07 0.00000E+00
 2.80000E+01 1.27484E-07 0.00000E+00
 2.90000E+01 1.35159E-07 0.00000E+00
 3.00000E+01 1.40348E-07 0.00000E+00
 3.20000E+01 1.44968E-07 0.00000E+00
 3.40000E+01 2.63375E-04 5.53047E-01
 3.60000E+01 3.30555E-04 5.56635E-01
 3.80000E+01 3.83521E-04 5.95058E-01
 4.00000E+01 4.00524E-04 6.06159E-01
 4.20000E+01 4.34577E-04 6.03734E-01
 4.40000E+01 4.54150E-04 6.02850E-01
 4.60000E+01 4.25656E-04 6.41020E-01
 4.80000E+01 3.58427E-04 6.32829E-01
 5.00000E+01 3.76877E-04 6.28409E-01
 5.20000E+01 4.04861E-04 6.10041E-01
 5.40000E+01 4.60109E-04 5.62034E-01
