# p + 181Ta: Production of 177Hf - Total
# Q-value    = 1.23442E+00 mass= 176.943230
# E-threshold= 0.00000E+00
# # energies =   100
#     E          xs
 1.00000E-11 0.00000E+00
 2.53000E-08 0.00000E+00
 2.00000E-07 0.00000E+00
 1.00000E-06 0.00000E+00
 1.00000E-05 0.00000E+00
 1.00000E-04 0.00000E+00
 1.00000E-03 0.00000E+00
 2.00000E-03 0.00000E+00
 4.00000E-03 0.00000E+00
 7.00000E-03 0.00000E+00
 1.00000E-02 0.00000E+00
 2.00000E-02 0.00000E+00
 4.00000E-02 0.00000E+00
 7.00000E-02 0.00000E+00
 1.00000E-01 0.00000E+00
 2.00000E-01 0.00000E+00
 3.00000E-01 0.00000E+00
 4.00000E-01 0.00000E+00
 5.00000E-01 0.00000E+00
 6.00000E-01 0.00000E+00
 7.00000E-01 0.00000E+00
 8.00000E-01 0.00000E+00
 9.00000E-01 0.00000E+00
 1.00000E+00 0.00000E+00
 1.20000E+00 0.00000E+00
 1.40000E+00 0.00000E+00
 1.60000E+00 0.00000E+00
 1.80000E+00 0.00000E+00
 2.00000E+00 0.00000E+00
 2.20000E+00 0.00000E+00
 2.40000E+00 0.00000E+00
 2.60000E+00 0.00000E+00
 2.80000E+00 0.00000E+00
 3.00000E+00 0.00000E+00
 3.20000E+00 0.00000E+00
 3.40000E+00 0.00000E+00
 3.60000E+00 1.00000E-07
 3.80000E+00 1.00000E-07
 4.00000E+00 1.00000E-07
 4.20000E+00 1.00000E-07
 4.40000E+00 1.00000E-07
 4.60000E+00 1.00000E-07
 4.80000E+00 1.00000E-07
 5.00000E+00 1.00000E-07
 5.20000E+00 1.00000E-07
 5.40000E+00 1.00000E-07
 5.60000E+00 1.00000E-07
 5.80000E+00 1.00000E-07
 6.00000E+00 1.00000E-07
 6.20000E+00 1.00000E-07
 6.40000E+00 1.00000E-07
 6.60000E+00 1.00000E-07
 6.80000E+00 1.00000E-07
 7.00000E+00 1.00000E-07
 7.20000E+00 1.00000E-07
 7.40000E+00 1.00000E-07
 7.60000E+00 1.00000E-07
 7.80000E+00 1.00000E-07
 8.00000E+00 1.00000E-07
 8.50000E+00 1.00000E-07
 9.00000E+00 1.00000E-07
 9.50000E+00 1.00000E-07
 1.00000E+01 1.00000E-07
 1.05000E+01 1.00000E-07
 1.10000E+01 1.00000E-07
 1.15000E+01 1.00000E-07
 1.20000E+01 1.00000E-07
 1.25000E+01 1.39465E-03
 1.30000E+01 2.77586E-03
 1.35000E+01 4.97617E-03
 1.40000E+01 8.58724E-03
 1.45000E+01 1.51769E-02
 1.50000E+01 2.62028E-02
 1.60000E+01 7.60997E-02
 1.70000E+01 2.02416E-01
 1.80000E+01 4.99542E-01
 1.90000E+01 1.34644E+00
 2.00000E+01 4.57161E+00
 2.10000E+01 7.53020E+00
 2.20000E+01 1.07647E+01
 2.30000E+01 8.03665E+00
 2.40000E+01 6.90436E+00
 2.50000E+01 7.06939E+00
 2.60000E+01 7.51383E+00
 2.70000E+01 7.78593E+00
 2.80000E+01 7.75164E+00
 2.90000E+01 7.60727E+00
 3.00000E+01 7.68512E+00
 3.20000E+01 6.91497E+00
 3.40000E+01 6.16844E+00
 3.60000E+01 5.56173E+00
 3.80000E+01 4.80148E+00
 4.00000E+01 4.13827E+00
 4.20000E+01 3.85597E+00
 4.40000E+01 3.89364E+00
 4.60000E+01 4.00071E+00
 4.80000E+01 4.64377E+00
 5.00000E+01 5.09149E+00
 5.20000E+01 5.78181E+00
 5.40000E+01 6.52891E+00
