# p + 180Ta: Production of 180Ta - Total
# Q-value    =-3.96700E-02 mass= 179.947468
# E-threshold= 3.98921E-02
# # energies =   100
#     E          xs
 1.00000E-11 0.00000E+00
 2.53000E-08 0.00000E+00
 2.00000E-07 0.00000E+00
 1.00000E-06 0.00000E+00
 1.00000E-05 0.00000E+00
 1.00000E-04 0.00000E+00
 1.00000E-03 0.00000E+00
 2.00000E-03 0.00000E+00
 4.00000E-03 0.00000E+00
 7.00000E-03 0.00000E+00
 1.00000E-02 0.00000E+00
 2.00000E-02 0.00000E+00
 4.00000E-02 0.00000E+00
 7.00000E-02 0.00000E+00
 1.00000E-01 0.00000E+00
 2.00000E-01 0.00000E+00
 3.00000E-01 0.00000E+00
 4.00000E-01 0.00000E+00
 5.00000E-01 0.00000E+00
 6.00000E-01 0.00000E+00
 7.00000E-01 0.00000E+00
 8.00000E-01 0.00000E+00
 9.00000E-01 0.00000E+00
 1.00000E+00 0.00000E+00
 1.20000E+00 0.00000E+00
 1.40000E+00 0.00000E+00
 1.60000E+00 0.00000E+00
 1.80000E+00 0.00000E+00
 2.00000E+00 0.00000E+00
 2.20000E+00 0.00000E+00
 2.40000E+00 0.00000E+00
 2.60000E+00 0.00000E+00
 2.80000E+00 0.00000E+00
 3.00000E+00 0.00000E+00
 3.20000E+00 0.00000E+00
 3.40000E+00 0.00000E+00
 3.60000E+00 0.00000E+00
 3.80000E+00 0.00000E+00
 4.00000E+00 0.00000E+00
 4.20000E+00 0.00000E+00
 4.40000E+00 0.00000E+00
 4.60000E+00 0.00000E+00
 4.80000E+00 0.00000E+00
 5.00000E+00 0.00000E+00
 5.20000E+00 0.00000E+00
 5.40000E+00 0.00000E+00
 5.60000E+00 0.00000E+00
 5.80000E+00 0.00000E+00
 6.00000E+00 0.00000E+00
 6.20000E+00 0.00000E+00
 6.40000E+00 0.00000E+00
 6.60000E+00 0.00000E+00
 6.80000E+00 0.00000E+00
 7.00000E+00 1.48642E-03
 7.20000E+00 2.73253E-03
 7.40000E+00 4.87206E-03
 7.60000E+00 8.30840E-03
 7.80000E+00 1.40555E-02
 8.00000E+00 2.25594E-02
 8.50000E+00 6.67188E-02
 9.00000E+00 1.66859E-01
 9.50000E+00 3.59210E-01
 1.00000E+01 6.82019E-01
 1.05000E+01 1.17224E+00
 1.10000E+01 1.86734E+00
 1.15000E+01 2.80915E+00
 1.20000E+01 4.03872E+00
 1.25000E+01 5.59723E+00
 1.30000E+01 7.51953E+00
 1.35000E+01 9.83062E+00
 1.40000E+01 1.25351E+01
 1.45000E+01 1.56231E+01
 1.50000E+01 1.90597E+01
 1.60000E+01 2.66047E+01
 1.70000E+01 3.44423E+01
 1.80000E+01 4.20614E+01
 1.90000E+01 4.91325E+01
 2.00000E+01 5.56260E+01
 2.10000E+01 6.08197E+01
 2.20000E+01 6.52830E+01
 2.30000E+01 6.89267E+01
 2.40000E+01 7.15813E+01
 2.50000E+01 7.35622E+01
 2.60000E+01 7.52067E+01
 2.70000E+01 7.55280E+01
 2.80000E+01 7.62778E+01
 2.90000E+01 7.65805E+01
 3.00000E+01 7.56115E+01
 3.20000E+01 7.55572E+01
 3.40000E+01 7.19354E+01
 3.60000E+01 7.12016E+01
 3.80000E+01 6.78085E+01
 4.00000E+01 6.50527E+01
 4.20000E+01 6.43914E+01
 4.40000E+01 6.13470E+01
 4.60000E+01 5.78779E+01
 4.80000E+01 5.88534E+01
 5.00000E+01 5.97705E+01
 5.20000E+01 5.76843E+01
 5.40000E+01 5.13401E+01
