# p + 181Ta: Production of 178Hf - Ground state
# Q-value    = 8.86036E+00 mass= 177.943708
# E-threshold= 0.00000E+00
# # energies =   100
#     E          xs      Branching
 1.00000E-11 0.00000E+00 0.00000E+00
 2.53000E-08 0.00000E+00 0.00000E+00
 2.00000E-07 0.00000E+00 0.00000E+00
 1.00000E-06 0.00000E+00 0.00000E+00
 1.00000E-05 0.00000E+00 0.00000E+00
 1.00000E-04 0.00000E+00 0.00000E+00
 1.00000E-03 0.00000E+00 0.00000E+00
 2.00000E-03 0.00000E+00 0.00000E+00
 4.00000E-03 0.00000E+00 0.00000E+00
 7.00000E-03 0.00000E+00 0.00000E+00
 1.00000E-02 0.00000E+00 0.00000E+00
 2.00000E-02 0.00000E+00 0.00000E+00
 4.00000E-02 0.00000E+00 0.00000E+00
 7.00000E-02 0.00000E+00 0.00000E+00
 1.00000E-01 0.00000E+00 0.00000E+00
 2.00000E-01 0.00000E+00 0.00000E+00
 3.00000E-01 0.00000E+00 0.00000E+00
 4.00000E-01 0.00000E+00 0.00000E+00
 5.00000E-01 0.00000E+00 0.00000E+00
 6.00000E-01 0.00000E+00 0.00000E+00
 7.00000E-01 0.00000E+00 0.00000E+00
 8.00000E-01 0.00000E+00 0.00000E+00
 9.00000E-01 0.00000E+00 0.00000E+00
 1.00000E+00 0.00000E+00 0.00000E+00
 1.20000E+00 0.00000E+00 0.00000E+00
 1.40000E+00 0.00000E+00 0.00000E+00
 1.60000E+00 0.00000E+00 0.00000E+00
 1.80000E+00 0.00000E+00 0.00000E+00
 2.00000E+00 0.00000E+00 0.00000E+00
 2.20000E+00 0.00000E+00 0.00000E+00
 2.40000E+00 0.00000E+00 0.00000E+00
 2.60000E+00 0.00000E+00 0.00000E+00
 2.80000E+00 9.15548E-14 0.00000E+00
 3.00000E+00 6.53694E-13 0.00000E+00
 3.20000E+00 2.59802E-12 0.00000E+00
 3.40000E+00 9.70646E-12 0.00000E+00
 3.60000E+00 2.95701E-11 0.00000E+00
 3.80000E+00 8.61697E-11 0.00000E+00
 4.00000E+00 2.24333E-10 0.00000E+00
 4.20000E+00 5.15023E-10 0.00000E+00
 4.40000E+00 1.18075E-09 0.00000E+00
 4.60000E+00 2.37149E-09 0.00000E+00
 4.80000E+00 4.69223E-09 0.00000E+00
 5.00000E+00 8.69114E-09 0.00000E+00
 5.20000E+00 1.49209E-08 0.00000E+00
 5.40000E+00 2.58788E-08 0.00000E+00
 5.60000E+00 4.11757E-08 0.00000E+00
 5.80000E+00 6.49963E-08 0.00000E+00
 6.00000E+00 9.85701E-08 0.00000E+00
 6.20000E+00 1.41701E-07 0.00000E+00
 6.40000E+00 2.09214E-07 0.00000E+00
 6.60000E+00 2.88802E-07 0.00000E+00
 6.80000E+00 3.98882E-07 0.00000E+00
 7.00000E+00 5.32682E-07 0.00000E+00
 7.20000E+00 6.83152E-07 0.00000E+00
 7.40000E+00 8.72934E-07 0.00000E+00
 7.60000E+00 1.05956E-06 0.00000E+00
 7.80000E+00 1.29520E-06 0.00000E+00
 8.00000E+00 1.51242E-06 0.00000E+00
 8.50000E+00 9.07283E-04 7.24718E-01
 9.00000E+00 1.92312E-03 7.27355E-01
 9.50000E+00 3.95062E-03 7.28287E-01
 1.00000E+01 7.81401E-03 7.31392E-01
 1.05000E+01 1.48131E-02 7.39114E-01
 1.10000E+01 2.68347E-02 7.48394E-01
 1.15000E+01 4.62842E-02 7.59105E-01
 1.20000E+01 7.66308E-02 7.71073E-01
 1.25000E+01 1.20420E-01 7.83251E-01
 1.30000E+01 1.82234E-01 7.94016E-01
 1.35000E+01 2.63089E-01 8.02273E-01
 1.40000E+01 3.79921E-01 7.91174E-01
 1.45000E+01 4.95661E-01 7.93129E-01
 1.50000E+01 6.72325E-01 8.01487E-01
 1.60000E+01 1.09075E+00 8.04636E-01
 1.70000E+01 1.69744E+00 8.02683E-01
 1.80000E+01 2.69180E+00 7.90476E-01
 1.90000E+01 5.05394E+00 7.81630E-01
 2.00000E+01 1.38964E+01 7.76747E-01
 2.10000E+01 1.49903E+01 7.66402E-01
 2.20000E+01 1.56480E+01 7.56281E-01
 2.30000E+01 7.90599E+00 7.47497E-01
 2.40000E+01 4.64077E+00 7.35944E-01
 2.50000E+01 3.78409E+00 7.28416E-01
 2.60000E+01 3.10872E+00 7.30770E-01
 2.70000E+01 2.64018E+00 7.24517E-01
 2.80000E+01 2.39291E+00 7.20668E-01
 2.90000E+01 2.20154E+00 7.21985E-01
 3.00000E+01 1.82845E+00 7.16816E-01
 3.20000E+01 1.50400E+00 7.16160E-01
 3.40000E+01 1.48985E+00 7.22907E-01
 3.60000E+01 1.69573E+00 7.43460E-01
 3.80000E+01 2.15171E+00 7.42634E-01
 4.00000E+01 2.48679E+00 7.35264E-01
 4.20000E+01 3.06738E+00 7.40592E-01
 4.40000E+01 3.69553E+00 7.36006E-01
 4.60000E+01 4.66325E+00 7.44179E-01
 4.80000E+01 5.35477E+00 7.60198E-01
 5.00000E+01 6.47531E+00 7.75572E-01
 5.20000E+01 8.06010E+00 7.91118E-01
 5.40000E+01 9.64723E+00 8.03152E-01
