# p + 180Ta: Production of 179W  - Level  2     0.22191 MeV
# Q-value    =-8.71397E+00 mass= 178.947079
# E-threshold= 8.76275E+00
# # energies =   100
#     E          xs      Branching
 1.00000E-11 0.00000E+00 0.00000E+00
 2.53000E-08 0.00000E+00 0.00000E+00
 2.00000E-07 0.00000E+00 0.00000E+00
 1.00000E-06 0.00000E+00 0.00000E+00
 1.00000E-05 0.00000E+00 0.00000E+00
 1.00000E-04 0.00000E+00 0.00000E+00
 1.00000E-03 0.00000E+00 0.00000E+00
 2.00000E-03 0.00000E+00 0.00000E+00
 4.00000E-03 0.00000E+00 0.00000E+00
 7.00000E-03 0.00000E+00 0.00000E+00
 1.00000E-02 0.00000E+00 0.00000E+00
 2.00000E-02 0.00000E+00 0.00000E+00
 4.00000E-02 0.00000E+00 0.00000E+00
 7.00000E-02 0.00000E+00 0.00000E+00
 1.00000E-01 0.00000E+00 0.00000E+00
 2.00000E-01 0.00000E+00 0.00000E+00
 3.00000E-01 0.00000E+00 0.00000E+00
 4.00000E-01 0.00000E+00 0.00000E+00
 5.00000E-01 0.00000E+00 0.00000E+00
 6.00000E-01 0.00000E+00 0.00000E+00
 7.00000E-01 0.00000E+00 0.00000E+00
 8.00000E-01 0.00000E+00 0.00000E+00
 9.00000E-01 0.00000E+00 0.00000E+00
 1.00000E+00 0.00000E+00 0.00000E+00
 1.20000E+00 0.00000E+00 0.00000E+00
 1.40000E+00 0.00000E+00 0.00000E+00
 1.60000E+00 0.00000E+00 0.00000E+00
 1.80000E+00 0.00000E+00 0.00000E+00
 2.00000E+00 0.00000E+00 0.00000E+00
 2.20000E+00 0.00000E+00 0.00000E+00
 2.40000E+00 0.00000E+00 0.00000E+00
 2.60000E+00 0.00000E+00 0.00000E+00
 2.80000E+00 0.00000E+00 0.00000E+00
 3.00000E+00 0.00000E+00 0.00000E+00
 3.20000E+00 0.00000E+00 0.00000E+00
 3.40000E+00 0.00000E+00 0.00000E+00
 3.60000E+00 0.00000E+00 0.00000E+00
 3.80000E+00 0.00000E+00 0.00000E+00
 4.00000E+00 0.00000E+00 0.00000E+00
 4.20000E+00 0.00000E+00 0.00000E+00
 4.40000E+00 0.00000E+00 0.00000E+00
 4.60000E+00 0.00000E+00 0.00000E+00
 4.80000E+00 0.00000E+00 0.00000E+00
 5.00000E+00 0.00000E+00 0.00000E+00
 5.20000E+00 0.00000E+00 0.00000E+00
 5.40000E+00 0.00000E+00 0.00000E+00
 5.60000E+00 0.00000E+00 0.00000E+00
 5.80000E+00 0.00000E+00 0.00000E+00
 6.00000E+00 0.00000E+00 0.00000E+00
 6.20000E+00 0.00000E+00 0.00000E+00
 6.40000E+00 0.00000E+00 0.00000E+00
 6.60000E+00 0.00000E+00 0.00000E+00
 6.80000E+00 0.00000E+00 0.00000E+00
 7.00000E+00 0.00000E+00 0.00000E+00
 7.20000E+00 0.00000E+00 0.00000E+00
 7.40000E+00 0.00000E+00 0.00000E+00
 7.60000E+00 0.00000E+00 0.00000E+00
 7.80000E+00 0.00000E+00 0.00000E+00
 8.00000E+00 0.00000E+00 0.00000E+00
 8.50000E+00 0.00000E+00 0.00000E+00
 9.00000E+00 2.03280E+00 2.07511E-01
 9.50000E+00 1.84034E+01 3.17633E-01
 1.00000E+01 4.11887E+01 3.13269E-01
 1.05000E+01 6.26347E+01 2.98625E-01
 1.10000E+01 8.11071E+01 2.83209E-01
 1.15000E+01 9.68440E+01 2.68250E-01
 1.20000E+01 1.09507E+02 2.52897E-01
 1.25000E+01 1.19838E+02 2.37875E-01
 1.30000E+01 1.28019E+02 2.23655E-01
 1.35000E+01 1.34418E+02 2.10395E-01
 1.40000E+01 1.39243E+02 1.98215E-01
 1.45000E+01 1.44803E+02 1.89786E-01
 1.50000E+01 1.47992E+02 1.80591E-01
 1.60000E+01 1.50503E+02 1.64142E-01
 1.70000E+01 1.31493E+02 1.42936E-01
 1.80000E+01 9.87271E+01 1.22871E-01
 1.90000E+01 7.10366E+01 1.09495E-01
 2.00000E+01 5.28237E+01 1.04175E-01
 2.10000E+01 4.10526E+01 1.03206E-01
 2.20000E+01 3.62011E+01 1.14435E-01
 2.30000E+01 3.18832E+01 1.22912E-01
 2.40000E+01 2.86230E+01 1.31703E-01
 2.50000E+01 2.70495E+01 1.44101E-01
 2.60000E+01 2.53413E+01 1.52302E-01
 2.70000E+01 2.41311E+01 1.58854E-01
 2.80000E+01 2.29830E+01 1.62821E-01
 2.90000E+01 2.20264E+01 1.65786E-01
 3.00000E+01 2.12386E+01 1.67374E-01
 3.20000E+01 1.97159E+01 1.69212E-01
 3.40000E+01 1.84255E+01 1.70035E-01
 3.60000E+01 1.74126E+01 1.72097E-01
 3.80000E+01 1.63236E+01 1.72598E-01
 4.00000E+01 1.55050E+01 1.73523E-01
 4.20000E+01 1.44530E+01 1.74044E-01
 4.40000E+01 1.34660E+01 1.73384E-01
 4.60000E+01 1.28638E+01 1.75173E-01
 4.80000E+01 1.23451E+01 1.77235E-01
 5.00000E+01 1.14026E+01 1.78266E-01
 5.20000E+01 1.09722E+01 1.80484E-01
 5.40000E+01 1.03945E+01 1.78659E-01
