# p + 180Ta: Production of 181W  - Total
# Q-value    = 6.58928E+00 mass= 180.948219
# E-threshold= 0.00000E+00
# # energies =   100
#     E          xs
 1.00000E-11 0.00000E+00
 2.53000E-08 0.00000E+00
 2.00000E-07 0.00000E+00
 1.00000E-06 0.00000E+00
 1.00000E-05 0.00000E+00
 1.00000E-04 0.00000E+00
 1.00000E-03 0.00000E+00
 2.00000E-03 0.00000E+00
 4.00000E-03 0.00000E+00
 7.00000E-03 0.00000E+00
 1.00000E-02 0.00000E+00
 2.00000E-02 0.00000E+00
 4.00000E-02 0.00000E+00
 7.00000E-02 0.00000E+00
 1.00000E-01 0.00000E+00
 2.00000E-01 0.00000E+00
 3.00000E-01 0.00000E+00
 4.00000E-01 0.00000E+00
 5.00000E-01 0.00000E+00
 6.00000E-01 0.00000E+00
 7.00000E-01 0.00000E+00
 8.00000E-01 0.00000E+00
 9.00000E-01 0.00000E+00
 1.00000E+00 0.00000E+00
 1.20000E+00 0.00000E+00
 1.40000E+00 0.00000E+00
 1.60000E+00 0.00000E+00
 1.80000E+00 0.00000E+00
 2.00000E+00 0.00000E+00
 2.20000E+00 0.00000E+00
 2.40000E+00 0.00000E+00
 2.60000E+00 0.00000E+00
 2.80000E+00 1.00000E-07
 3.00000E+00 1.00000E-07
 3.20000E+00 1.00000E-07
 3.40000E+00 1.00000E-07
 3.60000E+00 1.00000E-07
 3.80000E+00 1.00000E-07
 4.00000E+00 1.00000E-07
 4.20000E+00 1.00000E-07
 4.40000E+00 6.23370E-04
 4.60000E+00 1.03448E-03
 4.80000E+00 1.67658E-03
 5.00000E+00 2.52267E-03
 5.20000E+00 3.75882E-03
 5.40000E+00 5.28777E-03
 5.60000E+00 7.26939E-03
 5.80000E+00 9.78851E-03
 6.00000E+00 1.24625E-02
 6.20000E+00 1.58980E-02
 6.40000E+00 1.98369E-02
 6.60000E+00 2.38094E-02
 6.80000E+00 2.86914E-02
 7.00000E+00 3.43893E-02
 7.20000E+00 4.06254E-02
 7.40000E+00 4.68305E-02
 7.60000E+00 5.53112E-02
 7.80000E+00 6.44418E-02
 8.00000E+00 7.36903E-02
 8.50000E+00 1.05901E-01
 9.00000E+00 1.46220E-01
 9.50000E+00 1.96560E-01
 1.00000E+01 2.52036E-01
 1.05000E+01 3.12453E-01
 1.10000E+01 3.73850E-01
 1.15000E+01 4.36139E-01
 1.20000E+01 4.97475E-01
 1.25000E+01 5.55617E-01
 1.30000E+01 6.09804E-01
 1.35000E+01 6.55805E-01
 1.40000E+01 6.91723E-01
 1.45000E+01 7.26323E-01
 1.50000E+01 7.32447E-01
 1.60000E+01 7.28773E-01
 1.70000E+01 6.94168E-01
 1.80000E+01 6.36341E-01
 1.90000E+01 5.79902E-01
 2.00000E+01 5.19214E-01
 2.10000E+01 4.71190E-01
 2.20000E+01 4.28118E-01
 2.30000E+01 3.93733E-01
 2.40000E+01 3.61874E-01
 2.50000E+01 3.40039E-01
 2.60000E+01 3.18733E-01
 2.70000E+01 3.04650E-01
 2.80000E+01 2.90594E-01
 2.90000E+01 2.78029E-01
 3.00000E+01 2.69246E-01
 3.20000E+01 2.47887E-01
 3.40000E+01 2.26496E-01
 3.60000E+01 2.08658E-01
 3.80000E+01 1.90433E-01
 4.00000E+01 1.76594E-01
 4.20000E+01 1.67709E-01
 4.40000E+01 1.59035E-01
 4.60000E+01 1.46254E-01
 4.80000E+01 1.37852E-01
 5.00000E+01 1.33083E-01
 5.20000E+01 1.29087E-01
 5.40000E+01 1.24132E-01
