# p + 181Ta: Production of 180W  - Total
# Q-value    =-7.65650E+00 mass= 179.946713
# E-threshold= 7.69912E+00
# # energies =   100
#     E          xs
 1.00000E-11 0.00000E+00
 2.53000E-08 0.00000E+00
 2.00000E-07 0.00000E+00
 1.00000E-06 0.00000E+00
 1.00000E-05 0.00000E+00
 1.00000E-04 0.00000E+00
 1.00000E-03 0.00000E+00
 2.00000E-03 0.00000E+00
 4.00000E-03 0.00000E+00
 7.00000E-03 0.00000E+00
 1.00000E-02 0.00000E+00
 2.00000E-02 0.00000E+00
 4.00000E-02 0.00000E+00
 7.00000E-02 0.00000E+00
 1.00000E-01 0.00000E+00
 2.00000E-01 0.00000E+00
 3.00000E-01 0.00000E+00
 4.00000E-01 0.00000E+00
 5.00000E-01 0.00000E+00
 6.00000E-01 0.00000E+00
 7.00000E-01 0.00000E+00
 8.00000E-01 0.00000E+00
 9.00000E-01 0.00000E+00
 1.00000E+00 0.00000E+00
 1.20000E+00 0.00000E+00
 1.40000E+00 0.00000E+00
 1.60000E+00 0.00000E+00
 1.80000E+00 0.00000E+00
 2.00000E+00 0.00000E+00
 2.20000E+00 0.00000E+00
 2.40000E+00 0.00000E+00
 2.60000E+00 0.00000E+00
 2.80000E+00 0.00000E+00
 3.00000E+00 0.00000E+00
 3.20000E+00 0.00000E+00
 3.40000E+00 0.00000E+00
 3.60000E+00 0.00000E+00
 3.80000E+00 0.00000E+00
 4.00000E+00 0.00000E+00
 4.20000E+00 0.00000E+00
 4.40000E+00 0.00000E+00
 4.60000E+00 0.00000E+00
 4.80000E+00 0.00000E+00
 5.00000E+00 0.00000E+00
 5.20000E+00 0.00000E+00
 5.40000E+00 0.00000E+00
 5.60000E+00 0.00000E+00
 5.80000E+00 0.00000E+00
 6.00000E+00 0.00000E+00
 6.20000E+00 0.00000E+00
 6.40000E+00 0.00000E+00
 6.60000E+00 0.00000E+00
 6.80000E+00 0.00000E+00
 7.00000E+00 0.00000E+00
 7.20000E+00 0.00000E+00
 7.40000E+00 0.00000E+00
 7.60000E+00 0.00000E+00
 7.80000E+00 4.25821E-02
 8.00000E+00 1.21641E+00
 8.50000E+00 1.55870E+01
 9.00000E+00 5.03196E+01
 9.50000E+00 1.01279E+02
 1.00000E+01 1.64882E+02
 1.05000E+01 2.35725E+02
 1.10000E+01 3.11563E+02
 1.15000E+01 3.88343E+02
 1.20000E+01 4.64137E+02
 1.25000E+01 5.37658E+02
 1.30000E+01 6.07473E+02
 1.35000E+01 6.73305E+02
 1.40000E+01 7.34968E+02
 1.45000E+01 7.92477E+02
 1.50000E+01 8.46555E+02
 1.60000E+01 9.40578E+02
 1.70000E+01 9.96528E+02
 1.80000E+01 8.95903E+02
 1.90000E+01 7.07447E+02
 2.00000E+01 5.31976E+02
 2.10000E+01 4.03511E+02
 2.20000E+01 3.15632E+02
 2.30000E+01 2.56534E+02
 2.40000E+01 2.18293E+02
 2.50000E+01 1.91919E+02
 2.60000E+01 1.74025E+02
 2.70000E+01 1.61890E+02
 2.80000E+01 1.51992E+02
 2.90000E+01 1.44395E+02
 3.00000E+01 1.37637E+02
 3.20000E+01 1.27137E+02
 3.40000E+01 1.17643E+02
 3.60000E+01 1.09838E+02
 3.80000E+01 1.02339E+02
 4.00000E+01 9.49475E+01
 4.20000E+01 8.91364E+01
 4.40000E+01 8.25876E+01
 4.60000E+01 7.85973E+01
 4.80000E+01 7.30750E+01
 5.00000E+01 6.86510E+01
 5.20000E+01 6.51058E+01
 5.40000E+01 5.99657E+01
