# p + 180Ta: Production of 180W  - Total
# Q-value    =-7.97410E-02 mass= 179.946713
# E-threshold= 8.01874E-02
# # energies =   100
#     E          xs
 1.00000E-11 0.00000E+00
 2.53000E-08 0.00000E+00
 2.00000E-07 0.00000E+00
 1.00000E-06 0.00000E+00
 1.00000E-05 0.00000E+00
 1.00000E-04 0.00000E+00
 1.00000E-03 0.00000E+00
 2.00000E-03 0.00000E+00
 4.00000E-03 0.00000E+00
 7.00000E-03 0.00000E+00
 1.00000E-02 0.00000E+00
 2.00000E-02 0.00000E+00
 4.00000E-02 0.00000E+00
 7.00000E-02 0.00000E+00
 1.00000E-01 0.00000E+00
 2.00000E-01 0.00000E+00
 3.00000E-01 0.00000E+00
 4.00000E-01 0.00000E+00
 5.00000E-01 0.00000E+00
 6.00000E-01 0.00000E+00
 7.00000E-01 0.00000E+00
 8.00000E-01 0.00000E+00
 9.00000E-01 0.00000E+00
 1.00000E+00 0.00000E+00
 1.20000E+00 0.00000E+00
 1.40000E+00 0.00000E+00
 1.60000E+00 0.00000E+00
 1.80000E+00 0.00000E+00
 2.00000E+00 0.00000E+00
 2.20000E+00 0.00000E+00
 2.40000E+00 0.00000E+00
 2.60000E+00 0.00000E+00
 2.80000E+00 0.00000E+00
 3.00000E+00 0.00000E+00
 3.20000E+00 0.00000E+00
 3.40000E+00 0.00000E+00
 3.60000E+00 1.23039E-03
 3.80000E+00 3.05605E-03
 4.00000E+00 7.05227E-03
 4.20000E+00 1.52609E-02
 4.40000E+00 3.22982E-02
 4.60000E+00 6.27292E-02
 4.80000E+00 1.16356E-01
 5.00000E+00 2.07263E-01
 5.20000E+00 3.55677E-01
 5.40000E+00 5.90333E-01
 5.60000E+00 9.50224E-01
 5.80000E+00 1.48711E+00
 6.00000E+00 2.26839E+00
 6.20000E+00 3.37791E+00
 6.40000E+00 4.91927E+00
 6.60000E+00 7.01664E+00
 6.80000E+00 9.81264E+00
 7.00000E+00 1.34686E+01
 7.20000E+00 1.81600E+01
 7.40000E+00 2.40682E+01
 7.60000E+00 3.13707E+01
 7.80000E+00 4.02324E+01
 8.00000E+00 5.07896E+01
 8.50000E+00 8.50754E+01
 9.00000E+00 1.20542E+02
 9.50000E+00 1.26569E+02
 1.00000E+01 1.13091E+02
 1.05000E+01 9.81461E+01
 1.10000E+01 8.64740E+01
 1.15000E+01 7.77423E+01
 1.20000E+01 7.21986E+01
 1.25000E+01 6.79177E+01
 1.30000E+01 6.51741E+01
 1.35000E+01 6.32296E+01
 1.40000E+01 6.18531E+01
 1.45000E+01 6.07962E+01
 1.50000E+01 6.00439E+01
 1.60000E+01 5.88223E+01
 1.70000E+01 5.83057E+01
 1.80000E+01 5.76759E+01
 1.90000E+01 5.70712E+01
 2.00000E+01 5.61397E+01
 2.10000E+01 5.51456E+01
 2.20000E+01 5.38162E+01
 2.30000E+01 5.25900E+01
 2.40000E+01 5.12105E+01
 2.50000E+01 4.96578E+01
 2.60000E+01 4.83194E+01
 2.70000E+01 4.66802E+01
 2.80000E+01 4.53091E+01
 2.90000E+01 4.39873E+01
 3.00000E+01 4.22962E+01
 3.20000E+01 3.95693E+01
 3.40000E+01 3.68565E+01
 3.60000E+01 3.40610E+01
 3.80000E+01 3.23396E+01
 4.00000E+01 2.97648E+01
 4.20000E+01 2.74083E+01
 4.40000E+01 2.63154E+01
 4.60000E+01 2.35252E+01
 4.80000E+01 2.19005E+01
 5.00000E+01 2.11327E+01
 5.20000E+01 1.97213E+01
 5.40000E+01 1.71712E+01
