# p + 181Ta: Production of 181Ta - Total
# Q-value    =-6.23700E-03 mass= 180.947999
# E-threshold= 6.27172E-03
# # energies =   100
#     E          xs
 1.00000E-11 0.00000E+00
 2.53000E-08 0.00000E+00
 2.00000E-07 0.00000E+00
 1.00000E-06 0.00000E+00
 1.00000E-05 0.00000E+00
 1.00000E-04 0.00000E+00
 1.00000E-03 0.00000E+00
 2.00000E-03 0.00000E+00
 4.00000E-03 0.00000E+00
 7.00000E-03 0.00000E+00
 1.00000E-02 0.00000E+00
 2.00000E-02 0.00000E+00
 4.00000E-02 0.00000E+00
 7.00000E-02 0.00000E+00
 1.00000E-01 0.00000E+00
 2.00000E-01 0.00000E+00
 3.00000E-01 0.00000E+00
 4.00000E-01 0.00000E+00
 5.00000E-01 0.00000E+00
 6.00000E-01 0.00000E+00
 7.00000E-01 0.00000E+00
 8.00000E-01 0.00000E+00
 9.00000E-01 0.00000E+00
 1.00000E+00 0.00000E+00
 1.20000E+00 0.00000E+00
 1.40000E+00 0.00000E+00
 1.60000E+00 0.00000E+00
 1.80000E+00 0.00000E+00
 2.00000E+00 0.00000E+00
 2.20000E+00 0.00000E+00
 2.40000E+00 0.00000E+00
 2.60000E+00 0.00000E+00
 2.80000E+00 0.00000E+00
 3.00000E+00 0.00000E+00
 3.20000E+00 0.00000E+00
 3.40000E+00 0.00000E+00
 3.60000E+00 0.00000E+00
 3.80000E+00 0.00000E+00
 4.00000E+00 1.71067E-03
 4.20000E+00 5.25136E-03
 4.40000E+00 1.41950E-02
 4.60000E+00 3.42631E-02
 4.80000E+00 7.47340E-02
 5.00000E+00 1.48880E-01
 5.20000E+00 2.73334E-01
 5.40000E+00 4.66242E-01
 5.60000E+00 7.44278E-01
 5.80000E+00 1.11923E+00
 6.00000E+00 1.59502E+00
 6.20000E+00 2.16614E+00
 6.40000E+00 2.81797E+00
 6.60000E+00 3.52889E+00
 6.80000E+00 4.27379E+00
 7.00000E+00 5.02788E+00
 7.20000E+00 5.77027E+00
 7.40000E+00 6.48648E+00
 7.60000E+00 7.16962E+00
 7.80000E+00 7.82037E+00
 8.00000E+00 8.44645E+00
 8.50000E+00 9.99594E+00
 9.00000E+00 1.17440E+01
 9.50000E+00 1.39341E+01
 1.00000E+01 1.66756E+01
 1.05000E+01 1.99131E+01
 1.10000E+01 2.34885E+01
 1.15000E+01 2.72335E+01
 1.20000E+01 3.10412E+01
 1.25000E+01 3.48855E+01
 1.30000E+01 3.87975E+01
 1.35000E+01 4.28517E+01
 1.40000E+01 4.71276E+01
 1.45000E+01 5.16788E+01
 1.50000E+01 5.68118E+01
 1.60000E+01 6.71491E+01
 1.70000E+01 7.74401E+01
 1.80000E+01 8.68879E+01
 1.90000E+01 9.50942E+01
 2.00000E+01 1.02024E+02
 2.10000E+01 1.07896E+02
 2.20000E+01 1.11742E+02
 2.30000E+01 1.14689E+02
 2.40000E+01 1.16619E+02
 2.50000E+01 1.17365E+02
 2.60000E+01 1.17545E+02
 2.70000E+01 1.18699E+02
 2.80000E+01 1.16339E+02
 2.90000E+01 1.16865E+02
 3.00000E+01 1.16313E+02
 3.20000E+01 1.12436E+02
 3.40000E+01 1.08789E+02
 3.60000E+01 1.06126E+02
 3.80000E+01 1.06034E+02
 4.00000E+01 9.92147E+01
 4.20000E+01 9.88979E+01
 4.40000E+01 9.93157E+01
 4.60000E+01 9.32140E+01
 4.80000E+01 9.48258E+01
 5.00000E+01 9.67640E+01
 5.20000E+01 9.71858E+01
 5.40000E+01 8.81752E+01
