# p + 180Ta: Production of 178Ta - Level  1     0.30000 MeV
# Q-value    =-6.29646E+00 mass= 177.945680
# E-threshold= 6.33170E+00
# # energies =   100
#     E          xs      Branching
 1.00000E-11 0.00000E+00 0.00000E+00
 2.53000E-08 0.00000E+00 0.00000E+00
 2.00000E-07 0.00000E+00 0.00000E+00
 1.00000E-06 0.00000E+00 0.00000E+00
 1.00000E-05 0.00000E+00 0.00000E+00
 1.00000E-04 0.00000E+00 0.00000E+00
 1.00000E-03 0.00000E+00 0.00000E+00
 2.00000E-03 0.00000E+00 0.00000E+00
 4.00000E-03 0.00000E+00 0.00000E+00
 7.00000E-03 0.00000E+00 0.00000E+00
 1.00000E-02 0.00000E+00 0.00000E+00
 2.00000E-02 0.00000E+00 0.00000E+00
 4.00000E-02 0.00000E+00 0.00000E+00
 7.00000E-02 0.00000E+00 0.00000E+00
 1.00000E-01 0.00000E+00 0.00000E+00
 2.00000E-01 0.00000E+00 0.00000E+00
 3.00000E-01 0.00000E+00 0.00000E+00
 4.00000E-01 0.00000E+00 0.00000E+00
 5.00000E-01 0.00000E+00 0.00000E+00
 6.00000E-01 0.00000E+00 0.00000E+00
 7.00000E-01 0.00000E+00 0.00000E+00
 8.00000E-01 0.00000E+00 0.00000E+00
 9.00000E-01 0.00000E+00 0.00000E+00
 1.00000E+00 0.00000E+00 0.00000E+00
 1.20000E+00 0.00000E+00 0.00000E+00
 1.40000E+00 0.00000E+00 0.00000E+00
 1.60000E+00 0.00000E+00 0.00000E+00
 1.80000E+00 0.00000E+00 0.00000E+00
 2.00000E+00 0.00000E+00 0.00000E+00
 2.20000E+00 0.00000E+00 0.00000E+00
 2.40000E+00 0.00000E+00 0.00000E+00
 2.60000E+00 0.00000E+00 0.00000E+00
 2.80000E+00 0.00000E+00 0.00000E+00
 3.00000E+00 0.00000E+00 0.00000E+00
 3.20000E+00 0.00000E+00 0.00000E+00
 3.40000E+00 0.00000E+00 0.00000E+00
 3.60000E+00 0.00000E+00 0.00000E+00
 3.80000E+00 0.00000E+00 0.00000E+00
 4.00000E+00 0.00000E+00 0.00000E+00
 4.20000E+00 0.00000E+00 0.00000E+00
 4.40000E+00 0.00000E+00 0.00000E+00
 4.60000E+00 0.00000E+00 0.00000E+00
 4.80000E+00 0.00000E+00 0.00000E+00
 5.00000E+00 0.00000E+00 0.00000E+00
 5.20000E+00 0.00000E+00 0.00000E+00
 5.40000E+00 0.00000E+00 0.00000E+00
 5.60000E+00 0.00000E+00 0.00000E+00
 5.80000E+00 0.00000E+00 0.00000E+00
 6.00000E+00 0.00000E+00 0.00000E+00
 6.20000E+00 0.00000E+00 0.00000E+00
 6.40000E+00 0.00000E+00 0.00000E+00
 6.60000E+00 0.00000E+00 0.00000E+00
 6.80000E+00 0.00000E+00 0.00000E+00
 7.00000E+00 0.00000E+00 0.00000E+00
 7.20000E+00 0.00000E+00 0.00000E+00
 7.40000E+00 0.00000E+00 0.00000E+00
 7.60000E+00 0.00000E+00 0.00000E+00
 7.80000E+00 0.00000E+00 0.00000E+00
 8.00000E+00 0.00000E+00 0.00000E+00
 8.50000E+00 0.00000E+00 0.00000E+00
 9.00000E+00 0.00000E+00 0.00000E+00
 9.50000E+00 0.00000E+00 0.00000E+00
 1.00000E+01 0.00000E+00 0.00000E+00
 1.05000E+01 0.00000E+00 0.00000E+00
 1.10000E+01 0.00000E+00 0.00000E+00
 1.15000E+01 0.00000E+00 0.00000E+00
 1.20000E+01 0.00000E+00 0.00000E+00
 1.25000E+01 0.00000E+00 0.00000E+00
 1.30000E+01 0.00000E+00 0.00000E+00
 1.35000E+01 0.00000E+00 0.00000E+00
 1.40000E+01 5.81519E-04 4.41848E-01
 1.45000E+01 1.73026E-03 4.38984E-01
 1.50000E+01 4.50497E-03 4.36221E-01
 1.60000E+01 2.13649E-02 4.30548E-01
 1.70000E+01 6.68847E-02 4.24769E-01
 1.80000E+01 1.53312E-01 4.19547E-01
 1.90000E+01 2.83675E-01 4.14577E-01
 2.00000E+01 4.60296E-01 4.09601E-01
 2.10000E+01 7.00547E-01 4.02963E-01
 2.20000E+01 1.05923E+00 3.93706E-01
 2.30000E+01 1.65390E+00 3.82783E-01
 2.40000E+01 2.65604E+00 3.73361E-01
 2.50000E+01 4.25424E+00 3.67592E-01
 2.60000E+01 6.25005E+00 3.61164E-01
 2.70000E+01 8.97518E+00 3.57121E-01
 2.80000E+01 1.29635E+01 3.57837E-01
 2.90000E+01 1.61377E+01 3.53135E-01
 3.00000E+01 2.19536E+01 3.55617E-01
 3.20000E+01 3.29757E+01 3.55236E-01
 3.40000E+01 4.39909E+01 3.56389E-01
 3.60000E+01 5.15838E+01 3.56919E-01
 3.80000E+01 6.20613E+01 3.59273E-01
 4.00000E+01 6.65732E+01 3.60922E-01
 4.20000E+01 7.31606E+01 3.61292E-01
 4.40000E+01 7.28765E+01 3.62491E-01
 4.60000E+01 7.93204E+01 3.62242E-01
 4.80000E+01 7.68718E+01 3.63738E-01
 5.00000E+01 7.56185E+01 3.63202E-01
 5.20000E+01 8.13133E+01 3.62628E-01
 5.40000E+01 7.62983E+01 3.60524E-01
