# p + 180Ta: Production of 177Hf - Ground state
# Q-value    = 8.81117E+00 mass= 176.943230
# E-threshold= 0.00000E+00
# # energies =   100
#     E          xs      Branching
 1.00000E-11 0.00000E+00 0.00000E+00
 2.53000E-08 0.00000E+00 0.00000E+00
 2.00000E-07 0.00000E+00 0.00000E+00
 1.00000E-06 0.00000E+00 0.00000E+00
 1.00000E-05 0.00000E+00 0.00000E+00
 1.00000E-04 0.00000E+00 0.00000E+00
 1.00000E-03 0.00000E+00 0.00000E+00
 2.00000E-03 0.00000E+00 0.00000E+00
 4.00000E-03 0.00000E+00 0.00000E+00
 7.00000E-03 0.00000E+00 0.00000E+00
 1.00000E-02 0.00000E+00 0.00000E+00
 2.00000E-02 0.00000E+00 0.00000E+00
 4.00000E-02 0.00000E+00 0.00000E+00
 7.00000E-02 0.00000E+00 0.00000E+00
 1.00000E-01 0.00000E+00 0.00000E+00
 2.00000E-01 0.00000E+00 0.00000E+00
 3.00000E-01 0.00000E+00 0.00000E+00
 4.00000E-01 0.00000E+00 0.00000E+00
 5.00000E-01 0.00000E+00 0.00000E+00
 6.00000E-01 0.00000E+00 0.00000E+00
 7.00000E-01 0.00000E+00 0.00000E+00
 8.00000E-01 0.00000E+00 0.00000E+00
 9.00000E-01 0.00000E+00 0.00000E+00
 1.00000E+00 0.00000E+00 0.00000E+00
 1.20000E+00 0.00000E+00 0.00000E+00
 1.40000E+00 0.00000E+00 0.00000E+00
 1.60000E+00 0.00000E+00 0.00000E+00
 1.80000E+00 0.00000E+00 0.00000E+00
 2.00000E+00 0.00000E+00 0.00000E+00
 2.20000E+00 0.00000E+00 0.00000E+00
 2.40000E+00 0.00000E+00 0.00000E+00
 2.60000E+00 0.00000E+00 0.00000E+00
 2.80000E+00 5.50776E-13 0.00000E+00
 3.00000E+00 2.76638E-12 0.00000E+00
 3.20000E+00 1.02822E-11 0.00000E+00
 3.40000E+00 4.13890E-11 0.00000E+00
 3.60000E+00 1.26620E-10 0.00000E+00
 3.80000E+00 3.59101E-10 0.00000E+00
 4.00000E+00 9.56913E-10 0.00000E+00
 4.20000E+00 2.16926E-09 0.00000E+00
 4.40000E+00 5.07160E-09 0.00000E+00
 4.60000E+00 1.04104E-08 0.00000E+00
 4.80000E+00 2.02312E-08 0.00000E+00
 5.00000E+00 3.82487E-08 0.00000E+00
 5.20000E+00 6.52769E-08 0.00000E+00
 5.40000E+00 1.13820E-07 0.00000E+00
 5.60000E+00 1.83563E-07 0.00000E+00
 5.80000E+00 2.84928E-07 0.00000E+00
 6.00000E+00 4.37292E-07 0.00000E+00
 6.20000E+00 6.24145E-07 0.00000E+00
 6.40000E+00 9.19646E-07 0.00000E+00
 6.60000E+00 1.28651E-06 0.00000E+00
 6.80000E+00 1.75396E-06 0.00000E+00
 7.00000E+00 2.39686E-06 0.00000E+00
 7.20000E+00 3.09815E-06 0.00000E+00
 7.40000E+00 3.97791E-06 0.00000E+00
 7.60000E+00 3.94395E-04 2.91872E-01
 7.80000E+00 4.86786E-04 2.86575E-01
 8.00000E+00 7.65716E-04 2.93035E-01
 8.50000E+00 1.68785E-03 3.08422E-01
 9.00000E+00 3.46384E-03 3.16991E-01
 9.50000E+00 6.76139E-03 3.21646E-01
 1.00000E+01 1.27692E-02 3.32188E-01
 1.05000E+01 2.34345E-02 3.50524E-01
 1.10000E+01 4.12781E-02 3.73789E-01
 1.15000E+01 6.84658E-02 4.05053E-01
 1.20000E+01 1.12599E-01 4.38561E-01
 1.25000E+01 1.83905E-01 4.84561E-01
 1.30000E+01 2.75085E-01 4.86139E-01
 1.35000E+01 3.83822E-01 5.33797E-01
 1.40000E+01 5.21772E-01 5.03368E-01
 1.45000E+01 7.13382E-01 5.73470E-01
 1.50000E+01 8.46862E-01 5.25655E-01
 1.60000E+01 1.26789E+00 5.40516E-01
 1.70000E+01 1.77317E+00 5.40335E-01
 1.80000E+01 2.52589E+00 5.32450E-01
 1.90000E+01 4.18363E+00 5.20473E-01
 2.00000E+01 1.00500E+01 5.08509E-01
 2.10000E+01 1.13579E+01 4.91861E-01
 2.20000E+01 1.14187E+01 4.80829E-01
 2.30000E+01 5.84152E+00 4.66662E-01
 2.40000E+01 3.16863E+00 4.49028E-01
 2.50000E+01 3.11341E+00 5.55139E-01
 2.60000E+01 2.60249E+00 5.56111E-01
 2.70000E+01 2.26859E+00 5.57084E-01
 2.80000E+01 1.94946E+00 5.60968E-01
 2.90000E+01 1.71150E+00 5.63634E-01
 3.00000E+01 1.55088E+00 5.70960E-01
 3.20000E+01 1.19453E+00 5.33803E-01
 3.40000E+01 1.24584E+00 5.57759E-01
 3.60000E+01 1.45588E+00 5.99437E-01
 3.80000E+01 1.90149E+00 6.70905E-01
 4.00000E+01 2.42118E+00 6.76656E-01
 4.20000E+01 2.85013E+00 6.85073E-01
 4.40000E+01 3.59933E+00 6.99027E-01
 4.60000E+01 4.31683E+00 7.32302E-01
 4.80000E+01 5.16698E+00 7.39696E-01
 5.00000E+01 6.10706E+00 7.60877E-01
 5.20000E+01 7.50195E+00 7.85592E-01
 5.40000E+01 9.27271E+00 7.94130E-01
