# p + 181Ta: Production of 180Ta - Level  2     0.07710 MeV
# Q-value    =-5.42928E+00 mass= 179.947468
# E-threshold= 5.45951E+00
# # energies =   100
#     E          xs      Branching
 1.00000E-11 0.00000E+00 0.00000E+00
 2.53000E-08 0.00000E+00 0.00000E+00
 2.00000E-07 0.00000E+00 0.00000E+00
 1.00000E-06 0.00000E+00 0.00000E+00
 1.00000E-05 0.00000E+00 0.00000E+00
 1.00000E-04 0.00000E+00 0.00000E+00
 1.00000E-03 0.00000E+00 0.00000E+00
 2.00000E-03 0.00000E+00 0.00000E+00
 4.00000E-03 0.00000E+00 0.00000E+00
 7.00000E-03 0.00000E+00 0.00000E+00
 1.00000E-02 0.00000E+00 0.00000E+00
 2.00000E-02 0.00000E+00 0.00000E+00
 4.00000E-02 0.00000E+00 0.00000E+00
 7.00000E-02 0.00000E+00 0.00000E+00
 1.00000E-01 0.00000E+00 0.00000E+00
 2.00000E-01 0.00000E+00 0.00000E+00
 3.00000E-01 0.00000E+00 0.00000E+00
 4.00000E-01 0.00000E+00 0.00000E+00
 5.00000E-01 0.00000E+00 0.00000E+00
 6.00000E-01 0.00000E+00 0.00000E+00
 7.00000E-01 0.00000E+00 0.00000E+00
 8.00000E-01 0.00000E+00 0.00000E+00
 9.00000E-01 0.00000E+00 0.00000E+00
 1.00000E+00 0.00000E+00 0.00000E+00
 1.20000E+00 0.00000E+00 0.00000E+00
 1.40000E+00 0.00000E+00 0.00000E+00
 1.60000E+00 0.00000E+00 0.00000E+00
 1.80000E+00 0.00000E+00 0.00000E+00
 2.00000E+00 0.00000E+00 0.00000E+00
 2.20000E+00 0.00000E+00 0.00000E+00
 2.40000E+00 0.00000E+00 0.00000E+00
 2.60000E+00 0.00000E+00 0.00000E+00
 2.80000E+00 0.00000E+00 0.00000E+00
 3.00000E+00 0.00000E+00 0.00000E+00
 3.20000E+00 0.00000E+00 0.00000E+00
 3.40000E+00 0.00000E+00 0.00000E+00
 3.60000E+00 0.00000E+00 0.00000E+00
 3.80000E+00 0.00000E+00 0.00000E+00
 4.00000E+00 0.00000E+00 0.00000E+00
 4.20000E+00 0.00000E+00 0.00000E+00
 4.40000E+00 0.00000E+00 0.00000E+00
 4.60000E+00 0.00000E+00 0.00000E+00
 4.80000E+00 0.00000E+00 0.00000E+00
 5.00000E+00 0.00000E+00 0.00000E+00
 5.20000E+00 0.00000E+00 0.00000E+00
 5.40000E+00 0.00000E+00 0.00000E+00
 5.60000E+00 0.00000E+00 0.00000E+00
 5.80000E+00 0.00000E+00 0.00000E+00
 6.00000E+00 0.00000E+00 0.00000E+00
 6.20000E+00 0.00000E+00 0.00000E+00
 6.40000E+00 0.00000E+00 0.00000E+00
 6.60000E+00 0.00000E+00 0.00000E+00
 6.80000E+00 0.00000E+00 0.00000E+00
 7.00000E+00 0.00000E+00 0.00000E+00
 7.20000E+00 0.00000E+00 0.00000E+00
 7.40000E+00 0.00000E+00 0.00000E+00
 7.60000E+00 0.00000E+00 0.00000E+00
 7.80000E+00 0.00000E+00 0.00000E+00
 8.00000E+00 0.00000E+00 0.00000E+00
 8.50000E+00 0.00000E+00 0.00000E+00
 9.00000E+00 0.00000E+00 0.00000E+00
 9.50000E+00 0.00000E+00 0.00000E+00
 1.00000E+01 0.00000E+00 0.00000E+00
 1.05000E+01 0.00000E+00 0.00000E+00
 1.10000E+01 0.00000E+00 0.00000E+00
 1.15000E+01 0.00000E+00 0.00000E+00
 1.20000E+01 9.41306E-04 3.41091E-01
 1.25000E+01 3.38456E-03 3.32034E-01
 1.30000E+01 1.03304E-02 3.28411E-01
 1.35000E+01 2.74813E-02 3.28572E-01
 1.40000E+01 6.45976E-02 3.30479E-01
 1.45000E+01 1.38995E-01 3.36816E-01
 1.50000E+01 2.71326E-01 3.43884E-01
 1.60000E+01 8.35081E-01 3.64239E-01
 1.70000E+01 2.09356E+00 3.94219E-01
 1.80000E+01 4.31324E+00 4.23928E-01
 1.90000E+01 7.83570E+00 4.53767E-01
 2.00000E+01 1.27955E+01 4.81515E-01
 2.10000E+01 1.90599E+01 4.97769E-01
 2.20000E+01 2.36067E+01 4.48307E-01
 2.30000E+01 3.09052E+01 4.54766E-01
 2.40000E+01 3.75425E+01 4.47431E-01
 2.50000E+01 4.46636E+01 4.45013E-01
 2.60000E+01 5.17102E+01 4.45040E-01
 2.70000E+01 5.76087E+01 4.44412E-01
 2.80000E+01 6.43071E+01 4.43328E-01
 2.90000E+01 6.84598E+01 4.41439E-01
 3.00000E+01 7.27120E+01 4.39155E-01
 3.20000E+01 7.99828E+01 4.34763E-01
 3.40000E+01 8.44253E+01 4.29827E-01
 3.60000E+01 8.84719E+01 4.28645E-01
 3.80000E+01 8.62071E+01 4.17418E-01
 4.00000E+01 9.08876E+01 4.21629E-01
 4.20000E+01 8.68602E+01 4.13514E-01
 4.40000E+01 8.72318E+01 4.13502E-01
 4.60000E+01 8.70623E+01 4.13529E-01
 4.80000E+01 8.48426E+01 4.08845E-01
 5.00000E+01 8.46307E+01 4.10386E-01
 5.20000E+01 8.19408E+01 4.13190E-01
 5.40000E+01 8.10156E+01 4.04455E-01
