# p + 181Ta: Production of 177Lu - Ground state
# Q-value    = 1.51993E+00 mass= 176.943764
# E-threshold= 0.00000E+00
# # energies =   100
#     E          xs      Branching
 1.00000E-11 0.00000E+00 0.00000E+00
 2.53000E-08 0.00000E+00 0.00000E+00
 2.00000E-07 0.00000E+00 0.00000E+00
 1.00000E-06 0.00000E+00 0.00000E+00
 1.00000E-05 0.00000E+00 0.00000E+00
 1.00000E-04 0.00000E+00 0.00000E+00
 1.00000E-03 0.00000E+00 0.00000E+00
 2.00000E-03 0.00000E+00 0.00000E+00
 4.00000E-03 0.00000E+00 0.00000E+00
 7.00000E-03 0.00000E+00 0.00000E+00
 1.00000E-02 0.00000E+00 0.00000E+00
 2.00000E-02 0.00000E+00 0.00000E+00
 4.00000E-02 0.00000E+00 0.00000E+00
 7.00000E-02 0.00000E+00 0.00000E+00
 1.00000E-01 0.00000E+00 0.00000E+00
 2.00000E-01 0.00000E+00 0.00000E+00
 3.00000E-01 0.00000E+00 0.00000E+00
 4.00000E-01 0.00000E+00 0.00000E+00
 5.00000E-01 0.00000E+00 0.00000E+00
 6.00000E-01 0.00000E+00 0.00000E+00
 7.00000E-01 0.00000E+00 0.00000E+00
 8.00000E-01 0.00000E+00 0.00000E+00
 9.00000E-01 0.00000E+00 0.00000E+00
 1.00000E+00 0.00000E+00 0.00000E+00
 1.20000E+00 0.00000E+00 0.00000E+00
 1.40000E+00 0.00000E+00 0.00000E+00
 1.60000E+00 0.00000E+00 0.00000E+00
 1.80000E+00 0.00000E+00 0.00000E+00
 2.00000E+00 0.00000E+00 0.00000E+00
 2.20000E+00 0.00000E+00 0.00000E+00
 2.40000E+00 0.00000E+00 0.00000E+00
 2.60000E+00 0.00000E+00 0.00000E+00
 2.80000E+00 0.00000E+00 0.00000E+00
 3.00000E+00 0.00000E+00 0.00000E+00
 3.20000E+00 0.00000E+00 0.00000E+00
 3.40000E+00 0.00000E+00 0.00000E+00
 3.60000E+00 0.00000E+00 0.00000E+00
 3.80000E+00 0.00000E+00 0.00000E+00
 4.00000E+00 0.00000E+00 0.00000E+00
 4.20000E+00 0.00000E+00 0.00000E+00
 4.40000E+00 0.00000E+00 0.00000E+00
 4.60000E+00 0.00000E+00 0.00000E+00
 4.80000E+00 0.00000E+00 0.00000E+00
 5.00000E+00 0.00000E+00 0.00000E+00
 5.20000E+00 0.00000E+00 0.00000E+00
 5.40000E+00 0.00000E+00 0.00000E+00
 5.60000E+00 0.00000E+00 0.00000E+00
 5.80000E+00 0.00000E+00 0.00000E+00
 6.00000E+00 0.00000E+00 0.00000E+00
 6.20000E+00 0.00000E+00 0.00000E+00
 6.40000E+00 0.00000E+00 0.00000E+00
 6.60000E+00 0.00000E+00 0.00000E+00
 6.80000E+00 0.00000E+00 0.00000E+00
 7.00000E+00 0.00000E+00 0.00000E+00
 7.20000E+00 0.00000E+00 0.00000E+00
 7.40000E+00 0.00000E+00 0.00000E+00
 7.60000E+00 0.00000E+00 0.00000E+00
 7.80000E+00 0.00000E+00 0.00000E+00
 8.00000E+00 0.00000E+00 0.00000E+00
 8.50000E+00 0.00000E+00 0.00000E+00
 9.00000E+00 0.00000E+00 0.00000E+00
 9.50000E+00 0.00000E+00 0.00000E+00
 1.00000E+01 0.00000E+00 0.00000E+00
 1.05000E+01 0.00000E+00 0.00000E+00
 1.10000E+01 1.54123E-14 0.00000E+00
 1.15000E+01 1.13732E-13 0.00000E+00
 1.20000E+01 4.51020E-13 0.00000E+00
 1.25000E+01 1.48646E-12 0.00000E+00
 1.30000E+01 4.37613E-12 0.00000E+00
 1.35000E+01 1.12460E-11 0.00000E+00
 1.40000E+01 2.66317E-11 0.00000E+00
 1.45000E+01 5.97134E-11 0.00000E+00
 1.50000E+01 1.15856E-10 0.00000E+00
 1.60000E+01 4.16634E-10 0.00000E+00
 1.70000E+01 1.34074E-09 0.00000E+00
 1.80000E+01 3.68307E-09 0.00000E+00
 1.90000E+01 8.78513E-09 0.00000E+00
 2.00000E+01 2.01976E-08 0.00000E+00
 2.10000E+01 3.75156E-08 0.00000E+00
 2.20000E+01 6.84744E-08 0.00000E+00
 2.30000E+01 8.89301E-08 0.00000E+00
 2.40000E+01 1.10037E-07 0.00000E+00
 2.50000E+01 1.36800E-07 0.00000E+00
 2.60000E+01 1.61476E-07 0.00000E+00
 2.70000E+01 1.80992E-07 0.00000E+00
 2.80000E+01 1.95010E-07 0.00000E+00
 2.90000E+01 2.06231E-07 0.00000E+00
 3.00000E+01 2.12608E-07 0.00000E+00
 3.20000E+01 2.15294E-07 0.00000E+00
 3.40000E+01 2.09439E-07 0.00000E+00
 3.60000E+01 2.01114E-07 0.00000E+00
 3.80000E+01 1.87476E-07 0.00000E+00
 4.00000E+01 5.92808E-05 4.78373E-01
 4.20000E+01 6.62123E-05 5.21586E-01
 4.40000E+01 7.01454E-05 5.06016E-01
 4.60000E+01 6.12501E-05 4.52087E-01
 4.80000E+01 4.49106E-05 4.35742E-01
 5.00000E+01 4.75399E-05 5.05186E-01
 5.20000E+01 1.14705E-04 5.56576E-01
 5.40000E+01 2.21644E-04 6.04567E-01
