# p + 181Ta: Production of 177Hf - Level  9     1.31545 MeV
# Q-value    =-8.10335E-02 mass= 176.943230
# E-threshold= 8.14846E-02
# # energies =   100
#     E          xs      Branching
 1.00000E-11 0.00000E+00 0.00000E+00
 2.53000E-08 0.00000E+00 0.00000E+00
 2.00000E-07 0.00000E+00 0.00000E+00
 1.00000E-06 0.00000E+00 0.00000E+00
 1.00000E-05 0.00000E+00 0.00000E+00
 1.00000E-04 0.00000E+00 0.00000E+00
 1.00000E-03 0.00000E+00 0.00000E+00
 2.00000E-03 0.00000E+00 0.00000E+00
 4.00000E-03 0.00000E+00 0.00000E+00
 7.00000E-03 0.00000E+00 0.00000E+00
 1.00000E-02 0.00000E+00 0.00000E+00
 2.00000E-02 0.00000E+00 0.00000E+00
 4.00000E-02 0.00000E+00 0.00000E+00
 7.00000E-02 0.00000E+00 0.00000E+00
 1.00000E-01 0.00000E+00 0.00000E+00
 2.00000E-01 0.00000E+00 0.00000E+00
 3.00000E-01 0.00000E+00 0.00000E+00
 4.00000E-01 0.00000E+00 0.00000E+00
 5.00000E-01 0.00000E+00 0.00000E+00
 6.00000E-01 0.00000E+00 0.00000E+00
 7.00000E-01 0.00000E+00 0.00000E+00
 8.00000E-01 0.00000E+00 0.00000E+00
 9.00000E-01 0.00000E+00 0.00000E+00
 1.00000E+00 0.00000E+00 0.00000E+00
 1.20000E+00 0.00000E+00 0.00000E+00
 1.40000E+00 0.00000E+00 0.00000E+00
 1.60000E+00 0.00000E+00 0.00000E+00
 1.80000E+00 0.00000E+00 0.00000E+00
 2.00000E+00 0.00000E+00 0.00000E+00
 2.20000E+00 0.00000E+00 0.00000E+00
 2.40000E+00 0.00000E+00 0.00000E+00
 2.60000E+00 0.00000E+00 0.00000E+00
 2.80000E+00 0.00000E+00 0.00000E+00
 3.00000E+00 0.00000E+00 0.00000E+00
 3.20000E+00 0.00000E+00 0.00000E+00
 3.40000E+00 0.00000E+00 0.00000E+00
 3.60000E+00 0.00000E+00 0.00000E+00
 3.80000E+00 0.00000E+00 0.00000E+00
 4.00000E+00 0.00000E+00 0.00000E+00
 4.20000E+00 0.00000E+00 0.00000E+00
 4.40000E+00 0.00000E+00 0.00000E+00
 4.60000E+00 0.00000E+00 0.00000E+00
 4.80000E+00 0.00000E+00 0.00000E+00
 5.00000E+00 0.00000E+00 0.00000E+00
 5.20000E+00 0.00000E+00 0.00000E+00
 5.40000E+00 0.00000E+00 0.00000E+00
 5.60000E+00 0.00000E+00 0.00000E+00
 5.80000E+00 0.00000E+00 0.00000E+00
 6.00000E+00 0.00000E+00 0.00000E+00
 6.20000E+00 0.00000E+00 0.00000E+00
 6.40000E+00 0.00000E+00 0.00000E+00
 6.60000E+00 0.00000E+00 0.00000E+00
 6.80000E+00 0.00000E+00 0.00000E+00
 7.00000E+00 0.00000E+00 0.00000E+00
 7.20000E+00 0.00000E+00 0.00000E+00
 7.40000E+00 0.00000E+00 0.00000E+00
 7.60000E+00 0.00000E+00 0.00000E+00
 7.80000E+00 0.00000E+00 0.00000E+00
 8.00000E+00 0.00000E+00 0.00000E+00
 8.50000E+00 0.00000E+00 0.00000E+00
 9.00000E+00 0.00000E+00 0.00000E+00
 9.50000E+00 0.00000E+00 0.00000E+00
 1.00000E+01 0.00000E+00 0.00000E+00
 1.05000E+01 7.70605E-10 0.00000E+00
 1.10000E+01 3.29774E-08 0.00000E+00
 1.15000E+01 3.38827E-07 0.00000E+00
 1.20000E+01 1.50557E-06 0.00000E+00
 1.25000E+01 5.84025E-06 4.18760E-03
 1.30000E+01 1.81499E-05 6.53846E-03
 1.35000E+01 4.52705E-05 9.09746E-03
 1.40000E+01 1.26448E-04 1.47251E-02
 1.45000E+01 2.84829E-04 1.87673E-02
 1.50000E+01 5.85856E-04 2.23585E-02
 1.60000E+01 2.69123E-03 3.53645E-02
 1.70000E+01 1.05409E-02 5.20754E-02
 1.80000E+01 3.63690E-02 7.28046E-02
 1.90000E+01 1.42695E-01 1.05979E-01
 2.00000E+01 6.04188E-01 1.32161E-01
 2.10000E+01 1.36574E+00 1.81369E-01
 2.20000E+01 2.24223E+00 2.08294E-01
 2.30000E+01 2.02346E+00 2.51779E-01
 2.40000E+01 2.01298E+00 2.91552E-01
 2.50000E+01 2.25278E+00 3.18667E-01
 2.60000E+01 2.65780E+00 3.53721E-01
 2.70000E+01 2.98057E+00 3.82814E-01
 2.80000E+01 3.15940E+00 4.07579E-01
 2.90000E+01 2.43943E+00 3.20672E-01
 3.00000E+01 2.53790E+00 3.30235E-01
 3.20000E+01 2.29104E+00 3.31315E-01
 3.40000E+01 2.05650E+00 3.33390E-01
 3.60000E+01 1.82780E+00 3.28638E-01
 3.80000E+01 1.56672E+00 3.26300E-01
 4.00000E+01 1.30074E+00 3.14320E-01
 4.20000E+01 1.21347E+00 3.14699E-01
 4.40000E+01 1.21060E+00 3.10918E-01
 4.60000E+01 1.25875E+00 3.14632E-01
 4.80000E+01 1.51233E+00 3.25668E-01
 5.00000E+01 1.60031E+00 3.14311E-01
 5.20000E+01 1.66490E+00 2.87955E-01
 5.40000E+01 1.77507E+00 2.71879E-01
