# p + 180Ta: Production of 177Hf - Level  9     1.31545 MeV
# Q-value    = 7.49572E+00 mass= 176.943230
# E-threshold= 0.00000E+00
# # energies =   100
#     E          xs      Branching
 1.00000E-11 0.00000E+00 0.00000E+00
 2.53000E-08 0.00000E+00 0.00000E+00
 2.00000E-07 0.00000E+00 0.00000E+00
 1.00000E-06 0.00000E+00 0.00000E+00
 1.00000E-05 0.00000E+00 0.00000E+00
 1.00000E-04 0.00000E+00 0.00000E+00
 1.00000E-03 0.00000E+00 0.00000E+00
 2.00000E-03 0.00000E+00 0.00000E+00
 4.00000E-03 0.00000E+00 0.00000E+00
 7.00000E-03 0.00000E+00 0.00000E+00
 1.00000E-02 0.00000E+00 0.00000E+00
 2.00000E-02 0.00000E+00 0.00000E+00
 4.00000E-02 0.00000E+00 0.00000E+00
 7.00000E-02 0.00000E+00 0.00000E+00
 1.00000E-01 0.00000E+00 0.00000E+00
 2.00000E-01 0.00000E+00 0.00000E+00
 3.00000E-01 0.00000E+00 0.00000E+00
 4.00000E-01 0.00000E+00 0.00000E+00
 5.00000E-01 0.00000E+00 0.00000E+00
 6.00000E-01 0.00000E+00 0.00000E+00
 7.00000E-01 0.00000E+00 0.00000E+00
 8.00000E-01 0.00000E+00 0.00000E+00
 9.00000E-01 0.00000E+00 0.00000E+00
 1.00000E+00 0.00000E+00 0.00000E+00
 1.20000E+00 0.00000E+00 0.00000E+00
 1.40000E+00 0.00000E+00 0.00000E+00
 1.60000E+00 0.00000E+00 0.00000E+00
 1.80000E+00 0.00000E+00 0.00000E+00
 2.00000E+00 0.00000E+00 0.00000E+00
 2.20000E+00 0.00000E+00 0.00000E+00
 2.40000E+00 0.00000E+00 0.00000E+00
 2.60000E+00 0.00000E+00 0.00000E+00
 2.80000E+00 2.50862E-08 0.00000E+00
 3.00000E+00 5.08904E-08 0.00000E+00
 3.20000E+00 8.77396E-09 0.00000E+00
 3.40000E+00 1.33510E-07 0.00000E+00
 3.60000E+00 3.88334E-08 0.00000E+00
 3.80000E+00 3.32209E-07 0.00000E+00
 4.00000E+00 6.38800E-07 0.00000E+00
 4.20000E+00 1.69040E-07 0.00000E+00
 4.40000E+00 1.51086E-06 0.00000E+00
 4.60000E+00 2.27470E-06 0.00000E+00
 4.80000E+00 3.42207E-06 0.00000E+00
 5.00000E+00 6.31855E-06 0.00000E+00
 5.20000E+00 2.13642E-06 0.00000E+00
 5.40000E+00 1.33457E-05 0.00000E+00
 5.60000E+00 1.97003E-05 0.00000E+00
 5.80000E+00 2.69647E-05 0.00000E+00
 6.00000E+00 4.66925E-05 0.00000E+00
 6.20000E+00 2.09845E-05 0.00000E+00
 6.40000E+00 8.77924E-05 0.00000E+00
 6.60000E+00 1.25507E-04 0.00000E+00
 6.80000E+00 1.56944E-04 0.00000E+00
 7.00000E+00 2.56779E-04 0.00000E+00
 7.20000E+00 1.42920E-04 0.00000E+00
 7.40000E+00 4.35745E-04 0.00000E+00
 7.60000E+00 6.53313E-04 4.83485E-01
 7.80000E+00 7.78963E-04 4.58583E-01
 8.00000E+00 1.22432E-03 4.68539E-01
 8.50000E+00 2.47886E-03 4.52964E-01
 9.00000E+00 4.80639E-03 4.39854E-01
 9.50000E+00 8.97141E-03 4.26778E-01
 1.00000E+01 1.57403E-02 4.09480E-01
 1.05000E+01 2.61506E-02 3.91151E-01
 1.10000E+01 4.10959E-02 3.72140E-01
 1.15000E+01 5.79899E-02 3.43076E-01
 1.20000E+01 8.38932E-02 3.26754E-01
 1.25000E+01 1.16865E-01 3.07920E-01
 1.30000E+01 1.89053E-01 3.34099E-01
 1.35000E+01 2.10557E-01 2.92830E-01
 1.40000E+01 3.44719E-01 3.32560E-01
 1.45000E+01 3.61059E-01 2.90246E-01
 1.50000E+01 5.27764E-01 3.27588E-01
 1.60000E+01 7.83573E-01 3.34045E-01
 1.70000E+01 1.15158E+00 3.50917E-01
 1.80000E+01 1.75528E+00 3.70007E-01
 1.90000E+01 3.09894E+00 3.85530E-01
 2.00000E+01 7.85647E+00 3.97520E-01
 2.10000E+01 9.74396E+00 4.21968E-01
 2.20000E+01 1.03739E+01 4.36835E-01
 2.30000E+01 5.70667E+00 4.55890E-01
 2.40000E+01 3.38284E+00 4.79385E-01
 2.50000E+01 2.02199E+00 3.60533E-01
 2.60000E+01 1.69329E+00 3.61828E-01
 2.70000E+01 1.47827E+00 3.63010E-01
 2.80000E+01 1.24776E+00 3.59052E-01
 2.90000E+01 1.08593E+00 3.57620E-01
 3.00000E+01 9.56553E-01 3.52156E-01
 3.20000E+01 7.44214E-01 3.32569E-01
 3.40000E+01 7.18976E-01 3.21883E-01
 3.60000E+01 7.12101E-01 2.93196E-01
 3.80000E+01 8.06118E-01 2.84424E-01
 4.00000E+01 1.03213E+00 2.88453E-01
 4.20000E+01 1.18270E+00 2.84280E-01
 4.40000E+01 1.41692E+00 2.75180E-01
 4.60000E+01 1.44501E+00 2.45130E-01
 4.80000E+01 1.59958E+00 2.28994E-01
 5.00000E+01 1.63068E+00 2.03166E-01
 5.20000E+01 1.76536E+00 1.84866E-01
 5.40000E+01 2.12135E+00 1.81675E-01
