# p + 180Ta: Production of 178Ta - Ground state
# Q-value    =-5.99646E+00 mass= 177.945680
# E-threshold= 6.03002E+00
# # energies =   100
#     E          xs      Branching
 1.00000E-11 0.00000E+00 0.00000E+00
 2.53000E-08 0.00000E+00 0.00000E+00
 2.00000E-07 0.00000E+00 0.00000E+00
 1.00000E-06 0.00000E+00 0.00000E+00
 1.00000E-05 0.00000E+00 0.00000E+00
 1.00000E-04 0.00000E+00 0.00000E+00
 1.00000E-03 0.00000E+00 0.00000E+00
 2.00000E-03 0.00000E+00 0.00000E+00
 4.00000E-03 0.00000E+00 0.00000E+00
 7.00000E-03 0.00000E+00 0.00000E+00
 1.00000E-02 0.00000E+00 0.00000E+00
 2.00000E-02 0.00000E+00 0.00000E+00
 4.00000E-02 0.00000E+00 0.00000E+00
 7.00000E-02 0.00000E+00 0.00000E+00
 1.00000E-01 0.00000E+00 0.00000E+00
 2.00000E-01 0.00000E+00 0.00000E+00
 3.00000E-01 0.00000E+00 0.00000E+00
 4.00000E-01 0.00000E+00 0.00000E+00
 5.00000E-01 0.00000E+00 0.00000E+00
 6.00000E-01 0.00000E+00 0.00000E+00
 7.00000E-01 0.00000E+00 0.00000E+00
 8.00000E-01 0.00000E+00 0.00000E+00
 9.00000E-01 0.00000E+00 0.00000E+00
 1.00000E+00 0.00000E+00 0.00000E+00
 1.20000E+00 0.00000E+00 0.00000E+00
 1.40000E+00 0.00000E+00 0.00000E+00
 1.60000E+00 0.00000E+00 0.00000E+00
 1.80000E+00 0.00000E+00 0.00000E+00
 2.00000E+00 0.00000E+00 0.00000E+00
 2.20000E+00 0.00000E+00 0.00000E+00
 2.40000E+00 0.00000E+00 0.00000E+00
 2.60000E+00 0.00000E+00 0.00000E+00
 2.80000E+00 0.00000E+00 0.00000E+00
 3.00000E+00 0.00000E+00 0.00000E+00
 3.20000E+00 0.00000E+00 0.00000E+00
 3.40000E+00 0.00000E+00 0.00000E+00
 3.60000E+00 0.00000E+00 0.00000E+00
 3.80000E+00 0.00000E+00 0.00000E+00
 4.00000E+00 0.00000E+00 0.00000E+00
 4.20000E+00 0.00000E+00 0.00000E+00
 4.40000E+00 0.00000E+00 0.00000E+00
 4.60000E+00 0.00000E+00 0.00000E+00
 4.80000E+00 0.00000E+00 0.00000E+00
 5.00000E+00 0.00000E+00 0.00000E+00
 5.20000E+00 0.00000E+00 0.00000E+00
 5.40000E+00 0.00000E+00 0.00000E+00
 5.60000E+00 0.00000E+00 0.00000E+00
 5.80000E+00 0.00000E+00 0.00000E+00
 6.00000E+00 0.00000E+00 0.00000E+00
 6.20000E+00 0.00000E+00 0.00000E+00
 6.40000E+00 0.00000E+00 0.00000E+00
 6.60000E+00 0.00000E+00 0.00000E+00
 6.80000E+00 0.00000E+00 0.00000E+00
 7.00000E+00 0.00000E+00 0.00000E+00
 7.20000E+00 0.00000E+00 0.00000E+00
 7.40000E+00 0.00000E+00 0.00000E+00
 7.60000E+00 0.00000E+00 0.00000E+00
 7.80000E+00 0.00000E+00 0.00000E+00
 8.00000E+00 0.00000E+00 0.00000E+00
 8.50000E+00 0.00000E+00 0.00000E+00
 9.00000E+00 0.00000E+00 0.00000E+00
 9.50000E+00 0.00000E+00 0.00000E+00
 1.00000E+01 0.00000E+00 0.00000E+00
 1.05000E+01 0.00000E+00 0.00000E+00
 1.10000E+01 0.00000E+00 0.00000E+00
 1.15000E+01 0.00000E+00 0.00000E+00
 1.20000E+01 0.00000E+00 0.00000E+00
 1.25000E+01 0.00000E+00 0.00000E+00
 1.30000E+01 0.00000E+00 0.00000E+00
 1.35000E+01 0.00000E+00 0.00000E+00
 1.40000E+01 7.34586E-04 5.58152E-01
 1.45000E+01 2.21126E-03 5.61016E-01
 1.50000E+01 5.82229E-03 5.63779E-01
 1.60000E+01 2.82577E-02 5.69452E-01
 1.70000E+01 9.05765E-02 5.75231E-01
 1.80000E+01 2.12111E-01 5.80453E-01
 1.90000E+01 4.00577E-01 5.85423E-01
 2.00000E+01 6.63471E-01 5.90399E-01
 2.10000E+01 1.03794E+00 5.97037E-01
 2.20000E+01 1.63118E+00 6.06294E-01
 2.30000E+01 2.66682E+00 6.17217E-01
 2.40000E+01 4.45783E+00 6.26639E-01
 2.50000E+01 7.31902E+00 6.32408E-01
 2.60000E+01 1.10553E+01 6.38836E-01
 2.70000E+01 1.61568E+01 6.42879E-01
 2.80000E+01 2.32638E+01 6.42163E-01
 2.90000E+01 2.95606E+01 6.46865E-01
 3.00000E+01 3.97802E+01 6.44383E-01
 3.20000E+01 5.98519E+01 6.44764E-01
 3.40000E+01 7.94443E+01 6.43611E-01
 3.60000E+01 9.29416E+01 6.43081E-01
 3.80000E+01 1.10680E+02 6.40727E-01
 4.00000E+01 1.17880E+02 6.39078E-01
 4.20000E+01 1.29336E+02 6.38708E-01
 4.40000E+01 1.28167E+02 6.37509E-01
 4.60000E+01 1.39650E+02 6.37758E-01
 4.80000E+01 1.34467E+02 6.36262E-01
 5.00000E+01 1.32581E+02 6.36798E-01
 5.20000E+01 1.42920E+02 6.37372E-01
 5.40000E+01 1.35334E+02 6.39476E-01
