# p + 181Ta: Production of 182W  - Total
# Q-value    = 7.09605E+00 mass= 181.948206
# E-threshold= 0.00000E+00
# # energies =   100
#     E          xs
 1.00000E-11 0.00000E+00
 2.53000E-08 0.00000E+00
 2.00000E-07 0.00000E+00
 1.00000E-06 0.00000E+00
 1.00000E-05 0.00000E+00
 1.00000E-04 0.00000E+00
 1.00000E-03 0.00000E+00
 2.00000E-03 0.00000E+00
 4.00000E-03 0.00000E+00
 7.00000E-03 0.00000E+00
 1.00000E-02 0.00000E+00
 2.00000E-02 0.00000E+00
 4.00000E-02 0.00000E+00
 7.00000E-02 0.00000E+00
 1.00000E-01 0.00000E+00
 2.00000E-01 0.00000E+00
 3.00000E-01 0.00000E+00
 4.00000E-01 0.00000E+00
 5.00000E-01 0.00000E+00
 6.00000E-01 0.00000E+00
 7.00000E-01 0.00000E+00
 8.00000E-01 0.00000E+00
 9.00000E-01 0.00000E+00
 1.00000E+00 0.00000E+00
 1.20000E+00 0.00000E+00
 1.40000E+00 0.00000E+00
 1.60000E+00 0.00000E+00
 1.80000E+00 0.00000E+00
 2.00000E+00 0.00000E+00
 2.20000E+00 0.00000E+00
 2.40000E+00 0.00000E+00
 2.60000E+00 0.00000E+00
 2.80000E+00 1.00000E-07
 3.00000E+00 1.00000E-07
 3.20000E+00 1.00000E-07
 3.40000E+00 1.00000E-07
 3.60000E+00 1.00000E-07
 3.80000E+00 1.00000E-07
 4.00000E+00 7.48169E-04
 4.20000E+00 1.45178E-03
 4.40000E+00 2.63302E-03
 4.60000E+00 4.52085E-03
 4.80000E+00 7.35139E-03
 5.00000E+00 1.14500E-02
 5.20000E+00 1.70649E-02
 5.40000E+00 2.44940E-02
 5.60000E+00 3.40670E-02
 5.80000E+00 4.56397E-02
 6.00000E+00 6.01164E-02
 6.20000E+00 7.61338E-02
 6.40000E+00 9.44477E-02
 6.60000E+00 1.15438E-01
 6.80000E+00 1.36562E-01
 7.00000E+00 1.60587E-01
 7.20000E+00 1.85671E-01
 7.40000E+00 2.09810E-01
 7.60000E+00 2.37276E-01
 7.80000E+00 2.65616E-01
 8.00000E+00 2.92183E-01
 8.50000E+00 3.67827E-01
 9.00000E+00 4.40010E-01
 9.50000E+00 5.17155E-01
 1.00000E+01 5.95083E-01
 1.05000E+01 6.64447E-01
 1.10000E+01 7.38493E-01
 1.15000E+01 7.99845E-01
 1.20000E+01 8.62527E-01
 1.25000E+01 9.13016E-01
 1.30000E+01 9.57351E-01
 1.35000E+01 9.94417E-01
 1.40000E+01 1.01895E+00
 1.45000E+01 1.03009E+00
 1.50000E+01 1.04342E+00
 1.60000E+01 1.03075E+00
 1.70000E+01 9.79634E-01
 1.80000E+01 9.26685E-01
 1.90000E+01 8.69574E-01
 2.00000E+01 8.17695E-01
 2.10000E+01 7.67724E-01
 2.20000E+01 7.23583E-01
 2.30000E+01 6.83305E-01
 2.40000E+01 6.44557E-01
 2.50000E+01 6.18207E-01
 2.60000E+01 5.95526E-01
 2.70000E+01 5.71420E-01
 2.80000E+01 5.56078E-01
 2.90000E+01 5.38447E-01
 3.00000E+01 5.24872E-01
 3.20000E+01 4.90629E-01
 3.40000E+01 4.70251E-01
 3.60000E+01 4.33582E-01
 3.80000E+01 4.04875E-01
 4.00000E+01 3.89948E-01
 4.20000E+01 3.69474E-01
 4.40000E+01 3.37163E-01
 4.60000E+01 3.19575E-01
 4.80000E+01 3.08946E-01
 5.00000E+01 2.94873E-01
 5.20000E+01 2.76258E-01
 5.40000E+01 2.46012E-01
