# p + 180Ta: Production of 177Hf - Total
# Q-value    = 8.81117E+00 mass= 176.943230
# E-threshold= 0.00000E+00
# # energies =   100
#     E          xs
 1.00000E-11 0.00000E+00
 2.53000E-08 0.00000E+00
 2.00000E-07 0.00000E+00
 1.00000E-06 0.00000E+00
 1.00000E-05 0.00000E+00
 1.00000E-04 0.00000E+00
 1.00000E-03 0.00000E+00
 2.00000E-03 0.00000E+00
 4.00000E-03 0.00000E+00
 7.00000E-03 0.00000E+00
 1.00000E-02 0.00000E+00
 2.00000E-02 0.00000E+00
 4.00000E-02 0.00000E+00
 7.00000E-02 0.00000E+00
 1.00000E-01 0.00000E+00
 2.00000E-01 0.00000E+00
 3.00000E-01 0.00000E+00
 4.00000E-01 0.00000E+00
 5.00000E-01 0.00000E+00
 6.00000E-01 0.00000E+00
 7.00000E-01 0.00000E+00
 8.00000E-01 0.00000E+00
 9.00000E-01 0.00000E+00
 1.00000E+00 0.00000E+00
 1.20000E+00 0.00000E+00
 1.40000E+00 0.00000E+00
 1.60000E+00 0.00000E+00
 1.80000E+00 0.00000E+00
 2.00000E+00 0.00000E+00
 2.20000E+00 0.00000E+00
 2.40000E+00 0.00000E+00
 2.60000E+00 0.00000E+00
 2.80000E+00 1.00000E-07
 3.00000E+00 1.00000E-07
 3.20000E+00 1.00000E-07
 3.40000E+00 1.00000E-07
 3.60000E+00 1.00000E-07
 3.80000E+00 1.00000E-07
 4.00000E+00 1.00000E-07
 4.20000E+00 1.00000E-07
 4.40000E+00 1.00000E-07
 4.60000E+00 1.00000E-07
 4.80000E+00 1.00000E-07
 5.00000E+00 1.00000E-07
 5.20000E+00 1.00000E-07
 5.40000E+00 1.00000E-07
 5.60000E+00 1.00000E-07
 5.80000E+00 1.00000E-07
 6.00000E+00 1.00000E-07
 6.20000E+00 1.00000E-07
 6.40000E+00 1.00000E-07
 6.60000E+00 1.00000E-07
 6.80000E+00 1.00000E-07
 7.00000E+00 1.00000E-07
 7.20000E+00 1.00000E-07
 7.40000E+00 1.00000E-07
 7.60000E+00 1.35126E-03
 7.80000E+00 1.69863E-03
 8.00000E+00 2.61306E-03
 8.50000E+00 5.47253E-03
 9.00000E+00 1.09272E-02
 9.50000E+00 2.10212E-02
 1.00000E+01 3.84397E-02
 1.05000E+01 6.68554E-02
 1.10000E+01 1.10431E-01
 1.15000E+01 1.69029E-01
 1.20000E+01 2.56747E-01
 1.25000E+01 3.79530E-01
 1.30000E+01 5.65858E-01
 1.35000E+01 7.19041E-01
 1.40000E+01 1.03656E+00
 1.45000E+01 1.24398E+00
 1.50000E+01 1.61106E+00
 1.60000E+01 2.34571E+00
 1.70000E+01 3.28162E+00
 1.80000E+01 4.74390E+00
 1.90000E+01 8.03813E+00
 2.00000E+01 1.97637E+01
 2.10000E+01 2.30917E+01
 2.20000E+01 2.37479E+01
 2.30000E+01 1.25176E+01
 2.40000E+01 7.05663E+00
 2.50000E+01 5.60833E+00
 2.60000E+01 4.67981E+00
 2.70000E+01 4.07226E+00
 2.80000E+01 3.47516E+00
 2.90000E+01 3.03654E+00
 3.00000E+01 2.71628E+00
 3.20000E+01 2.23777E+00
 3.40000E+01 2.23365E+00
 3.60000E+01 2.42875E+00
 3.80000E+01 2.83421E+00
 4.00000E+01 3.57816E+00
 4.20000E+01 4.16033E+00
 4.40000E+01 5.14905E+00
 4.60000E+01 5.89488E+00
 4.80000E+01 6.98528E+00
 5.00000E+01 8.02635E+00
 5.20000E+01 9.54942E+00
 5.40000E+01 1.16766E+01
