# p + 181Ta: Production of 177Lu - Level 10     0.97018 MeV
# Q-value    = 5.49752E-01 mass= 176.943764
# E-threshold= 0.00000E+00
# # energies =   100
#     E          xs      Branching
 1.00000E-11 0.00000E+00 0.00000E+00
 2.53000E-08 0.00000E+00 0.00000E+00
 2.00000E-07 0.00000E+00 0.00000E+00
 1.00000E-06 0.00000E+00 0.00000E+00
 1.00000E-05 0.00000E+00 0.00000E+00
 1.00000E-04 0.00000E+00 0.00000E+00
 1.00000E-03 0.00000E+00 0.00000E+00
 2.00000E-03 0.00000E+00 0.00000E+00
 4.00000E-03 0.00000E+00 0.00000E+00
 7.00000E-03 0.00000E+00 0.00000E+00
 1.00000E-02 0.00000E+00 0.00000E+00
 2.00000E-02 0.00000E+00 0.00000E+00
 4.00000E-02 0.00000E+00 0.00000E+00
 7.00000E-02 0.00000E+00 0.00000E+00
 1.00000E-01 0.00000E+00 0.00000E+00
 2.00000E-01 0.00000E+00 0.00000E+00
 3.00000E-01 0.00000E+00 0.00000E+00
 4.00000E-01 0.00000E+00 0.00000E+00
 5.00000E-01 0.00000E+00 0.00000E+00
 6.00000E-01 0.00000E+00 0.00000E+00
 7.00000E-01 0.00000E+00 0.00000E+00
 8.00000E-01 0.00000E+00 0.00000E+00
 9.00000E-01 0.00000E+00 0.00000E+00
 1.00000E+00 0.00000E+00 0.00000E+00
 1.20000E+00 0.00000E+00 0.00000E+00
 1.40000E+00 0.00000E+00 0.00000E+00
 1.60000E+00 0.00000E+00 0.00000E+00
 1.80000E+00 0.00000E+00 0.00000E+00
 2.00000E+00 0.00000E+00 0.00000E+00
 2.20000E+00 0.00000E+00 0.00000E+00
 2.40000E+00 0.00000E+00 0.00000E+00
 2.60000E+00 0.00000E+00 0.00000E+00
 2.80000E+00 0.00000E+00 0.00000E+00
 3.00000E+00 0.00000E+00 0.00000E+00
 3.20000E+00 0.00000E+00 0.00000E+00
 3.40000E+00 0.00000E+00 0.00000E+00
 3.60000E+00 0.00000E+00 0.00000E+00
 3.80000E+00 0.00000E+00 0.00000E+00
 4.00000E+00 0.00000E+00 0.00000E+00
 4.20000E+00 0.00000E+00 0.00000E+00
 4.40000E+00 0.00000E+00 0.00000E+00
 4.60000E+00 0.00000E+00 0.00000E+00
 4.80000E+00 0.00000E+00 0.00000E+00
 5.00000E+00 0.00000E+00 0.00000E+00
 5.20000E+00 0.00000E+00 0.00000E+00
 5.40000E+00 0.00000E+00 0.00000E+00
 5.60000E+00 0.00000E+00 0.00000E+00
 5.80000E+00 0.00000E+00 0.00000E+00
 6.00000E+00 0.00000E+00 0.00000E+00
 6.20000E+00 0.00000E+00 0.00000E+00
 6.40000E+00 0.00000E+00 0.00000E+00
 6.60000E+00 0.00000E+00 0.00000E+00
 6.80000E+00 0.00000E+00 0.00000E+00
 7.00000E+00 0.00000E+00 0.00000E+00
 7.20000E+00 0.00000E+00 0.00000E+00
 7.40000E+00 0.00000E+00 0.00000E+00
 7.60000E+00 0.00000E+00 0.00000E+00
 7.80000E+00 0.00000E+00 0.00000E+00
 8.00000E+00 0.00000E+00 0.00000E+00
 8.50000E+00 0.00000E+00 0.00000E+00
 9.00000E+00 0.00000E+00 0.00000E+00
 9.50000E+00 0.00000E+00 0.00000E+00
 1.00000E+01 0.00000E+00 0.00000E+00
 1.05000E+01 0.00000E+00 0.00000E+00
 1.10000E+01 7.08145E-16 0.00000E+00
 1.15000E+01 1.27504E-14 0.00000E+00
 1.20000E+01 5.40201E-14 0.00000E+00
 1.25000E+01 1.92947E-13 0.00000E+00
 1.30000E+01 5.08874E-13 0.00000E+00
 1.35000E+01 1.19817E-12 0.00000E+00
 1.40000E+01 2.35727E-12 0.00000E+00
 1.45000E+01 4.36426E-12 0.00000E+00
 1.50000E+01 7.67690E-12 0.00000E+00
 1.60000E+01 2.33936E-11 0.00000E+00
 1.70000E+01 8.78544E-11 0.00000E+00
 1.80000E+01 3.04939E-10 0.00000E+00
 1.90000E+01 1.00716E-09 0.00000E+00
 2.00000E+01 2.66402E-09 0.00000E+00
 2.10000E+01 5.49463E-09 0.00000E+00
 2.20000E+01 1.14671E-08 0.00000E+00
 2.30000E+01 1.80129E-08 0.00000E+00
 2.40000E+01 2.66933E-08 0.00000E+00
 2.50000E+01 3.57958E-08 0.00000E+00
 2.60000E+01 4.64401E-08 0.00000E+00
 2.70000E+01 5.46963E-08 0.00000E+00
 2.80000E+01 6.26815E-08 0.00000E+00
 2.90000E+01 7.16695E-08 0.00000E+00
 3.00000E+01 7.45281E-08 0.00000E+00
 3.20000E+01 7.92345E-08 0.00000E+00
 3.40000E+01 8.15204E-08 0.00000E+00
 3.60000E+01 7.90257E-08 0.00000E+00
 3.80000E+01 7.28459E-08 0.00000E+00
 4.00000E+01 6.46408E-05 5.21627E-01
 4.20000E+01 6.07319E-05 4.78414E-01
 4.40000E+01 6.84777E-05 4.93984E-01
 4.60000E+01 7.42327E-05 5.47913E-01
 4.80000E+01 5.81564E-05 5.64258E-01
 5.00000E+01 4.65639E-05 4.94814E-01
 5.20000E+01 9.13853E-05 4.43424E-01
 5.40000E+01 1.44972E-04 3.95433E-01
