# p + 180Ta: Production of 179Ta - Total
# Q-value    =-4.42292E+00 mass= 178.945939
# E-threshold= 4.44768E+00
# # energies =   100
#     E          xs
 1.00000E-11 0.00000E+00
 2.53000E-08 0.00000E+00
 2.00000E-07 0.00000E+00
 1.00000E-06 0.00000E+00
 1.00000E-05 0.00000E+00
 1.00000E-04 0.00000E+00
 1.00000E-03 0.00000E+00
 2.00000E-03 0.00000E+00
 4.00000E-03 0.00000E+00
 7.00000E-03 0.00000E+00
 1.00000E-02 0.00000E+00
 2.00000E-02 0.00000E+00
 4.00000E-02 0.00000E+00
 7.00000E-02 0.00000E+00
 1.00000E-01 0.00000E+00
 2.00000E-01 0.00000E+00
 3.00000E-01 0.00000E+00
 4.00000E-01 0.00000E+00
 5.00000E-01 0.00000E+00
 6.00000E-01 0.00000E+00
 7.00000E-01 0.00000E+00
 8.00000E-01 0.00000E+00
 9.00000E-01 0.00000E+00
 1.00000E+00 0.00000E+00
 1.20000E+00 0.00000E+00
 1.40000E+00 0.00000E+00
 1.60000E+00 0.00000E+00
 1.80000E+00 0.00000E+00
 2.00000E+00 0.00000E+00
 2.20000E+00 0.00000E+00
 2.40000E+00 0.00000E+00
 2.60000E+00 0.00000E+00
 2.80000E+00 0.00000E+00
 3.00000E+00 0.00000E+00
 3.20000E+00 0.00000E+00
 3.40000E+00 0.00000E+00
 3.60000E+00 0.00000E+00
 3.80000E+00 0.00000E+00
 4.00000E+00 0.00000E+00
 4.20000E+00 0.00000E+00
 4.40000E+00 0.00000E+00
 4.60000E+00 0.00000E+00
 4.80000E+00 0.00000E+00
 5.00000E+00 0.00000E+00
 5.20000E+00 0.00000E+00
 5.40000E+00 0.00000E+00
 5.60000E+00 0.00000E+00
 5.80000E+00 0.00000E+00
 6.00000E+00 0.00000E+00
 6.20000E+00 0.00000E+00
 6.40000E+00 0.00000E+00
 6.60000E+00 0.00000E+00
 6.80000E+00 0.00000E+00
 7.00000E+00 0.00000E+00
 7.20000E+00 0.00000E+00
 7.40000E+00 0.00000E+00
 7.60000E+00 0.00000E+00
 7.80000E+00 0.00000E+00
 8.00000E+00 0.00000E+00
 8.50000E+00 0.00000E+00
 9.00000E+00 0.00000E+00
 9.50000E+00 0.00000E+00
 1.00000E+01 0.00000E+00
 1.05000E+01 0.00000E+00
 1.10000E+01 0.00000E+00
 1.15000E+01 2.04257E-03
 1.20000E+01 7.54221E-03
 1.25000E+01 2.30281E-02
 1.30000E+01 6.09835E-02
 1.35000E+01 1.42137E-01
 1.40000E+01 3.07556E-01
 1.45000E+01 6.10305E-01
 1.50000E+01 1.10750E+00
 1.60000E+01 3.03807E+00
 1.70000E+01 6.62260E+00
 1.80000E+01 1.21468E+01
 1.90000E+01 1.97951E+01
 2.00000E+01 2.94115E+01
 2.10000E+01 4.24911E+01
 2.20000E+01 5.66350E+01
 2.30000E+01 7.19455E+01
 2.40000E+01 8.78153E+01
 2.50000E+01 1.03107E+02
 2.60000E+01 1.19329E+02
 2.70000E+01 1.34082E+02
 2.80000E+01 1.45374E+02
 2.90000E+01 1.58888E+02
 3.00000E+01 1.66803E+02
 3.20000E+01 1.79761E+02
 3.40000E+01 1.91972E+02
 3.60000E+01 2.04194E+02
 3.80000E+01 2.04643E+02
 4.00000E+01 2.14182E+02
 4.20000E+01 2.07444E+02
 4.40000E+01 2.18685E+02
 4.60000E+01 2.09737E+02
 4.80000E+01 2.14342E+02
 5.00000E+01 2.16112E+02
 5.20000E+01 1.98657E+02
 5.40000E+01 2.10025E+02
