# p + 180Ta: Production of 180Ta - Level  2     0.07710 MeV
# Q-value    =-7.71000E-02 mass= 179.947468
# E-threshold= 7.75316E-02
# # energies =   100
#     E          xs      Branching
 1.00000E-11 0.00000E+00 0.00000E+00
 2.53000E-08 0.00000E+00 0.00000E+00
 2.00000E-07 0.00000E+00 0.00000E+00
 1.00000E-06 0.00000E+00 0.00000E+00
 1.00000E-05 0.00000E+00 0.00000E+00
 1.00000E-04 0.00000E+00 0.00000E+00
 1.00000E-03 0.00000E+00 0.00000E+00
 2.00000E-03 0.00000E+00 0.00000E+00
 4.00000E-03 0.00000E+00 0.00000E+00
 7.00000E-03 0.00000E+00 0.00000E+00
 1.00000E-02 0.00000E+00 0.00000E+00
 2.00000E-02 0.00000E+00 0.00000E+00
 4.00000E-02 0.00000E+00 0.00000E+00
 7.00000E-02 0.00000E+00 0.00000E+00
 1.00000E-01 0.00000E+00 0.00000E+00
 2.00000E-01 0.00000E+00 0.00000E+00
 3.00000E-01 0.00000E+00 0.00000E+00
 4.00000E-01 0.00000E+00 0.00000E+00
 5.00000E-01 0.00000E+00 0.00000E+00
 6.00000E-01 0.00000E+00 0.00000E+00
 7.00000E-01 0.00000E+00 0.00000E+00
 8.00000E-01 0.00000E+00 0.00000E+00
 9.00000E-01 0.00000E+00 0.00000E+00
 1.00000E+00 0.00000E+00 0.00000E+00
 1.20000E+00 0.00000E+00 0.00000E+00
 1.40000E+00 0.00000E+00 0.00000E+00
 1.60000E+00 0.00000E+00 0.00000E+00
 1.80000E+00 0.00000E+00 0.00000E+00
 2.00000E+00 0.00000E+00 0.00000E+00
 2.20000E+00 0.00000E+00 0.00000E+00
 2.40000E+00 0.00000E+00 0.00000E+00
 2.60000E+00 0.00000E+00 0.00000E+00
 2.80000E+00 0.00000E+00 0.00000E+00
 3.00000E+00 0.00000E+00 0.00000E+00
 3.20000E+00 0.00000E+00 0.00000E+00
 3.40000E+00 0.00000E+00 0.00000E+00
 3.60000E+00 0.00000E+00 0.00000E+00
 3.80000E+00 0.00000E+00 0.00000E+00
 4.00000E+00 0.00000E+00 0.00000E+00
 4.20000E+00 0.00000E+00 0.00000E+00
 4.40000E+00 0.00000E+00 0.00000E+00
 4.60000E+00 0.00000E+00 0.00000E+00
 4.80000E+00 0.00000E+00 0.00000E+00
 5.00000E+00 0.00000E+00 0.00000E+00
 5.20000E+00 0.00000E+00 0.00000E+00
 5.40000E+00 0.00000E+00 0.00000E+00
 5.60000E+00 0.00000E+00 0.00000E+00
 5.80000E+00 0.00000E+00 0.00000E+00
 6.00000E+00 0.00000E+00 0.00000E+00
 6.20000E+00 0.00000E+00 0.00000E+00
 6.40000E+00 0.00000E+00 0.00000E+00
 6.60000E+00 0.00000E+00 0.00000E+00
 6.80000E+00 0.00000E+00 0.00000E+00
 7.00000E+00 6.67870E-05 4.49315E-02
 7.20000E+00 1.34793E-04 4.93289E-02
 7.40000E+00 2.65111E-04 5.44146E-02
 7.60000E+00 4.66629E-04 5.61635E-02
 7.80000E+00 8.88534E-04 6.32162E-02
 8.00000E+00 1.47143E-03 6.52249E-02
 8.50000E+00 5.11679E-03 7.66919E-02
 9.00000E+00 1.49923E-02 8.98505E-02
 9.50000E+00 3.76369E-02 1.04777E-01
 1.00000E+01 8.30893E-02 1.21828E-01
 1.05000E+01 1.64565E-01 1.40385E-01
 1.10000E+01 2.98472E-01 1.59838E-01
 1.15000E+01 5.06323E-01 1.80241E-01
 1.20000E+01 8.10870E-01 2.00774E-01
 1.25000E+01 1.24173E+00 2.21848E-01
 1.30000E+01 1.83084E+00 2.43478E-01
 1.35000E+01 2.60761E+00 2.65254E-01
 1.40000E+01 3.59594E+00 2.86870E-01
 1.45000E+01 4.81315E+00 3.08080E-01
 1.50000E+01 6.25287E+00 3.28067E-01
 1.60000E+01 9.69945E+00 3.64576E-01
 1.70000E+01 1.35991E+01 3.94838E-01
 1.80000E+01 1.76764E+01 4.20253E-01
 1.90000E+01 2.16549E+01 4.40745E-01
 2.00000E+01 2.54710E+01 4.57897E-01
 2.10000E+01 2.85124E+01 4.68802E-01
 2.20000E+01 3.13562E+01 4.80312E-01
 2.30000E+01 3.36373E+01 4.88016E-01
 2.40000E+01 3.55191E+01 4.96207E-01
 2.50000E+01 3.67912E+01 5.00137E-01
 2.60000E+01 3.80169E+01 5.05500E-01
 2.70000E+01 3.83826E+01 5.08191E-01
 2.80000E+01 3.84579E+01 5.04182E-01
 2.90000E+01 3.89787E+01 5.08990E-01
 3.00000E+01 3.86707E+01 5.11438E-01
 3.20000E+01 3.85995E+01 5.10864E-01
 3.40000E+01 3.67189E+01 5.10443E-01
 3.60000E+01 3.57974E+01 5.02761E-01
 3.80000E+01 3.44381E+01 5.07872E-01
 4.00000E+01 3.23413E+01 4.97156E-01
 4.20000E+01 3.15646E+01 4.90199E-01
 4.40000E+01 3.04006E+01 4.95551E-01
 4.60000E+01 2.79216E+01 4.82423E-01
 4.80000E+01 2.80090E+01 4.75912E-01
 5.00000E+01 2.83697E+01 4.74644E-01
 5.20000E+01 2.77862E+01 4.81695E-01
 5.40000E+01 2.16164E+01 4.21044E-01
