# p + 181Ta: Production of 178Hf - Level  5     1.14742 MeV
# Q-value    = 7.71294E+00 mass= 177.943708
# E-threshold= 0.00000E+00
# # energies =   100
#     E          xs      Branching
 1.00000E-11 0.00000E+00 0.00000E+00
 2.53000E-08 0.00000E+00 0.00000E+00
 2.00000E-07 0.00000E+00 0.00000E+00
 1.00000E-06 0.00000E+00 0.00000E+00
 1.00000E-05 0.00000E+00 0.00000E+00
 1.00000E-04 0.00000E+00 0.00000E+00
 1.00000E-03 0.00000E+00 0.00000E+00
 2.00000E-03 0.00000E+00 0.00000E+00
 4.00000E-03 0.00000E+00 0.00000E+00
 7.00000E-03 0.00000E+00 0.00000E+00
 1.00000E-02 0.00000E+00 0.00000E+00
 2.00000E-02 0.00000E+00 0.00000E+00
 4.00000E-02 0.00000E+00 0.00000E+00
 7.00000E-02 0.00000E+00 0.00000E+00
 1.00000E-01 0.00000E+00 0.00000E+00
 2.00000E-01 0.00000E+00 0.00000E+00
 3.00000E-01 0.00000E+00 0.00000E+00
 4.00000E-01 0.00000E+00 0.00000E+00
 5.00000E-01 0.00000E+00 0.00000E+00
 6.00000E-01 0.00000E+00 0.00000E+00
 7.00000E-01 0.00000E+00 0.00000E+00
 8.00000E-01 0.00000E+00 0.00000E+00
 9.00000E-01 0.00000E+00 0.00000E+00
 1.00000E+00 0.00000E+00 0.00000E+00
 1.20000E+00 0.00000E+00 0.00000E+00
 1.40000E+00 0.00000E+00 0.00000E+00
 1.60000E+00 0.00000E+00 0.00000E+00
 1.80000E+00 0.00000E+00 0.00000E+00
 2.00000E+00 0.00000E+00 0.00000E+00
 2.20000E+00 0.00000E+00 0.00000E+00
 2.40000E+00 0.00000E+00 0.00000E+00
 2.60000E+00 0.00000E+00 0.00000E+00
 2.80000E+00 1.54404E-18 0.00000E+00
 3.00000E+00 1.65873E-14 0.00000E+00
 3.20000E+00 8.89238E-14 0.00000E+00
 3.40000E+00 5.28078E-13 0.00000E+00
 3.60000E+00 1.94230E-12 0.00000E+00
 3.80000E+00 5.37321E-12 0.00000E+00
 4.00000E+00 1.83803E-11 0.00000E+00
 4.20000E+00 4.66054E-11 0.00000E+00
 4.40000E+00 1.14390E-10 0.00000E+00
 4.60000E+00 2.69856E-10 0.00000E+00
 4.80000E+00 5.41635E-10 0.00000E+00
 5.00000E+00 1.15585E-09 0.00000E+00
 5.20000E+00 2.16360E-09 0.00000E+00
 5.40000E+00 3.88386E-09 0.00000E+00
 5.60000E+00 6.84480E-09 0.00000E+00
 5.80000E+00 1.08994E-08 0.00000E+00
 6.00000E+00 1.80175E-08 0.00000E+00
 6.20000E+00 2.75201E-08 0.00000E+00
 6.40000E+00 4.09537E-08 0.00000E+00
 6.60000E+00 6.04869E-08 0.00000E+00
 6.80000E+00 8.34351E-08 0.00000E+00
 7.00000E+00 1.18280E-07 0.00000E+00
 7.20000E+00 1.58783E-07 0.00000E+00
 7.40000E+00 2.12427E-07 0.00000E+00
 7.60000E+00 2.84497E-07 0.00000E+00
 7.80000E+00 3.64572E-07 0.00000E+00
 8.00000E+00 4.78748E-07 0.00000E+00
 8.50000E+00 7.49975E-05 5.99064E-02
 9.00000E+00 1.67896E-04 6.35008E-02
 9.50000E+00 3.62108E-04 6.67537E-02
 1.00000E+01 7.54383E-04 7.06104E-02
 1.05000E+01 1.50695E-03 7.51911E-02
 1.10000E+01 2.87310E-03 8.01280E-02
 1.15000E+01 5.20505E-03 8.53679E-02
 1.20000E+01 9.04165E-03 9.09787E-02
 1.25000E+01 1.48485E-02 9.65796E-02
 1.30000E+01 2.34436E-02 1.02147E-01
 1.35000E+01 3.52391E-02 1.07459E-01
 1.40000E+01 5.10295E-02 1.06267E-01
 1.45000E+01 7.13753E-02 1.14211E-01
 1.50000E+01 9.75353E-02 1.16273E-01
 1.60000E+01 1.69573E-01 1.25092E-01
 1.70000E+01 2.79668E-01 1.32249E-01
 1.80000E+01 4.68386E-01 1.37547E-01
 1.90000E+01 9.11661E-01 1.40995E-01
 2.00000E+01 2.56431E+00 1.43334E-01
 2.10000E+01 2.85405E+00 1.45918E-01
 2.20000E+01 3.08960E+00 1.49323E-01
 2.30000E+01 1.57994E+00 1.49381E-01
 2.40000E+01 9.44462E-01 1.49775E-01
 2.50000E+01 7.94804E-01 1.52995E-01
 2.60000E+01 6.55207E-01 1.54020E-01
 2.70000E+01 5.54814E-01 1.52252E-01
 2.80000E+01 5.02462E-01 1.51326E-01
 2.90000E+01 4.68812E-01 1.53745E-01
 3.00000E+01 3.84661E-01 1.50801E-01
 3.20000E+01 3.24632E-01 1.54580E-01
 3.40000E+01 2.99331E-01 1.45242E-01
 3.60000E+01 3.42776E-01 1.50284E-01
 3.80000E+01 4.38925E-01 1.51489E-01
 4.00000E+01 5.22342E-01 1.54440E-01
 4.20000E+01 6.09294E-01 1.47109E-01
 4.40000E+01 7.43235E-01 1.48023E-01
 4.60000E+01 8.80298E-01 1.40481E-01
 4.80000E+01 9.39063E-01 1.33315E-01
 5.00000E+01 1.13421E+00 1.35849E-01
 5.20000E+01 1.35517E+00 1.33013E-01
 5.40000E+01 1.56182E+00 1.30025E-01
