# p + 180Ta: Production of 176Hf - Total
# Q-value    = 2.43553E+00 mass= 175.941410
# E-threshold= 0.00000E+00
# # energies =   100
#     E          xs
 1.00000E-11 0.00000E+00
 2.53000E-08 0.00000E+00
 2.00000E-07 0.00000E+00
 1.00000E-06 0.00000E+00
 1.00000E-05 0.00000E+00
 1.00000E-04 0.00000E+00
 1.00000E-03 0.00000E+00
 2.00000E-03 0.00000E+00
 4.00000E-03 0.00000E+00
 7.00000E-03 0.00000E+00
 1.00000E-02 0.00000E+00
 2.00000E-02 0.00000E+00
 4.00000E-02 0.00000E+00
 7.00000E-02 0.00000E+00
 1.00000E-01 0.00000E+00
 2.00000E-01 0.00000E+00
 3.00000E-01 0.00000E+00
 4.00000E-01 0.00000E+00
 5.00000E-01 0.00000E+00
 6.00000E-01 0.00000E+00
 7.00000E-01 0.00000E+00
 8.00000E-01 0.00000E+00
 9.00000E-01 0.00000E+00
 1.00000E+00 0.00000E+00
 1.20000E+00 0.00000E+00
 1.40000E+00 0.00000E+00
 1.60000E+00 0.00000E+00
 1.80000E+00 0.00000E+00
 2.00000E+00 0.00000E+00
 2.20000E+00 0.00000E+00
 2.40000E+00 0.00000E+00
 2.60000E+00 0.00000E+00
 2.80000E+00 0.00000E+00
 3.00000E+00 0.00000E+00
 3.20000E+00 0.00000E+00
 3.40000E+00 0.00000E+00
 3.60000E+00 1.00000E-07
 3.80000E+00 1.00000E-07
 4.00000E+00 1.00000E-07
 4.20000E+00 1.00000E-07
 4.40000E+00 1.00000E-07
 4.60000E+00 1.00000E-07
 4.80000E+00 1.00000E-07
 5.00000E+00 1.00000E-07
 5.20000E+00 1.00000E-07
 5.40000E+00 1.00000E-07
 5.60000E+00 1.00000E-07
 5.80000E+00 1.00000E-07
 6.00000E+00 1.00000E-07
 6.20000E+00 1.00000E-07
 6.40000E+00 1.00000E-07
 6.60000E+00 1.00000E-07
 6.80000E+00 1.00000E-07
 7.00000E+00 1.00000E-07
 7.20000E+00 1.00000E-07
 7.40000E+00 1.00000E-07
 7.60000E+00 1.00000E-07
 7.80000E+00 1.00000E-07
 8.00000E+00 1.00000E-07
 8.50000E+00 1.00000E-07
 9.00000E+00 1.00000E-07
 9.50000E+00 1.00000E-07
 1.00000E+01 1.00000E-07
 1.05000E+01 1.00000E-07
 1.10000E+01 1.50683E-03
 1.15000E+01 2.85950E-03
 1.20000E+01 5.20407E-03
 1.25000E+01 8.98646E-03
 1.30000E+01 1.55501E-02
 1.35000E+01 2.58917E-02
 1.40000E+01 4.26451E-02
 1.45000E+01 6.94034E-02
 1.50000E+01 1.08171E-01
 1.60000E+01 2.63346E-01
 1.70000E+01 5.92635E-01
 1.80000E+01 1.21232E+00
 1.90000E+01 2.67603E+00
 2.00000E+01 8.08102E+00
 2.10000E+01 1.27508E+01
 2.20000E+01 1.70730E+01
 2.30000E+01 1.26050E+01
 2.40000E+01 1.00761E+01
 2.50000E+01 1.01211E+01
 2.60000E+01 1.02274E+01
 2.70000E+01 1.03253E+01
 2.80000E+01 1.03437E+01
 2.90000E+01 1.01153E+01
 3.00000E+01 9.93835E+00
 3.20000E+01 8.86087E+00
 3.40000E+01 7.88475E+00
 3.60000E+01 7.07871E+00
 3.80000E+01 5.97223E+00
 4.00000E+01 5.47889E+00
 4.20000E+01 5.20970E+00
 4.40000E+01 4.95943E+00
 4.60000E+01 5.49855E+00
 4.80000E+01 6.34647E+00
 5.00000E+01 7.17450E+00
 5.20000E+01 7.68327E+00
 5.40000E+01 8.77068E+00
