# p + 181Ta: Production of 181W  - Total
# Q-value    =-9.87472E-01 mass= 180.948219
# E-threshold= 9.92969E-01
# # energies =   100
#     E          xs
 1.00000E-11 0.00000E+00
 2.53000E-08 0.00000E+00
 2.00000E-07 0.00000E+00
 1.00000E-06 0.00000E+00
 1.00000E-05 0.00000E+00
 1.00000E-04 0.00000E+00
 1.00000E-03 0.00000E+00
 2.00000E-03 0.00000E+00
 4.00000E-03 0.00000E+00
 7.00000E-03 0.00000E+00
 1.00000E-02 0.00000E+00
 2.00000E-02 0.00000E+00
 4.00000E-02 0.00000E+00
 7.00000E-02 0.00000E+00
 1.00000E-01 0.00000E+00
 2.00000E-01 0.00000E+00
 3.00000E-01 0.00000E+00
 4.00000E-01 0.00000E+00
 5.00000E-01 0.00000E+00
 6.00000E-01 0.00000E+00
 7.00000E-01 0.00000E+00
 8.00000E-01 0.00000E+00
 9.00000E-01 0.00000E+00
 1.00000E+00 0.00000E+00
 1.20000E+00 0.00000E+00
 1.40000E+00 0.00000E+00
 1.60000E+00 0.00000E+00
 1.80000E+00 0.00000E+00
 2.00000E+00 0.00000E+00
 2.20000E+00 0.00000E+00
 2.40000E+00 0.00000E+00
 2.60000E+00 0.00000E+00
 2.80000E+00 0.00000E+00
 3.00000E+00 0.00000E+00
 3.20000E+00 0.00000E+00
 3.40000E+00 0.00000E+00
 3.60000E+00 1.83073E-03
 3.80000E+00 4.50971E-03
 4.00000E+00 1.06461E-02
 4.20000E+00 2.27889E-02
 4.40000E+00 4.59873E-02
 4.60000E+00 8.79385E-02
 4.80000E+00 1.60374E-01
 5.00000E+00 2.80243E-01
 5.20000E+00 4.71291E-01
 5.40000E+00 7.65530E-01
 5.60000E+00 1.20492E+00
 5.80000E+00 1.84346E+00
 6.00000E+00 2.74710E+00
 6.20000E+00 3.99850E+00
 6.40000E+00 5.69340E+00
 6.60000E+00 7.94358E+00
 6.80000E+00 1.08786E+01
 7.00000E+00 1.46364E+01
 7.20000E+00 1.93704E+01
 7.40000E+00 2.52402E+01
 7.60000E+00 3.24008E+01
 7.80000E+00 4.09643E+01
 8.00000E+00 4.99834E+01
 8.50000E+00 6.87168E+01
 9.00000E+00 7.85647E+01
 9.50000E+00 8.30568E+01
 1.00000E+01 8.38292E+01
 1.05000E+01 8.35673E+01
 1.10000E+01 8.15820E+01
 1.15000E+01 7.93285E+01
 1.20000E+01 7.66913E+01
 1.25000E+01 7.36461E+01
 1.30000E+01 7.09020E+01
 1.35000E+01 6.84303E+01
 1.40000E+01 6.62380E+01
 1.45000E+01 6.43402E+01
 1.50000E+01 6.27739E+01
 1.60000E+01 6.06369E+01
 1.70000E+01 5.91087E+01
 1.80000E+01 5.78653E+01
 1.90000E+01 5.66838E+01
 2.00000E+01 5.52376E+01
 2.10000E+01 5.37716E+01
 2.20000E+01 5.21027E+01
 2.30000E+01 5.05666E+01
 2.40000E+01 4.89208E+01
 2.50000E+01 4.72284E+01
 2.60000E+01 4.56295E+01
 2.70000E+01 4.40544E+01
 2.80000E+01 4.24789E+01
 2.90000E+01 4.10290E+01
 3.00000E+01 3.95728E+01
 3.20000E+01 3.66172E+01
 3.40000E+01 3.41712E+01
 3.60000E+01 3.16551E+01
 3.80000E+01 2.95693E+01
 4.00000E+01 2.72109E+01
 4.20000E+01 2.53228E+01
 4.40000E+01 2.42957E+01
 4.60000E+01 2.18420E+01
 4.80000E+01 2.03049E+01
 5.00000E+01 1.94138E+01
 5.20000E+01 1.80393E+01
 5.40000E+01 1.61334E+01
