# p + 180Ta: Production of 179W  - Total
# Q-value    =-8.49206E+00 mass= 178.947079
# E-threshold= 8.53959E+00
# # energies =   100
#     E          xs
 1.00000E-11 0.00000E+00
 2.53000E-08 0.00000E+00
 2.00000E-07 0.00000E+00
 1.00000E-06 0.00000E+00
 1.00000E-05 0.00000E+00
 1.00000E-04 0.00000E+00
 1.00000E-03 0.00000E+00
 2.00000E-03 0.00000E+00
 4.00000E-03 0.00000E+00
 7.00000E-03 0.00000E+00
 1.00000E-02 0.00000E+00
 2.00000E-02 0.00000E+00
 4.00000E-02 0.00000E+00
 7.00000E-02 0.00000E+00
 1.00000E-01 0.00000E+00
 2.00000E-01 0.00000E+00
 3.00000E-01 0.00000E+00
 4.00000E-01 0.00000E+00
 5.00000E-01 0.00000E+00
 6.00000E-01 0.00000E+00
 7.00000E-01 0.00000E+00
 8.00000E-01 0.00000E+00
 9.00000E-01 0.00000E+00
 1.00000E+00 0.00000E+00
 1.20000E+00 0.00000E+00
 1.40000E+00 0.00000E+00
 1.60000E+00 0.00000E+00
 1.80000E+00 0.00000E+00
 2.00000E+00 0.00000E+00
 2.20000E+00 0.00000E+00
 2.40000E+00 0.00000E+00
 2.60000E+00 0.00000E+00
 2.80000E+00 0.00000E+00
 3.00000E+00 0.00000E+00
 3.20000E+00 0.00000E+00
 3.40000E+00 0.00000E+00
 3.60000E+00 0.00000E+00
 3.80000E+00 0.00000E+00
 4.00000E+00 0.00000E+00
 4.20000E+00 0.00000E+00
 4.40000E+00 0.00000E+00
 4.60000E+00 0.00000E+00
 4.80000E+00 0.00000E+00
 5.00000E+00 0.00000E+00
 5.20000E+00 0.00000E+00
 5.40000E+00 0.00000E+00
 5.60000E+00 0.00000E+00
 5.80000E+00 0.00000E+00
 6.00000E+00 0.00000E+00
 6.20000E+00 0.00000E+00
 6.40000E+00 0.00000E+00
 6.60000E+00 0.00000E+00
 6.80000E+00 0.00000E+00
 7.00000E+00 0.00000E+00
 7.20000E+00 0.00000E+00
 7.40000E+00 0.00000E+00
 7.60000E+00 0.00000E+00
 7.80000E+00 0.00000E+00
 8.00000E+00 0.00000E+00
 8.50000E+00 0.00000E+00
 9.00000E+00 9.79609E+00
 9.50000E+00 5.79392E+01
 1.00000E+01 1.31480E+02
 1.05000E+01 2.09744E+02
 1.10000E+01 2.86386E+02
 1.15000E+01 3.61022E+02
 1.20000E+01 4.33012E+02
 1.25000E+01 5.03785E+02
 1.30000E+01 5.72395E+02
 1.35000E+01 6.38884E+02
 1.40000E+01 7.02485E+02
 1.45000E+01 7.62979E+02
 1.50000E+01 8.19487E+02
 1.60000E+01 9.16906E+02
 1.70000E+01 9.19943E+02
 1.80000E+01 8.03505E+02
 1.90000E+01 6.48764E+02
 2.00000E+01 5.07068E+02
 2.10000E+01 3.97771E+02
 2.20000E+01 3.16346E+02
 2.30000E+01 2.59398E+02
 2.40000E+01 2.17330E+02
 2.50000E+01 1.87712E+02
 2.60000E+01 1.66389E+02
 2.70000E+01 1.51907E+02
 2.80000E+01 1.41155E+02
 2.90000E+01 1.32860E+02
 3.00000E+01 1.26893E+02
 3.20000E+01 1.16516E+02
 3.40000E+01 1.08363E+02
 3.60000E+01 1.01179E+02
 3.80000E+01 9.45760E+01
 4.00000E+01 8.93544E+01
 4.20000E+01 8.30418E+01
 4.40000E+01 7.76658E+01
 4.60000E+01 7.34348E+01
 4.80000E+01 6.96538E+01
 5.00000E+01 6.39636E+01
 5.20000E+01 6.07932E+01
 5.40000E+01 5.81804E+01
