# p + 180Ta: Production of 179W  - Ground state
# Q-value    =-8.49206E+00 mass= 178.947079
# E-threshold= 8.53959E+00
# # energies =   100
#     E          xs      Branching
 1.00000E-11 0.00000E+00 0.00000E+00
 2.53000E-08 0.00000E+00 0.00000E+00
 2.00000E-07 0.00000E+00 0.00000E+00
 1.00000E-06 0.00000E+00 0.00000E+00
 1.00000E-05 0.00000E+00 0.00000E+00
 1.00000E-04 0.00000E+00 0.00000E+00
 1.00000E-03 0.00000E+00 0.00000E+00
 2.00000E-03 0.00000E+00 0.00000E+00
 4.00000E-03 0.00000E+00 0.00000E+00
 7.00000E-03 0.00000E+00 0.00000E+00
 1.00000E-02 0.00000E+00 0.00000E+00
 2.00000E-02 0.00000E+00 0.00000E+00
 4.00000E-02 0.00000E+00 0.00000E+00
 7.00000E-02 0.00000E+00 0.00000E+00
 1.00000E-01 0.00000E+00 0.00000E+00
 2.00000E-01 0.00000E+00 0.00000E+00
 3.00000E-01 0.00000E+00 0.00000E+00
 4.00000E-01 0.00000E+00 0.00000E+00
 5.00000E-01 0.00000E+00 0.00000E+00
 6.00000E-01 0.00000E+00 0.00000E+00
 7.00000E-01 0.00000E+00 0.00000E+00
 8.00000E-01 0.00000E+00 0.00000E+00
 9.00000E-01 0.00000E+00 0.00000E+00
 1.00000E+00 0.00000E+00 0.00000E+00
 1.20000E+00 0.00000E+00 0.00000E+00
 1.40000E+00 0.00000E+00 0.00000E+00
 1.60000E+00 0.00000E+00 0.00000E+00
 1.80000E+00 0.00000E+00 0.00000E+00
 2.00000E+00 0.00000E+00 0.00000E+00
 2.20000E+00 0.00000E+00 0.00000E+00
 2.40000E+00 0.00000E+00 0.00000E+00
 2.60000E+00 0.00000E+00 0.00000E+00
 2.80000E+00 0.00000E+00 0.00000E+00
 3.00000E+00 0.00000E+00 0.00000E+00
 3.20000E+00 0.00000E+00 0.00000E+00
 3.40000E+00 0.00000E+00 0.00000E+00
 3.60000E+00 0.00000E+00 0.00000E+00
 3.80000E+00 0.00000E+00 0.00000E+00
 4.00000E+00 0.00000E+00 0.00000E+00
 4.20000E+00 0.00000E+00 0.00000E+00
 4.40000E+00 0.00000E+00 0.00000E+00
 4.60000E+00 0.00000E+00 0.00000E+00
 4.80000E+00 0.00000E+00 0.00000E+00
 5.00000E+00 0.00000E+00 0.00000E+00
 5.20000E+00 0.00000E+00 0.00000E+00
 5.40000E+00 0.00000E+00 0.00000E+00
 5.60000E+00 0.00000E+00 0.00000E+00
 5.80000E+00 0.00000E+00 0.00000E+00
 6.00000E+00 0.00000E+00 0.00000E+00
 6.20000E+00 0.00000E+00 0.00000E+00
 6.40000E+00 0.00000E+00 0.00000E+00
 6.60000E+00 0.00000E+00 0.00000E+00
 6.80000E+00 0.00000E+00 0.00000E+00
 7.00000E+00 0.00000E+00 0.00000E+00
 7.20000E+00 0.00000E+00 0.00000E+00
 7.40000E+00 0.00000E+00 0.00000E+00
 7.60000E+00 0.00000E+00 0.00000E+00
 7.80000E+00 0.00000E+00 0.00000E+00
 8.00000E+00 0.00000E+00 0.00000E+00
 8.50000E+00 0.00000E+00 0.00000E+00
 9.00000E+00 7.76330E+00 7.92489E-01
 9.50000E+00 3.95358E+01 6.82367E-01
 1.00000E+01 9.02916E+01 6.86731E-01
 1.05000E+01 1.47109E+02 7.01375E-01
 1.10000E+01 2.05279E+02 7.16791E-01
 1.15000E+01 2.64177E+02 7.31750E-01
 1.20000E+01 3.23505E+02 7.47103E-01
 1.25000E+01 3.83947E+02 7.62125E-01
 1.30000E+01 4.44376E+02 7.76345E-01
 1.35000E+01 5.04467E+02 7.89605E-01
 1.40000E+01 5.63243E+02 8.01785E-01
 1.45000E+01 6.18176E+02 8.10214E-01
 1.50000E+01 6.71495E+02 8.19409E-01
 1.60000E+01 7.66403E+02 8.35858E-01
 1.70000E+01 7.88450E+02 8.57064E-01
 1.80000E+01 7.04777E+02 8.77129E-01
 1.90000E+01 5.77727E+02 8.90505E-01
 2.00000E+01 4.54244E+02 8.95825E-01
 2.10000E+01 3.56719E+02 8.96794E-01
 2.20000E+01 2.80145E+02 8.85565E-01
 2.30000E+01 2.27515E+02 8.77088E-01
 2.40000E+01 1.88707E+02 8.68297E-01
 2.50000E+01 1.60663E+02 8.55899E-01
 2.60000E+01 1.41047E+02 8.47698E-01
 2.70000E+01 1.27776E+02 8.41146E-01
 2.80000E+01 1.18172E+02 8.37179E-01
 2.90000E+01 1.10833E+02 8.34214E-01
 3.00000E+01 1.05654E+02 8.32626E-01
 3.20000E+01 9.68005E+01 8.30788E-01
 3.40000E+01 8.99373E+01 8.29965E-01
 3.60000E+01 8.37664E+01 8.27903E-01
 3.80000E+01 7.82524E+01 8.27402E-01
 4.00000E+01 7.38494E+01 8.26477E-01
 4.20000E+01 6.85889E+01 8.25956E-01
 4.40000E+01 6.41997E+01 8.26616E-01
 4.60000E+01 6.05710E+01 8.24827E-01
 4.80000E+01 5.73087E+01 8.22765E-01
 5.00000E+01 5.25610E+01 8.21734E-01
 5.20000E+01 4.98210E+01 8.19516E-01
 5.40000E+01 4.77859E+01 8.21341E-01
