# p + 181Ta: Production of 177Hf - Level 10     2.74002 MeV
# Q-value    =-1.50560E+00 mass= 176.943230
# E-threshold= 1.51398E+00
# # energies =   100
#     E          xs      Branching
 1.00000E-11 0.00000E+00 0.00000E+00
 2.53000E-08 0.00000E+00 0.00000E+00
 2.00000E-07 0.00000E+00 0.00000E+00
 1.00000E-06 0.00000E+00 0.00000E+00
 1.00000E-05 0.00000E+00 0.00000E+00
 1.00000E-04 0.00000E+00 0.00000E+00
 1.00000E-03 0.00000E+00 0.00000E+00
 2.00000E-03 0.00000E+00 0.00000E+00
 4.00000E-03 0.00000E+00 0.00000E+00
 7.00000E-03 0.00000E+00 0.00000E+00
 1.00000E-02 0.00000E+00 0.00000E+00
 2.00000E-02 0.00000E+00 0.00000E+00
 4.00000E-02 0.00000E+00 0.00000E+00
 7.00000E-02 0.00000E+00 0.00000E+00
 1.00000E-01 0.00000E+00 0.00000E+00
 2.00000E-01 0.00000E+00 0.00000E+00
 3.00000E-01 0.00000E+00 0.00000E+00
 4.00000E-01 0.00000E+00 0.00000E+00
 5.00000E-01 0.00000E+00 0.00000E+00
 6.00000E-01 0.00000E+00 0.00000E+00
 7.00000E-01 0.00000E+00 0.00000E+00
 8.00000E-01 0.00000E+00 0.00000E+00
 9.00000E-01 0.00000E+00 0.00000E+00
 1.00000E+00 0.00000E+00 0.00000E+00
 1.20000E+00 0.00000E+00 0.00000E+00
 1.40000E+00 0.00000E+00 0.00000E+00
 1.60000E+00 0.00000E+00 0.00000E+00
 1.80000E+00 0.00000E+00 0.00000E+00
 2.00000E+00 0.00000E+00 0.00000E+00
 2.20000E+00 0.00000E+00 0.00000E+00
 2.40000E+00 0.00000E+00 0.00000E+00
 2.60000E+00 0.00000E+00 0.00000E+00
 2.80000E+00 0.00000E+00 0.00000E+00
 3.00000E+00 0.00000E+00 0.00000E+00
 3.20000E+00 0.00000E+00 0.00000E+00
 3.40000E+00 0.00000E+00 0.00000E+00
 3.60000E+00 0.00000E+00 0.00000E+00
 3.80000E+00 0.00000E+00 0.00000E+00
 4.00000E+00 0.00000E+00 0.00000E+00
 4.20000E+00 0.00000E+00 0.00000E+00
 4.40000E+00 0.00000E+00 0.00000E+00
 4.60000E+00 0.00000E+00 0.00000E+00
 4.80000E+00 0.00000E+00 0.00000E+00
 5.00000E+00 0.00000E+00 0.00000E+00
 5.20000E+00 0.00000E+00 0.00000E+00
 5.40000E+00 0.00000E+00 0.00000E+00
 5.60000E+00 0.00000E+00 0.00000E+00
 5.80000E+00 0.00000E+00 0.00000E+00
 6.00000E+00 0.00000E+00 0.00000E+00
 6.20000E+00 0.00000E+00 0.00000E+00
 6.40000E+00 0.00000E+00 0.00000E+00
 6.60000E+00 0.00000E+00 0.00000E+00
 6.80000E+00 0.00000E+00 0.00000E+00
 7.00000E+00 0.00000E+00 0.00000E+00
 7.20000E+00 0.00000E+00 0.00000E+00
 7.40000E+00 0.00000E+00 0.00000E+00
 7.60000E+00 0.00000E+00 0.00000E+00
 7.80000E+00 0.00000E+00 0.00000E+00
 8.00000E+00 0.00000E+00 0.00000E+00
 8.50000E+00 0.00000E+00 0.00000E+00
 9.00000E+00 0.00000E+00 0.00000E+00
 9.50000E+00 0.00000E+00 0.00000E+00
 1.00000E+01 0.00000E+00 0.00000E+00
 1.05000E+01 0.00000E+00 0.00000E+00
 1.10000E+01 0.00000E+00 0.00000E+00
 1.15000E+01 0.00000E+00 0.00000E+00
 1.20000E+01 2.48086E-10 0.00000E+00
 1.25000E+01 2.05709E-09 1.47498E-06
 1.30000E+01 2.70579E-08 9.74759E-06
 1.35000E+01 1.40526E-07 2.82398E-05
 1.40000E+01 7.42497E-07 8.64652E-05
 1.45000E+01 1.55746E-06 1.02621E-04
 1.50000E+01 4.70223E-06 1.79456E-04
 1.60000E+01 2.19258E-05 2.88120E-04
 1.70000E+01 1.24122E-04 6.13204E-04
 1.80000E+01 4.73931E-04 9.48732E-04
 1.90000E+01 2.60727E-03 1.93641E-03
 2.00000E+01 1.36273E-02 2.98085E-03
 2.10000E+01 3.12754E-02 4.15333E-03
 2.20000E+01 5.50967E-02 5.11826E-03
 2.30000E+01 4.88107E-02 6.07351E-03
 2.40000E+01 4.97003E-02 7.19838E-03
 2.50000E+01 7.09099E-02 1.00306E-02
 2.60000E+01 6.63418E-02 8.82930E-03
 2.70000E+01 7.12223E-02 9.14757E-03
 2.80000E+01 8.31920E-02 1.07322E-02
 2.90000E+01 1.84137E-01 2.42054E-02
 3.00000E+01 1.99834E-01 2.60027E-02
 3.20000E+01 2.06274E-01 2.98301E-02
 3.40000E+01 1.87183E-01 3.03453E-02
 3.60000E+01 5.27619E-01 9.48658E-02
 3.80000E+01 5.39191E-01 1.12297E-01
 4.00000E+01 5.01453E-01 1.21175E-01
 4.20000E+01 1.49435E-01 3.87542E-02
 4.40000E+01 1.38494E-01 3.55693E-02
 4.60000E+01 1.19848E-01 2.99568E-02
 4.80000E+01 1.37707E-01 2.96540E-02
 5.00000E+01 2.85252E-01 5.60252E-02
 5.20000E+01 4.33027E-01 7.48947E-02
 5.40000E+01 4.66096E-01 7.13895E-02
