# p + 180Ta: Production of 180Ta - Ground state
# Q-value    = 0.00000E+00 mass= 179.947468
# E-threshold= 0.00000E+00
# # energies =   100
#     E          xs      Branching
 1.00000E-11 0.00000E+00 0.00000E+00
 2.53000E-08 0.00000E+00 0.00000E+00
 2.00000E-07 0.00000E+00 0.00000E+00
 1.00000E-06 0.00000E+00 0.00000E+00
 1.00000E-05 0.00000E+00 0.00000E+00
 1.00000E-04 0.00000E+00 0.00000E+00
 1.00000E-03 0.00000E+00 0.00000E+00
 2.00000E-03 0.00000E+00 0.00000E+00
 4.00000E-03 0.00000E+00 0.00000E+00
 7.00000E-03 0.00000E+00 0.00000E+00
 1.00000E-02 0.00000E+00 0.00000E+00
 2.00000E-02 0.00000E+00 0.00000E+00
 4.00000E-02 0.00000E+00 0.00000E+00
 7.00000E-02 0.00000E+00 0.00000E+00
 1.00000E-01 0.00000E+00 0.00000E+00
 2.00000E-01 0.00000E+00 0.00000E+00
 3.00000E-01 0.00000E+00 0.00000E+00
 4.00000E-01 0.00000E+00 0.00000E+00
 5.00000E-01 0.00000E+00 0.00000E+00
 6.00000E-01 0.00000E+00 0.00000E+00
 7.00000E-01 0.00000E+00 0.00000E+00
 8.00000E-01 0.00000E+00 0.00000E+00
 9.00000E-01 0.00000E+00 0.00000E+00
 1.00000E+00 0.00000E+00 0.00000E+00
 1.20000E+00 0.00000E+00 0.00000E+00
 1.40000E+00 0.00000E+00 0.00000E+00
 1.60000E+00 0.00000E+00 0.00000E+00
 1.80000E+00 0.00000E+00 0.00000E+00
 2.00000E+00 0.00000E+00 0.00000E+00
 2.20000E+00 0.00000E+00 0.00000E+00
 2.40000E+00 0.00000E+00 0.00000E+00
 2.60000E+00 0.00000E+00 0.00000E+00
 2.80000E+00 0.00000E+00 0.00000E+00
 3.00000E+00 0.00000E+00 0.00000E+00
 3.20000E+00 0.00000E+00 0.00000E+00
 3.40000E+00 0.00000E+00 0.00000E+00
 3.60000E+00 0.00000E+00 0.00000E+00
 3.80000E+00 0.00000E+00 0.00000E+00
 4.00000E+00 0.00000E+00 0.00000E+00
 4.20000E+00 0.00000E+00 0.00000E+00
 4.40000E+00 0.00000E+00 0.00000E+00
 4.60000E+00 0.00000E+00 0.00000E+00
 4.80000E+00 0.00000E+00 0.00000E+00
 5.00000E+00 0.00000E+00 0.00000E+00
 5.20000E+00 0.00000E+00 0.00000E+00
 5.40000E+00 0.00000E+00 0.00000E+00
 5.60000E+00 0.00000E+00 0.00000E+00
 5.80000E+00 0.00000E+00 0.00000E+00
 6.00000E+00 0.00000E+00 0.00000E+00
 6.20000E+00 0.00000E+00 0.00000E+00
 6.40000E+00 0.00000E+00 0.00000E+00
 6.60000E+00 0.00000E+00 0.00000E+00
 6.80000E+00 0.00000E+00 0.00000E+00
 7.00000E+00 1.41963E-03 9.55068E-01
 7.20000E+00 2.59774E-03 9.50671E-01
 7.40000E+00 4.60695E-03 9.45585E-01
 7.60000E+00 7.84177E-03 9.43836E-01
 7.80000E+00 1.31670E-02 9.36784E-01
 8.00000E+00 2.10880E-02 9.34775E-01
 8.50000E+00 6.16020E-02 9.23308E-01
 9.00000E+00 1.51866E-01 9.10149E-01
 9.50000E+00 3.21573E-01 8.95223E-01
 1.00000E+01 5.98930E-01 8.78172E-01
 1.05000E+01 1.00767E+00 8.59615E-01
 1.10000E+01 1.56887E+00 8.40162E-01
 1.15000E+01 2.30282E+00 8.19759E-01
 1.20000E+01 3.22785E+00 7.99226E-01
 1.25000E+01 4.35550E+00 7.78152E-01
 1.30000E+01 5.68869E+00 7.56522E-01
 1.35000E+01 7.22301E+00 7.34746E-01
 1.40000E+01 8.93913E+00 7.13130E-01
 1.45000E+01 1.08099E+01 6.91920E-01
 1.50000E+01 1.28069E+01 6.71933E-01
 1.60000E+01 1.69053E+01 6.35424E-01
 1.70000E+01 2.08432E+01 6.05162E-01
 1.80000E+01 2.43850E+01 5.79747E-01
 1.90000E+01 2.74776E+01 5.59255E-01
 2.00000E+01 3.01551E+01 5.42103E-01
 2.10000E+01 3.23073E+01 5.31198E-01
 2.20000E+01 3.39268E+01 5.19688E-01
 2.30000E+01 3.52894E+01 5.11984E-01
 2.40000E+01 3.60622E+01 5.03793E-01
 2.50000E+01 3.67710E+01 4.99863E-01
 2.60000E+01 3.71897E+01 4.94500E-01
 2.70000E+01 3.71454E+01 4.91809E-01
 2.80000E+01 3.78199E+01 4.95818E-01
 2.90000E+01 3.76018E+01 4.91010E-01
 3.00000E+01 3.69409E+01 4.88562E-01
 3.20000E+01 3.69577E+01 4.89136E-01
 3.40000E+01 3.52165E+01 4.89557E-01
 3.60000E+01 3.54042E+01 4.97239E-01
 3.80000E+01 3.33705E+01 4.92128E-01
 4.00000E+01 3.27114E+01 5.02844E-01
 4.20000E+01 3.28268E+01 5.09801E-01
 4.40000E+01 3.09464E+01 5.04449E-01
 4.60000E+01 2.99562E+01 5.17577E-01
 4.80000E+01 3.08444E+01 5.24088E-01
 5.00000E+01 3.14008E+01 5.25356E-01
 5.20000E+01 2.98980E+01 5.18305E-01
 5.40000E+01 2.97237E+01 5.78956E-01
