# p + 181Ta: Production of 180Ta - Ground state
# Q-value    =-5.35218E+00 mass= 179.947468
# E-threshold= 5.38198E+00
# # energies =   100
#     E          xs      Branching
 1.00000E-11 0.00000E+00 0.00000E+00
 2.53000E-08 0.00000E+00 0.00000E+00
 2.00000E-07 0.00000E+00 0.00000E+00
 1.00000E-06 0.00000E+00 0.00000E+00
 1.00000E-05 0.00000E+00 0.00000E+00
 1.00000E-04 0.00000E+00 0.00000E+00
 1.00000E-03 0.00000E+00 0.00000E+00
 2.00000E-03 0.00000E+00 0.00000E+00
 4.00000E-03 0.00000E+00 0.00000E+00
 7.00000E-03 0.00000E+00 0.00000E+00
 1.00000E-02 0.00000E+00 0.00000E+00
 2.00000E-02 0.00000E+00 0.00000E+00
 4.00000E-02 0.00000E+00 0.00000E+00
 7.00000E-02 0.00000E+00 0.00000E+00
 1.00000E-01 0.00000E+00 0.00000E+00
 2.00000E-01 0.00000E+00 0.00000E+00
 3.00000E-01 0.00000E+00 0.00000E+00
 4.00000E-01 0.00000E+00 0.00000E+00
 5.00000E-01 0.00000E+00 0.00000E+00
 6.00000E-01 0.00000E+00 0.00000E+00
 7.00000E-01 0.00000E+00 0.00000E+00
 8.00000E-01 0.00000E+00 0.00000E+00
 9.00000E-01 0.00000E+00 0.00000E+00
 1.00000E+00 0.00000E+00 0.00000E+00
 1.20000E+00 0.00000E+00 0.00000E+00
 1.40000E+00 0.00000E+00 0.00000E+00
 1.60000E+00 0.00000E+00 0.00000E+00
 1.80000E+00 0.00000E+00 0.00000E+00
 2.00000E+00 0.00000E+00 0.00000E+00
 2.20000E+00 0.00000E+00 0.00000E+00
 2.40000E+00 0.00000E+00 0.00000E+00
 2.60000E+00 0.00000E+00 0.00000E+00
 2.80000E+00 0.00000E+00 0.00000E+00
 3.00000E+00 0.00000E+00 0.00000E+00
 3.20000E+00 0.00000E+00 0.00000E+00
 3.40000E+00 0.00000E+00 0.00000E+00
 3.60000E+00 0.00000E+00 0.00000E+00
 3.80000E+00 0.00000E+00 0.00000E+00
 4.00000E+00 0.00000E+00 0.00000E+00
 4.20000E+00 0.00000E+00 0.00000E+00
 4.40000E+00 0.00000E+00 0.00000E+00
 4.60000E+00 0.00000E+00 0.00000E+00
 4.80000E+00 0.00000E+00 0.00000E+00
 5.00000E+00 0.00000E+00 0.00000E+00
 5.20000E+00 0.00000E+00 0.00000E+00
 5.40000E+00 0.00000E+00 0.00000E+00
 5.60000E+00 0.00000E+00 0.00000E+00
 5.80000E+00 0.00000E+00 0.00000E+00
 6.00000E+00 0.00000E+00 0.00000E+00
 6.20000E+00 0.00000E+00 0.00000E+00
 6.40000E+00 0.00000E+00 0.00000E+00
 6.60000E+00 0.00000E+00 0.00000E+00
 6.80000E+00 0.00000E+00 0.00000E+00
 7.00000E+00 0.00000E+00 0.00000E+00
 7.20000E+00 0.00000E+00 0.00000E+00
 7.40000E+00 0.00000E+00 0.00000E+00
 7.60000E+00 0.00000E+00 0.00000E+00
 7.80000E+00 0.00000E+00 0.00000E+00
 8.00000E+00 0.00000E+00 0.00000E+00
 8.50000E+00 0.00000E+00 0.00000E+00
 9.00000E+00 0.00000E+00 0.00000E+00
 9.50000E+00 0.00000E+00 0.00000E+00
 1.00000E+01 0.00000E+00 0.00000E+00
 1.05000E+01 0.00000E+00 0.00000E+00
 1.10000E+01 0.00000E+00 0.00000E+00
 1.15000E+01 0.00000E+00 0.00000E+00
 1.20000E+01 1.81839E-03 6.58909E-01
 1.25000E+01 6.80887E-03 6.67966E-01
 1.30000E+01 2.11253E-02 6.71589E-01
 1.35000E+01 5.61573E-02 6.71428E-01
 1.40000E+01 1.30869E-01 6.69521E-01
 1.45000E+01 2.73678E-01 6.63184E-01
 1.50000E+01 5.17679E-01 6.56116E-01
 1.60000E+01 1.45759E+00 6.35761E-01
 1.70000E+01 3.21710E+00 6.05781E-01
 1.80000E+01 5.86122E+00 5.76072E-01
 1.90000E+01 9.43243E+00 5.46233E-01
 2.00000E+01 1.37779E+01 5.18485E-01
 2.10000E+01 1.92307E+01 5.02231E-01
 2.20000E+01 2.90507E+01 5.51693E-01
 2.30000E+01 3.70533E+01 5.45234E-01
 2.40000E+01 4.63644E+01 5.52569E-01
 2.50000E+01 5.57011E+01 5.54987E-01
 2.60000E+01 6.44821E+01 5.54960E-01
 2.70000E+01 7.20202E+01 5.55588E-01
 2.80000E+01 8.07482E+01 5.56672E-01
 2.90000E+01 8.66234E+01 5.58561E-01
 3.00000E+01 9.28605E+01 5.60845E-01
 3.20000E+01 1.03986E+02 5.65237E-01
 3.40000E+01 1.11992E+02 5.70173E-01
 3.60000E+01 1.17927E+02 5.71355E-01
 3.80000E+01 1.20317E+02 5.82582E-01
 4.00000E+01 1.24676E+02 5.78371E-01
 4.20000E+01 1.23194E+02 5.86486E-01
 4.40000E+01 1.23727E+02 5.86498E-01
 4.60000E+01 1.23473E+02 5.86471E-01
 4.80000E+01 1.22675E+02 5.91155E-01
 5.00000E+01 1.21591E+02 5.89614E-01
 5.20000E+01 1.16372E+02 5.86810E-01
 5.40000E+01 1.19293E+02 5.95545E-01
