# p + 181Ta: Production of 178Hf - Level 10     2.44609 MeV
# Q-value    = 6.41427E+00 mass= 177.943708
# E-threshold= 0.00000E+00
# # energies =   100
#     E          xs      Branching
 1.00000E-11 0.00000E+00 0.00000E+00
 2.53000E-08 0.00000E+00 0.00000E+00
 2.00000E-07 0.00000E+00 0.00000E+00
 1.00000E-06 0.00000E+00 0.00000E+00
 1.00000E-05 0.00000E+00 0.00000E+00
 1.00000E-04 0.00000E+00 0.00000E+00
 1.00000E-03 0.00000E+00 0.00000E+00
 2.00000E-03 0.00000E+00 0.00000E+00
 4.00000E-03 0.00000E+00 0.00000E+00
 7.00000E-03 0.00000E+00 0.00000E+00
 1.00000E-02 0.00000E+00 0.00000E+00
 2.00000E-02 0.00000E+00 0.00000E+00
 4.00000E-02 0.00000E+00 0.00000E+00
 7.00000E-02 0.00000E+00 0.00000E+00
 1.00000E-01 0.00000E+00 0.00000E+00
 2.00000E-01 0.00000E+00 0.00000E+00
 3.00000E-01 0.00000E+00 0.00000E+00
 4.00000E-01 0.00000E+00 0.00000E+00
 5.00000E-01 0.00000E+00 0.00000E+00
 6.00000E-01 0.00000E+00 0.00000E+00
 7.00000E-01 0.00000E+00 0.00000E+00
 8.00000E-01 0.00000E+00 0.00000E+00
 9.00000E-01 0.00000E+00 0.00000E+00
 1.00000E+00 0.00000E+00 0.00000E+00
 1.20000E+00 0.00000E+00 0.00000E+00
 1.40000E+00 0.00000E+00 0.00000E+00
 1.60000E+00 0.00000E+00 0.00000E+00
 1.80000E+00 0.00000E+00 0.00000E+00
 2.00000E+00 0.00000E+00 0.00000E+00
 2.20000E+00 0.00000E+00 0.00000E+00
 2.40000E+00 0.00000E+00 0.00000E+00
 2.60000E+00 0.00000E+00 0.00000E+00
 2.80000E+00 9.04275E-10 0.00000E+00
 3.00000E+00 1.08529E-09 0.00000E+00
 3.20000E+00 3.21967E-09 0.00000E+00
 3.40000E+00 4.85922E-09 0.00000E+00
 3.60000E+00 7.36053E-09 0.00000E+00
 3.80000E+00 1.47212E-08 0.00000E+00
 4.00000E+00 2.29387E-08 0.00000E+00
 4.20000E+00 5.30920E-08 0.00000E+00
 4.40000E+00 8.07371E-08 0.00000E+00
 4.60000E+00 3.88768E-08 0.00000E+00
 4.80000E+00 2.05641E-07 0.00000E+00
 5.00000E+00 3.17848E-07 0.00000E+00
 5.20000E+00 6.24550E-07 0.00000E+00
 5.40000E+00 9.53822E-07 0.00000E+00
 5.60000E+00 5.14287E-07 0.00000E+00
 5.80000E+00 2.16654E-06 0.00000E+00
 6.00000E+00 3.33049E-06 0.00000E+00
 6.20000E+00 5.54532E-06 0.00000E+00
 6.40000E+00 8.47792E-06 0.00000E+00
 6.60000E+00 5.19174E-06 0.00000E+00
 6.80000E+00 1.60919E-05 0.00000E+00
 7.00000E+00 2.43774E-05 0.00000E+00
 7.20000E+00 3.32801E-05 0.00000E+00
 7.40000E+00 5.08772E-05 0.00000E+00
 7.60000E+00 3.46050E-05 0.00000E+00
 7.80000E+00 8.41481E-05 0.00000E+00
 8.00000E+00 1.26571E-04 0.00000E+00
 8.50000E+00 2.69632E-04 2.15376E-01
 9.00000E+00 5.52976E-04 2.09144E-01
 9.50000E+00 1.11181E-03 2.04960E-01
 1.00000E+01 2.11536E-03 1.97998E-01
 1.05000E+01 3.72162E-03 1.85695E-01
 1.10000E+01 6.14858E-03 1.71478E-01
 1.15000E+01 9.48282E-03 1.55527E-01
 1.20000E+01 1.37096E-02 1.37949E-01
 1.25000E+01 1.84752E-02 1.20169E-01
 1.30000E+01 2.38316E-02 1.03837E-01
 1.35000E+01 2.96013E-02 9.02673E-02
 1.40000E+01 4.92486E-02 1.02559E-01
 1.45000E+01 5.79076E-02 9.26603E-02
 1.50000E+01 6.89865E-02 8.22397E-02
 1.60000E+01 9.52603E-02 7.02726E-02
 1.70000E+01 1.37601E-01 6.50686E-02
 1.80000E+01 2.45103E-01 7.19770E-02
 1.90000E+01 5.00297E-01 7.73746E-02
 2.00000E+01 1.42980E+00 7.99196E-02
 2.10000E+01 1.71496E+00 8.76801E-02
 2.20000E+01 1.95312E+00 9.43960E-02
 2.30000E+01 1.09068E+00 1.03122E-01
 2.40000E+01 7.20644E-01 1.14281E-01
 2.50000E+01 6.16061E-01 1.18588E-01
 2.60000E+01 4.90107E-01 1.15210E-01
 2.70000E+01 4.49062E-01 1.23231E-01
 2.80000E+01 4.25033E-01 1.28006E-01
 2.90000E+01 3.78936E-01 1.24270E-01
 3.00000E+01 3.37680E-01 1.32383E-01
 3.20000E+01 2.71456E-01 1.29260E-01
 3.40000E+01 2.71732E-01 1.31851E-01
 3.60000E+01 2.42356E-01 1.06256E-01
 3.80000E+01 3.06770E-01 1.05877E-01
 4.00000E+01 3.73042E-01 1.10296E-01
 4.20000E+01 4.65122E-01 1.12300E-01
 4.40000E+01 5.82297E-01 1.15971E-01
 4.60000E+01 7.22756E-01 1.15340E-01
 4.80000E+01 7.50084E-01 1.06487E-01
 5.00000E+01 7.39548E-01 8.85784E-02
 5.20000E+01 7.72973E-01 7.58691E-02
 5.40000E+01 8.02662E-01 6.68232E-02
