# p + 180Ta: Production of 176Lu - Ground state
# Q-value    = 2.02379E+00 mass= 175.942692
# E-threshold= 0.00000E+00
# # energies =   100
#     E          xs      Branching
 1.00000E-11 0.00000E+00 0.00000E+00
 2.53000E-08 0.00000E+00 0.00000E+00
 2.00000E-07 0.00000E+00 0.00000E+00
 1.00000E-06 0.00000E+00 0.00000E+00
 1.00000E-05 0.00000E+00 0.00000E+00
 1.00000E-04 0.00000E+00 0.00000E+00
 1.00000E-03 0.00000E+00 0.00000E+00
 2.00000E-03 0.00000E+00 0.00000E+00
 4.00000E-03 0.00000E+00 0.00000E+00
 7.00000E-03 0.00000E+00 0.00000E+00
 1.00000E-02 0.00000E+00 0.00000E+00
 2.00000E-02 0.00000E+00 0.00000E+00
 4.00000E-02 0.00000E+00 0.00000E+00
 7.00000E-02 0.00000E+00 0.00000E+00
 1.00000E-01 0.00000E+00 0.00000E+00
 2.00000E-01 0.00000E+00 0.00000E+00
 3.00000E-01 0.00000E+00 0.00000E+00
 4.00000E-01 0.00000E+00 0.00000E+00
 5.00000E-01 0.00000E+00 0.00000E+00
 6.00000E-01 0.00000E+00 0.00000E+00
 7.00000E-01 0.00000E+00 0.00000E+00
 8.00000E-01 0.00000E+00 0.00000E+00
 9.00000E-01 0.00000E+00 0.00000E+00
 1.00000E+00 0.00000E+00 0.00000E+00
 1.20000E+00 0.00000E+00 0.00000E+00
 1.40000E+00 0.00000E+00 0.00000E+00
 1.60000E+00 0.00000E+00 0.00000E+00
 1.80000E+00 0.00000E+00 0.00000E+00
 2.00000E+00 0.00000E+00 0.00000E+00
 2.20000E+00 0.00000E+00 0.00000E+00
 2.40000E+00 0.00000E+00 0.00000E+00
 2.60000E+00 0.00000E+00 0.00000E+00
 2.80000E+00 0.00000E+00 0.00000E+00
 3.00000E+00 0.00000E+00 0.00000E+00
 3.20000E+00 0.00000E+00 0.00000E+00
 3.40000E+00 0.00000E+00 0.00000E+00
 3.60000E+00 0.00000E+00 0.00000E+00
 3.80000E+00 0.00000E+00 0.00000E+00
 4.00000E+00 0.00000E+00 0.00000E+00
 4.20000E+00 0.00000E+00 0.00000E+00
 4.40000E+00 0.00000E+00 0.00000E+00
 4.60000E+00 0.00000E+00 0.00000E+00
 4.80000E+00 0.00000E+00 0.00000E+00
 5.00000E+00 0.00000E+00 0.00000E+00
 5.20000E+00 0.00000E+00 0.00000E+00
 5.40000E+00 0.00000E+00 0.00000E+00
 5.60000E+00 0.00000E+00 0.00000E+00
 5.80000E+00 0.00000E+00 0.00000E+00
 6.00000E+00 0.00000E+00 0.00000E+00
 6.20000E+00 0.00000E+00 0.00000E+00
 6.40000E+00 0.00000E+00 0.00000E+00
 6.60000E+00 0.00000E+00 0.00000E+00
 6.80000E+00 0.00000E+00 0.00000E+00
 7.00000E+00 0.00000E+00 0.00000E+00
 7.20000E+00 0.00000E+00 0.00000E+00
 7.40000E+00 0.00000E+00 0.00000E+00
 7.60000E+00 0.00000E+00 0.00000E+00
 7.80000E+00 0.00000E+00 0.00000E+00
 8.00000E+00 0.00000E+00 0.00000E+00
 8.50000E+00 0.00000E+00 0.00000E+00
 9.00000E+00 0.00000E+00 0.00000E+00
 9.50000E+00 0.00000E+00 0.00000E+00
 1.00000E+01 0.00000E+00 0.00000E+00
 1.05000E+01 0.00000E+00 0.00000E+00
 1.10000E+01 3.65110E-14 0.00000E+00
 1.15000E+01 3.15550E-13 0.00000E+00
 1.20000E+01 1.23446E-12 0.00000E+00
 1.25000E+01 3.89228E-12 0.00000E+00
 1.30000E+01 1.05546E-11 0.00000E+00
 1.35000E+01 2.57577E-11 0.00000E+00
 1.40000E+01 5.96016E-11 0.00000E+00
 1.45000E+01 1.30564E-10 0.00000E+00
 1.50000E+01 2.69309E-10 0.00000E+00
 1.60000E+01 1.01270E-09 0.00000E+00
 1.70000E+01 3.64949E-09 0.00000E+00
 1.80000E+01 1.04910E-08 0.00000E+00
 1.90000E+01 2.50885E-08 0.00000E+00
 2.00000E+01 5.36049E-08 0.00000E+00
 2.10000E+01 8.97385E-08 0.00000E+00
 2.20000E+01 1.53337E-07 0.00000E+00
 2.30000E+01 2.06273E-07 0.00000E+00
 2.40000E+01 2.55219E-07 0.00000E+00
 2.50000E+01 3.10484E-07 0.00000E+00
 2.60000E+01 3.55915E-07 0.00000E+00
 2.70000E+01 3.94825E-07 0.00000E+00
 2.80000E+01 4.22551E-07 0.00000E+00
 2.90000E+01 4.45540E-07 0.00000E+00
 3.00000E+01 4.57668E-07 0.00000E+00
 3.20000E+01 4.70111E-07 0.00000E+00
 3.40000E+01 2.12850E-04 4.46953E-01
 3.60000E+01 2.63290E-04 4.43365E-01
 3.80000E+01 2.60989E-04 4.04942E-01
 4.00000E+01 2.60234E-04 3.93841E-01
 4.20000E+01 2.85238E-04 3.96266E-01
 4.40000E+01 2.99188E-04 3.97150E-01
 4.60000E+01 2.38373E-04 3.58980E-01
 4.80000E+01 2.07961E-04 3.67171E-01
 5.00000E+01 2.22856E-04 3.71591E-01
 5.20000E+01 2.58801E-04 3.89959E-01
 5.40000E+01 3.58540E-04 4.37966E-01
