# p + 180Ta: Production of 177Hf - Level 10     2.74002 MeV
# Q-value    = 6.07115E+00 mass= 176.943230
# E-threshold= 0.00000E+00
# # energies =   100
#     E          xs      Branching
 1.00000E-11 0.00000E+00 0.00000E+00
 2.53000E-08 0.00000E+00 0.00000E+00
 2.00000E-07 0.00000E+00 0.00000E+00
 1.00000E-06 0.00000E+00 0.00000E+00
 1.00000E-05 0.00000E+00 0.00000E+00
 1.00000E-04 0.00000E+00 0.00000E+00
 1.00000E-03 0.00000E+00 0.00000E+00
 2.00000E-03 0.00000E+00 0.00000E+00
 4.00000E-03 0.00000E+00 0.00000E+00
 7.00000E-03 0.00000E+00 0.00000E+00
 1.00000E-02 0.00000E+00 0.00000E+00
 2.00000E-02 0.00000E+00 0.00000E+00
 4.00000E-02 0.00000E+00 0.00000E+00
 7.00000E-02 0.00000E+00 0.00000E+00
 1.00000E-01 0.00000E+00 0.00000E+00
 2.00000E-01 0.00000E+00 0.00000E+00
 3.00000E-01 0.00000E+00 0.00000E+00
 4.00000E-01 0.00000E+00 0.00000E+00
 5.00000E-01 0.00000E+00 0.00000E+00
 6.00000E-01 0.00000E+00 0.00000E+00
 7.00000E-01 0.00000E+00 0.00000E+00
 8.00000E-01 0.00000E+00 0.00000E+00
 9.00000E-01 0.00000E+00 0.00000E+00
 1.00000E+00 0.00000E+00 0.00000E+00
 1.20000E+00 0.00000E+00 0.00000E+00
 1.40000E+00 0.00000E+00 0.00000E+00
 1.60000E+00 0.00000E+00 0.00000E+00
 1.80000E+00 0.00000E+00 0.00000E+00
 2.00000E+00 0.00000E+00 0.00000E+00
 2.20000E+00 0.00000E+00 0.00000E+00
 2.40000E+00 0.00000E+00 0.00000E+00
 2.60000E+00 0.00000E+00 0.00000E+00
 2.80000E+00 4.53539E-09 0.00000E+00
 3.00000E+00 6.06658E-09 0.00000E+00
 3.20000E+00 6.65292E-09 0.00000E+00
 3.40000E+00 2.25907E-08 0.00000E+00
 3.60000E+00 3.06064E-08 0.00000E+00
 3.80000E+00 8.69600E-08 0.00000E+00
 4.00000E+00 1.22543E-07 0.00000E+00
 4.20000E+00 1.36860E-07 0.00000E+00
 4.40000E+00 3.51635E-07 0.00000E+00
 4.60000E+00 4.95078E-07 0.00000E+00
 4.80000E+00 1.11993E-06 0.00000E+00
 5.00000E+00 1.61997E-06 0.00000E+00
 5.20000E+00 1.83158E-06 0.00000E+00
 5.40000E+00 3.96488E-06 0.00000E+00
 5.60000E+00 5.66607E-06 0.00000E+00
 5.80000E+00 1.12247E-05 0.00000E+00
 6.00000E+00 1.64014E-05 0.00000E+00
 6.20000E+00 1.87248E-05 0.00000E+00
 6.40000E+00 3.42869E-05 0.00000E+00
 6.60000E+00 4.98826E-05 0.00000E+00
 6.80000E+00 8.11236E-05 0.00000E+00
 7.00000E+00 1.19425E-04 0.00000E+00
 7.20000E+00 1.37199E-04 0.00000E+00
 7.40000E+00 2.10838E-04 0.00000E+00
 7.60000E+00 3.03550E-04 2.24643E-01
 7.80000E+00 4.32883E-04 2.54842E-01
 8.00000E+00 6.23022E-04 2.38426E-01
 8.50000E+00 1.30582E-03 2.38614E-01
 9.00000E+00 2.65701E-03 2.43155E-01
 9.50000E+00 5.28844E-03 2.51576E-01
 1.00000E+01 9.93019E-03 2.58332E-01
 1.05000E+01 1.72704E-02 2.58325E-01
 1.10000E+01 2.80574E-02 2.54071E-01
 1.15000E+01 4.25735E-02 2.51871E-01
 1.20000E+01 6.02547E-02 2.34685E-01
 1.25000E+01 7.87597E-02 2.07519E-01
 1.30000E+01 1.01720E-01 1.79762E-01
 1.35000E+01 1.24662E-01 1.73373E-01
 1.40000E+01 1.70071E-01 1.64072E-01
 1.45000E+01 1.69535E-01 1.36285E-01
 1.50000E+01 2.36435E-01 1.46757E-01
 1.60000E+01 2.94245E-01 1.25440E-01
 1.70000E+01 3.56870E-01 1.08748E-01
 1.80000E+01 4.62735E-01 9.75432E-02
 1.90000E+01 7.55563E-01 9.39974E-02
 2.00000E+01 1.85723E+00 9.39714E-02
 2.10000E+01 1.98984E+00 8.61711E-02
 2.20000E+01 1.95529E+00 8.23354E-02
 2.30000E+01 9.69462E-01 7.74476E-02
 2.40000E+01 5.05161E-01 7.15867E-02
 2.50000E+01 4.72937E-01 8.43276E-02
 2.60000E+01 3.84031E-01 8.20612E-02
 2.70000E+01 3.25397E-01 7.99058E-02
 2.80000E+01 2.77942E-01 7.99796E-02
 2.90000E+01 2.39115E-01 7.87459E-02
 3.00000E+01 2.08840E-01 7.68845E-02
 3.20000E+01 2.99027E-01 1.33627E-01
 3.40000E+01 2.68838E-01 1.20358E-01
 3.60000E+01 2.60766E-01 1.07366E-01
 3.80000E+01 1.26607E-01 4.46711E-02
 4.00000E+01 1.24847E-01 3.48913E-02
 4.20000E+01 1.27503E-01 3.06473E-02
 4.40000E+01 1.32808E-01 2.57928E-02
 4.60000E+01 1.33032E-01 2.25674E-02
 4.80000E+01 2.18713E-01 3.13106E-02
 5.00000E+01 2.88604E-01 3.59571E-02
 5.20000E+01 2.82115E-01 2.95426E-02
 5.40000E+01 2.82513E-01 2.41949E-02
