# p + 181Ta: Production of 180Ta - Total
# Q-value    =-5.35218E+00 mass= 179.947468
# E-threshold= 5.38198E+00
# # energies =   100
#     E          xs
 1.00000E-11 0.00000E+00
 2.53000E-08 0.00000E+00
 2.00000E-07 0.00000E+00
 1.00000E-06 0.00000E+00
 1.00000E-05 0.00000E+00
 1.00000E-04 0.00000E+00
 1.00000E-03 0.00000E+00
 2.00000E-03 0.00000E+00
 4.00000E-03 0.00000E+00
 7.00000E-03 0.00000E+00
 1.00000E-02 0.00000E+00
 2.00000E-02 0.00000E+00
 4.00000E-02 0.00000E+00
 7.00000E-02 0.00000E+00
 1.00000E-01 0.00000E+00
 2.00000E-01 0.00000E+00
 3.00000E-01 0.00000E+00
 4.00000E-01 0.00000E+00
 5.00000E-01 0.00000E+00
 6.00000E-01 0.00000E+00
 7.00000E-01 0.00000E+00
 8.00000E-01 0.00000E+00
 9.00000E-01 0.00000E+00
 1.00000E+00 0.00000E+00
 1.20000E+00 0.00000E+00
 1.40000E+00 0.00000E+00
 1.60000E+00 0.00000E+00
 1.80000E+00 0.00000E+00
 2.00000E+00 0.00000E+00
 2.20000E+00 0.00000E+00
 2.40000E+00 0.00000E+00
 2.60000E+00 0.00000E+00
 2.80000E+00 0.00000E+00
 3.00000E+00 0.00000E+00
 3.20000E+00 0.00000E+00
 3.40000E+00 0.00000E+00
 3.60000E+00 0.00000E+00
 3.80000E+00 0.00000E+00
 4.00000E+00 0.00000E+00
 4.20000E+00 0.00000E+00
 4.40000E+00 0.00000E+00
 4.60000E+00 0.00000E+00
 4.80000E+00 0.00000E+00
 5.00000E+00 0.00000E+00
 5.20000E+00 0.00000E+00
 5.40000E+00 0.00000E+00
 5.60000E+00 0.00000E+00
 5.80000E+00 0.00000E+00
 6.00000E+00 0.00000E+00
 6.20000E+00 0.00000E+00
 6.40000E+00 0.00000E+00
 6.60000E+00 0.00000E+00
 6.80000E+00 0.00000E+00
 7.00000E+00 0.00000E+00
 7.20000E+00 0.00000E+00
 7.40000E+00 0.00000E+00
 7.60000E+00 0.00000E+00
 7.80000E+00 0.00000E+00
 8.00000E+00 0.00000E+00
 8.50000E+00 0.00000E+00
 9.00000E+00 0.00000E+00
 9.50000E+00 0.00000E+00
 1.00000E+01 0.00000E+00
 1.05000E+01 0.00000E+00
 1.10000E+01 0.00000E+00
 1.15000E+01 0.00000E+00
 1.20000E+01 2.75969E-03
 1.25000E+01 1.01934E-02
 1.30000E+01 3.14556E-02
 1.35000E+01 8.36386E-02
 1.40000E+01 1.95467E-01
 1.45000E+01 4.12673E-01
 1.50000E+01 7.89005E-01
 1.60000E+01 2.29267E+00
 1.70000E+01 5.31066E+00
 1.80000E+01 1.01745E+01
 1.90000E+01 1.72681E+01
 2.00000E+01 2.65734E+01
 2.10000E+01 3.82906E+01
 2.20000E+01 5.26573E+01
 2.30000E+01 6.79585E+01
 2.40000E+01 8.39069E+01
 2.50000E+01 1.00365E+02
 2.60000E+01 1.16192E+02
 2.70000E+01 1.29629E+02
 2.80000E+01 1.45055E+02
 2.90000E+01 1.55083E+02
 3.00000E+01 1.65573E+02
 3.20000E+01 1.83969E+02
 3.40000E+01 1.96417E+02
 3.60000E+01 2.06399E+02
 3.80000E+01 2.06524E+02
 4.00000E+01 2.15563E+02
 4.20000E+01 2.10054E+02
 4.40000E+01 2.10959E+02
 4.60000E+01 2.10535E+02
 4.80000E+01 2.07517E+02
 5.00000E+01 2.06222E+02
 5.20000E+01 1.98313E+02
 5.40000E+01 2.00308E+02
