# p + 181Ta: Production of 180Hf - Total
# Q-value    =-5.94856E+00 mass= 179.946560
# E-threshold= 5.98167E+00
# # energies =   100
#     E          xs
 1.00000E-11 0.00000E+00
 2.53000E-08 0.00000E+00
 2.00000E-07 0.00000E+00
 1.00000E-06 0.00000E+00
 1.00000E-05 0.00000E+00
 1.00000E-04 0.00000E+00
 1.00000E-03 0.00000E+00
 2.00000E-03 0.00000E+00
 4.00000E-03 0.00000E+00
 7.00000E-03 0.00000E+00
 1.00000E-02 0.00000E+00
 2.00000E-02 0.00000E+00
 4.00000E-02 0.00000E+00
 7.00000E-02 0.00000E+00
 1.00000E-01 0.00000E+00
 2.00000E-01 0.00000E+00
 3.00000E-01 0.00000E+00
 4.00000E-01 0.00000E+00
 5.00000E-01 0.00000E+00
 6.00000E-01 0.00000E+00
 7.00000E-01 0.00000E+00
 8.00000E-01 0.00000E+00
 9.00000E-01 0.00000E+00
 1.00000E+00 0.00000E+00
 1.20000E+00 0.00000E+00
 1.40000E+00 0.00000E+00
 1.60000E+00 0.00000E+00
 1.80000E+00 0.00000E+00
 2.00000E+00 0.00000E+00
 2.20000E+00 0.00000E+00
 2.40000E+00 0.00000E+00
 2.60000E+00 0.00000E+00
 2.80000E+00 0.00000E+00
 3.00000E+00 0.00000E+00
 3.20000E+00 0.00000E+00
 3.40000E+00 0.00000E+00
 3.60000E+00 0.00000E+00
 3.80000E+00 0.00000E+00
 4.00000E+00 0.00000E+00
 4.20000E+00 0.00000E+00
 4.40000E+00 0.00000E+00
 4.60000E+00 0.00000E+00
 4.80000E+00 0.00000E+00
 5.00000E+00 0.00000E+00
 5.20000E+00 0.00000E+00
 5.40000E+00 0.00000E+00
 5.60000E+00 0.00000E+00
 5.80000E+00 0.00000E+00
 6.00000E+00 0.00000E+00
 6.20000E+00 0.00000E+00
 6.40000E+00 0.00000E+00
 6.60000E+00 0.00000E+00
 6.80000E+00 0.00000E+00
 7.00000E+00 0.00000E+00
 7.20000E+00 0.00000E+00
 7.40000E+00 0.00000E+00
 7.60000E+00 0.00000E+00
 7.80000E+00 0.00000E+00
 8.00000E+00 0.00000E+00
 8.50000E+00 0.00000E+00
 9.00000E+00 0.00000E+00
 9.50000E+00 0.00000E+00
 1.00000E+01 0.00000E+00
 1.05000E+01 0.00000E+00
 1.10000E+01 0.00000E+00
 1.15000E+01 0.00000E+00
 1.20000E+01 0.00000E+00
 1.25000E+01 0.00000E+00
 1.30000E+01 0.00000E+00
 1.35000E+01 0.00000E+00
 1.40000E+01 0.00000E+00
 1.45000E+01 0.00000E+00
 1.50000E+01 0.00000E+00
 1.60000E+01 0.00000E+00
 1.70000E+01 0.00000E+00
 1.80000E+01 0.00000E+00
 1.90000E+01 0.00000E+00
 2.00000E+01 0.00000E+00
 2.10000E+01 0.00000E+00
 2.20000E+01 0.00000E+00
 2.30000E+01 1.57387E-03
 2.40000E+01 5.30863E-03
 2.50000E+01 1.50477E-02
 2.60000E+01 3.74721E-02
 2.70000E+01 8.37160E-02
 2.80000E+01 1.64333E-01
 2.90000E+01 2.97728E-01
 3.00000E+01 5.03584E-01
 3.20000E+01 1.16157E+00
 3.40000E+01 2.20014E+00
 3.60000E+01 3.55944E+00
 3.80000E+01 5.16507E+00
 4.00000E+01 6.85968E+00
 4.20000E+01 8.54921E+00
 4.40000E+01 1.02511E+01
 4.60000E+01 1.15497E+01
 4.80000E+01 1.32361E+01
 5.00000E+01 1.43040E+01
 5.20000E+01 1.50425E+01
 5.40000E+01 1.62819E+01
