# p + 181Ta: Production of 177Hf - Ground state
# Q-value    = 1.23442E+00 mass= 176.943230
# E-threshold= 0.00000E+00
# # energies =   100
#     E          xs      Branching
 1.00000E-11 0.00000E+00 0.00000E+00
 2.53000E-08 0.00000E+00 0.00000E+00
 2.00000E-07 0.00000E+00 0.00000E+00
 1.00000E-06 0.00000E+00 0.00000E+00
 1.00000E-05 0.00000E+00 0.00000E+00
 1.00000E-04 0.00000E+00 0.00000E+00
 1.00000E-03 0.00000E+00 0.00000E+00
 2.00000E-03 0.00000E+00 0.00000E+00
 4.00000E-03 0.00000E+00 0.00000E+00
 7.00000E-03 0.00000E+00 0.00000E+00
 1.00000E-02 0.00000E+00 0.00000E+00
 2.00000E-02 0.00000E+00 0.00000E+00
 4.00000E-02 0.00000E+00 0.00000E+00
 7.00000E-02 0.00000E+00 0.00000E+00
 1.00000E-01 0.00000E+00 0.00000E+00
 2.00000E-01 0.00000E+00 0.00000E+00
 3.00000E-01 0.00000E+00 0.00000E+00
 4.00000E-01 0.00000E+00 0.00000E+00
 5.00000E-01 0.00000E+00 0.00000E+00
 6.00000E-01 0.00000E+00 0.00000E+00
 7.00000E-01 0.00000E+00 0.00000E+00
 8.00000E-01 0.00000E+00 0.00000E+00
 9.00000E-01 0.00000E+00 0.00000E+00
 1.00000E+00 0.00000E+00 0.00000E+00
 1.20000E+00 0.00000E+00 0.00000E+00
 1.40000E+00 0.00000E+00 0.00000E+00
 1.60000E+00 0.00000E+00 0.00000E+00
 1.80000E+00 0.00000E+00 0.00000E+00
 2.00000E+00 0.00000E+00 0.00000E+00
 2.20000E+00 0.00000E+00 0.00000E+00
 2.40000E+00 0.00000E+00 0.00000E+00
 2.60000E+00 0.00000E+00 0.00000E+00
 2.80000E+00 0.00000E+00 0.00000E+00
 3.00000E+00 0.00000E+00 0.00000E+00
 3.20000E+00 0.00000E+00 0.00000E+00
 3.40000E+00 0.00000E+00 0.00000E+00
 3.60000E+00 0.00000E+00 0.00000E+00
 3.80000E+00 0.00000E+00 0.00000E+00
 4.00000E+00 0.00000E+00 0.00000E+00
 4.20000E+00 0.00000E+00 0.00000E+00
 4.40000E+00 0.00000E+00 0.00000E+00
 4.60000E+00 0.00000E+00 0.00000E+00
 4.80000E+00 0.00000E+00 0.00000E+00
 5.00000E+00 0.00000E+00 0.00000E+00
 5.20000E+00 0.00000E+00 0.00000E+00
 5.40000E+00 0.00000E+00 0.00000E+00
 5.60000E+00 0.00000E+00 0.00000E+00
 5.80000E+00 0.00000E+00 0.00000E+00
 6.00000E+00 0.00000E+00 0.00000E+00
 6.20000E+00 0.00000E+00 0.00000E+00
 6.40000E+00 0.00000E+00 0.00000E+00
 6.60000E+00 0.00000E+00 0.00000E+00
 6.80000E+00 0.00000E+00 0.00000E+00
 7.00000E+00 0.00000E+00 0.00000E+00
 7.20000E+00 0.00000E+00 0.00000E+00
 7.40000E+00 0.00000E+00 0.00000E+00
 7.60000E+00 0.00000E+00 0.00000E+00
 7.80000E+00 0.00000E+00 0.00000E+00
 8.00000E+00 0.00000E+00 0.00000E+00
 8.50000E+00 0.00000E+00 0.00000E+00
 9.00000E+00 4.40698E-08 0.00000E+00
 9.50000E+00 3.95445E-07 0.00000E+00
 1.00000E+01 5.71302E-06 0.00000E+00
 1.05000E+01 1.65759E-05 0.00000E+00
 1.10000E+01 3.81442E-05 0.00000E+00
 1.15000E+01 9.95145E-05 0.00000E+00
 1.20000E+01 1.97217E-04 0.00000E+00
 1.25000E+01 1.38881E-03 9.95811E-01
 1.30000E+01 2.75768E-03 9.93452E-01
 1.35000E+01 4.93076E-03 9.90874E-01
 1.40000E+01 8.46004E-03 9.85188E-01
 1.45000E+01 1.48905E-02 9.81130E-01
 1.50000E+01 2.56122E-02 9.77462E-01
 1.60000E+01 7.33865E-02 9.64347E-01
 1.70000E+01 1.91751E-01 9.47311E-01
 1.80000E+01 4.62699E-01 9.26247E-01
 1.90000E+01 1.20114E+00 8.92084E-01
 2.00000E+01 3.95380E+00 8.64858E-01
 2.10000E+01 6.13318E+00 8.14478E-01
 2.20000E+01 8.46740E+00 7.86588E-01
 2.30000E+01 5.96438E+00 7.42147E-01
 2.40000E+01 4.84169E+00 7.01250E-01
 2.50000E+01 4.74569E+00 6.71302E-01
 2.60000E+01 4.78969E+00 6.37450E-01
 2.70000E+01 4.73414E+00 6.08038E-01
 2.80000E+01 4.50905E+00 5.81689E-01
 2.90000E+01 4.98369E+00 6.55123E-01
 3.00000E+01 4.94739E+00 6.43762E-01
 3.20000E+01 4.41766E+00 6.38855E-01
 3.40000E+01 3.92476E+00 6.36264E-01
 3.60000E+01 3.20632E+00 5.76496E-01
 3.80000E+01 2.69557E+00 5.61403E-01
 4.00000E+01 2.33608E+00 5.64505E-01
 4.20000E+01 2.49306E+00 6.46547E-01
 4.40000E+01 2.54454E+00 6.53512E-01
 4.60000E+01 2.62211E+00 6.55411E-01
 4.80000E+01 2.99374E+00 6.44678E-01
 5.00000E+01 3.20592E+00 6.29663E-01
 5.20000E+01 3.68388E+00 6.37150E-01
 5.40000E+01 4.28774E+00 6.56732E-01
