# p + 180Ta Total cross sections
# 
# 
# # energies =   100
#     E      Non-elastic    Elastic     Total     Comp. el.   Shape el.   Reaction   Comp. nonel   Direct    Pre-equil.  Dir. Capt.
 1.00000E-11 0.00000E+00 0.00000E+00 0.00000E+00 0.00000E+00 0.00000E+00 0.00000E+00 0.00000E+00 0.00000E+00 0.00000E+00 0.00000E+00
 2.53000E-08 0.00000E+00 0.00000E+00 0.00000E+00 0.00000E+00 0.00000E+00 0.00000E+00 0.00000E+00 0.00000E+00 0.00000E+00 0.00000E+00
 2.00000E-07 0.00000E+00 0.00000E+00 0.00000E+00 0.00000E+00 0.00000E+00 0.00000E+00 0.00000E+00 0.00000E+00 0.00000E+00 0.00000E+00
 1.00000E-06 0.00000E+00 0.00000E+00 0.00000E+00 0.00000E+00 0.00000E+00 0.00000E+00 0.00000E+00 0.00000E+00 0.00000E+00 0.00000E+00
 1.00000E-05 0.00000E+00 0.00000E+00 0.00000E+00 0.00000E+00 0.00000E+00 0.00000E+00 0.00000E+00 0.00000E+00 0.00000E+00 0.00000E+00
 1.00000E-04 0.00000E+00 0.00000E+00 0.00000E+00 0.00000E+00 0.00000E+00 0.00000E+00 0.00000E+00 0.00000E+00 0.00000E+00 0.00000E+00
 1.00000E-03 0.00000E+00 0.00000E+00 0.00000E+00 0.00000E+00 0.00000E+00 0.00000E+00 0.00000E+00 0.00000E+00 0.00000E+00 0.00000E+00
 2.00000E-03 0.00000E+00 0.00000E+00 0.00000E+00 0.00000E+00 0.00000E+00 0.00000E+00 0.00000E+00 0.00000E+00 0.00000E+00 0.00000E+00
 4.00000E-03 0.00000E+00 0.00000E+00 0.00000E+00 0.00000E+00 0.00000E+00 0.00000E+00 0.00000E+00 0.00000E+00 0.00000E+00 0.00000E+00
 7.00000E-03 0.00000E+00 0.00000E+00 0.00000E+00 0.00000E+00 0.00000E+00 0.00000E+00 0.00000E+00 0.00000E+00 0.00000E+00 0.00000E+00
 1.00000E-02 0.00000E+00 0.00000E+00 0.00000E+00 0.00000E+00 0.00000E+00 0.00000E+00 0.00000E+00 0.00000E+00 0.00000E+00 0.00000E+00
 2.00000E-02 0.00000E+00 0.00000E+00 0.00000E+00 0.00000E+00 0.00000E+00 0.00000E+00 0.00000E+00 0.00000E+00 0.00000E+00 0.00000E+00
 4.00000E-02 0.00000E+00 0.00000E+00 0.00000E+00 0.00000E+00 0.00000E+00 0.00000E+00 0.00000E+00 0.00000E+00 0.00000E+00 0.00000E+00
 7.00000E-02 0.00000E+00 0.00000E+00 0.00000E+00 0.00000E+00 0.00000E+00 0.00000E+00 0.00000E+00 0.00000E+00 0.00000E+00 0.00000E+00
 1.00000E-01 0.00000E+00 0.00000E+00 0.00000E+00 0.00000E+00 0.00000E+00 0.00000E+00 0.00000E+00 0.00000E+00 0.00000E+00 0.00000E+00
 2.00000E-01 0.00000E+00 0.00000E+00 0.00000E+00 0.00000E+00 0.00000E+00 0.00000E+00 0.00000E+00 0.00000E+00 0.00000E+00 0.00000E+00
 3.00000E-01 0.00000E+00 0.00000E+00 0.00000E+00 0.00000E+00 0.00000E+00 3.29305E-43 0.00000E+00 0.00000E+00 0.00000E+00 0.00000E+00
 4.00000E-01 0.00000E+00 0.00000E+00 0.00000E+00 0.00000E+00 0.00000E+00 1.18282E-35 0.00000E+00 0.00000E+00 0.00000E+00 0.00000E+00
 5.00000E-01 0.00000E+00 0.00000E+00 0.00000E+00 0.00000E+00 0.00000E+00 1.62060E-30 0.00000E+00 0.00000E+00 0.00000E+00 0.00000E+00
 6.00000E-01 0.00000E+00 0.00000E+00 0.00000E+00 0.00000E+00 0.00000E+00 2.34388E-26 0.00000E+00 0.00000E+00 0.00000E+00 0.00000E+00
 7.00000E-01 0.00000E+00 0.00000E+00 0.00000E+00 0.00000E+00 0.00000E+00 1.97903E-23 0.00000E+00 0.00000E+00 0.00000E+00 0.00000E+00
 8.00000E-01 0.00000E+00 0.00000E+00 0.00000E+00 0.00000E+00 0.00000E+00 4.42416E-21 0.00000E+00 0.00000E+00 0.00000E+00 0.00000E+00
 9.00000E-01 0.00000E+00 0.00000E+00 0.00000E+00 0.00000E+00 0.00000E+00 3.84833E-19 0.00000E+00 0.00000E+00 0.00000E+00 0.00000E+00
 1.00000E+00 0.00000E+00 0.00000E+00 0.00000E+00 0.00000E+00 0.00000E+00 1.66146E-17 0.00000E+00 0.00000E+00 0.00000E+00 0.00000E+00
 1.20000E+00 0.00000E+00 0.00000E+00 0.00000E+00 0.00000E+00 0.00000E+00 6.94620E-15 0.00000E+00 0.00000E+00 0.00000E+00 0.00000E+00
 1.40000E+00 0.00000E+00 0.00000E+00 0.00000E+00 0.00000E+00 0.00000E+00 7.34432E-13 0.00000E+00 0.00000E+00 0.00000E+00 0.00000E+00
 1.60000E+00 0.00000E+00 0.00000E+00 0.00000E+00 0.00000E+00 0.00000E+00 3.07264E-11 0.00000E+00 0.00000E+00 0.00000E+00 0.00000E+00
 1.80000E+00 0.00000E+00 0.00000E+00 0.00000E+00 0.00000E+00 0.00000E+00 6.64700E-10 0.00000E+00 0.00000E+00 0.00000E+00 0.00000E+00
 2.00000E+00 0.00000E+00 0.00000E+00 0.00000E+00 0.00000E+00 0.00000E+00 8.82063E-09 0.00000E+00 0.00000E+00 0.00000E+00 0.00000E+00
 2.20000E+00 0.00000E+00 0.00000E+00 0.00000E+00 0.00000E+00 0.00000E+00 8.05567E-08 0.00000E+00 0.00000E+00 0.00000E+00 0.00000E+00
 2.40000E+00 0.00000E+00 0.00000E+00 0.00000E+00 0.00000E+00 0.00000E+00 5.48721E-07 0.00000E+00 0.00000E+00 0.00000E+00 0.00000E+00
 2.60000E+00 0.00000E+00 0.00000E+00 0.00000E+00 0.00000E+00 0.00000E+00 2.95481E-06 0.00000E+00 0.00000E+00 0.00000E+00 0.00000E+00
 2.80000E+00 1.30350E-05 1.00000E-07 0.00000E+00 1.00000E-07 0.00000E+00 1.31350E-05 1.13895E-05 1.58068E-06 6.48084E-08 0.00000E+00
 3.00000E+00 4.97147E-05 1.00000E-07 0.00000E+00 1.00000E-07 0.00000E+00 4.98147E-05 4.74072E-05 2.02458E-06 2.82966E-07 0.00000E+00
 3.20000E+00 1.65247E-04 1.00001E-07 0.00000E+00 1.00001E-07 0.00000E+00 1.65347E-04 1.60929E-04 3.25877E-06 1.05900E-06 0.00000E+00
 3.40000E+00 4.90021E-04 1.00004E-07 0.00000E+00 1.00004E-07 0.00000E+00 4.90121E-04 4.79473E-04 7.08647E-06 3.46129E-06 0.00000E+00
 3.60000E+00 1.31840E-03 1.00022E-07 0.00000E+00 1.00022E-07 0.00000E+00 1.31850E-03 1.29202E-03 1.63261E-05 1.00574E-05 0.00000E+00
 3.80000E+00 3.26141E-03 1.00097E-07 0.00000E+00 1.00097E-07 0.00000E+00 3.26151E-03 3.19559E-03 3.87546E-05 2.70674E-05 0.00000E+00
 4.00000E+00 7.49850E-03 1.00371E-07 0.00000E+00 1.00371E-07 0.00000E+00 7.49860E-03 7.34370E-03 8.74929E-05 6.73094E-05 0.00000E+00
 4.20000E+00 1.61670E-02 1.01244E-07 0.00000E+00 1.01244E-07 0.00000E+00 1.61671E-02 1.58248E-02 1.85878E-04 1.56336E-04 0.00000E+00
 4.40000E+00 3.29317E-02 1.03716E-07 0.00000E+00 1.03716E-07 0.00000E+00 3.29318E-02 3.22123E-02 3.76994E-04 3.42390E-04 0.00000E+00
 4.60000E+00 6.37741E-02 1.10009E-07 0.00000E+00 1.10009E-07 0.00000E+00 6.37742E-02 6.23472E-02 7.14365E-04 7.12553E-04 0.00000E+00
 4.80000E+00 1.18049E-01 1.24593E-07 0.00000E+00 1.24593E-07 0.00000E+00 1.18049E-01 1.15308E-01 1.32663E-03 1.41444E-03 0.00000E+00
 5.00000E+00 2.09814E-01 1.55615E-07 0.00000E+00 1.55615E-07 0.00000E+00 2.09814E-01 2.04764E-01 2.35781E-03 2.69232E-03 0.00000E+00
 5.20000E+00 3.59475E-01 2.16653E-07 0.00000E+00 2.16653E-07 0.00000E+00 3.59475E-01 3.50456E-01 4.08457E-03 4.93452E-03 0.00000E+00
 5.40000E+00 5.95705E-01 3.28608E-07 0.00000E+00 3.28608E-07 0.00000E+00 5.95705E-01 5.80407E-01 6.63222E-03 8.66576E-03 0.00000E+00
 5.60000E+00 9.57617E-01 5.20699E-07 0.00000E+00 5.20699E-07 0.00000E+00 9.57618E-01 9.32336E-01 1.03613E-02 1.49194E-02 0.00000E+00
 5.80000E+00 1.49711E+00 5.56671E-07 0.00000E+00 5.56671E-07 0.00000E+00 1.49711E+00 1.45624E+00 1.65076E-02 2.43633E-02 0.00000E+00
 6.00000E+00 2.28121E+00 8.52775E-07 0.00000E+00 8.52775E-07 0.00000E+00 2.28121E+00 2.21645E+00 2.53249E-02 3.94283E-02 0.00000E+00
 6.20000E+00 3.39435E+00 1.28055E-06 0.00000E+00 1.28055E-06 0.00000E+00 3.39435E+00 3.29254E+00 3.74343E-02 6.43670E-02 0.00000E+00
 6.40000E+00 4.94005E+00 1.87208E-06 0.00000E+00 1.87208E-06 0.00000E+00 4.94005E+00 4.79039E+00 5.36283E-02 9.60212E-02 0.00000E+00
 6.60000E+00 7.04199E+00 2.64929E-06 0.00000E+00 2.64929E-06 0.00000E+00 7.04199E+00 6.81930E+00 7.41795E-02 1.48482E-01 0.00000E+00
 6.80000E+00 9.84377E+00 3.63133E-06 0.00000E+00 3.63133E-06 0.00000E+00 9.84377E+00 9.52332E+00 1.03383E-01 2.17022E-01 0.00000E+00
 7.00000E+00 1.35069E+01 4.82024E-06 0.00000E+00 4.82024E-06 0.00000E+00 1.35069E+01 1.30532E+01 1.40480E-01 3.13100E-01 0.00000E+00
 7.20000E+00 1.82066E+01 6.19620E-06 0.00000E+00 6.19620E-06 0.00000E+00 1.82066E+01 1.75639E+01 1.85898E-01 4.56635E-01 0.00000E+00
 7.40000E+00 2.41249E+01 7.73335E-06 0.00000E+00 7.73335E-06 0.00000E+00 2.41249E+01 2.32641E+01 2.41181E-01 6.19274E-01 0.00000E+00
 7.60000E+00 3.14413E+01 9.35267E-06 0.00000E+00 9.35267E-06 0.00000E+00 3.14413E+01 3.02746E+01 3.05186E-01 8.61026E-01 0.00000E+00
 7.80000E+00 4.03204E+01 1.09788E-05 0.00000E+00 1.09788E-05 0.00000E+00 4.03204E+01 3.87799E+01 3.87366E-01 1.15228E+00 0.00000E+00
 8.00000E+00 5.08987E+01 1.25088E-05 0.00000E+00 1.25088E-05 0.00000E+00 5.08987E+01 4.88967E+01 4.83292E-01 1.51728E+00 0.00000E+00
 8.50000E+00 8.52734E+01 1.52325E-05 0.00000E+00 1.52325E-05 0.00000E+00 8.52734E+01 8.16455E+01 7.82509E-01 2.84100E+00 0.00000E+00
 9.00000E+00 1.30697E+02 1.55510E-05 0.00000E+00 1.55510E-05 0.00000E+00 1.30697E+02 1.24672E+02 1.17678E+00 4.83731E+00 0.00000E+00
 9.50000E+00 1.85141E+02 1.35759E-05 0.00000E+00 1.35759E-05 0.00000E+00 1.85141E+02 1.75879E+02 1.66220E+00 7.57705E+00 0.00000E+00
 1.00000E+01 2.45626E+02 1.04350E-05 0.00000E+00 1.04350E-05 0.00000E+00 2.45626E+02 2.32283E+02 2.22841E+00 1.10751E+01 0.00000E+00
 1.05000E+01 3.09559E+02 7.30024E-06 0.00000E+00 7.30024E-06 0.00000E+00 3.09559E+02 2.91302E+02 2.86386E+00 1.53306E+01 0.00000E+00
 1.10000E+01 3.75377E+02 4.79521E-06 0.00000E+00 4.79521E-06 0.00000E+00 3.75377E+02 3.51367E+02 3.55960E+00 2.03592E+01 0.00000E+00
 1.15000E+01 4.42400E+02 3.03632E-06 0.00000E+00 3.03632E-06 0.00000E+00 4.42400E+02 4.11765E+02 4.30580E+00 2.62034E+01 0.00000E+00
 1.20000E+01 5.10284E+02 1.89204E-06 0.00000E+00 1.89204E-06 0.00000E+00 5.10284E+02 4.72093E+02 5.10419E+00 3.29139E+01 0.00000E+00
 1.25000E+01 5.78609E+02 1.17911E-06 0.00000E+00 1.17911E-06 0.00000E+00 5.78609E+02 5.31894E+02 5.94517E+00 4.05302E+01 0.00000E+00
 1.30000E+01 6.46754E+02 7.44801E-07 0.00000E+00 7.44801E-07 0.00000E+00 6.46754E+02 5.90508E+02 6.83459E+00 4.90682E+01 0.00000E+00
 1.35000E+01 7.13977E+02 4.83412E-07 0.00000E+00 4.83412E-07 0.00000E+00 7.13977E+02 6.47329E+02 7.62843E+00 5.85176E+01 0.00000E+00
 1.40000E+01 7.79528E+02 3.27102E-07 0.00000E+00 3.27102E-07 0.00000E+00 7.79528E+02 7.01376E+02 8.55543E+00 6.88584E+01 0.00000E+00
 1.45000E+01 8.42720E+02 2.34159E-07 0.00000E+00 2.34159E-07 0.00000E+00 8.42720E+02 7.52289E+02 9.24211E+00 8.01260E+01 0.00000E+00
 1.50000E+01 9.02943E+02 1.79076E-07 0.00000E+00 1.79076E-07 0.00000E+00 9.02943E+02 7.99278E+02 1.01133E+01 9.20825E+01 0.00000E+00
 1.60000E+01 1.01267E+03 1.27380E-07 0.00000E+00 1.27380E-07 0.00000E+00 1.01267E+03 8.80366E+02 1.14206E+01 1.18477E+02 0.00000E+00
 1.70000E+01 1.10705E+03 1.09471E-07 0.00000E+00 1.09471E-07 0.00000E+00 1.10705E+03 9.43579E+02 1.24942E+01 1.47682E+02 0.00000E+00
 1.80000E+01 1.18792E+03 1.03289E-07 0.00000E+00 1.03289E-07 0.00000E+00 1.18792E+03 9.90733E+02 1.34344E+01 1.79713E+02 0.00000E+00
 1.90000E+01 1.25882E+03 1.01152E-07 0.00000E+00 1.01152E-07 0.00000E+00 1.25882E+03 1.02363E+03 1.44979E+01 2.15989E+02 0.00000E+00
 2.00000E+01 1.32241E+03 1.00405E-07 0.00000E+00 1.00405E-07 0.00000E+00 1.32241E+03 1.03526E+03 1.66387E+01 2.65170E+02 0.00000E+00
 2.10000E+01 1.37964E+03 1.00147E-07 0.00000E+00 1.00147E-07 0.00000E+00 1.37964E+03 1.04900E+03 1.72204E+01 3.07424E+02 0.00000E+00
 2.20000E+01 1.43068E+03 1.00054E-07 0.00000E+00 1.00054E-07 0.00000E+00 1.43068E+03 1.05813E+03 1.73609E+01 3.48543E+02 0.00000E+00
 2.30000E+01 1.47595E+03 1.00021E-07 0.00000E+00 1.00021E-07 0.00000E+00 1.47595E+03 1.08241E+03 1.60366E+01 3.70237E+02 0.00000E+00
 2.40000E+01 1.51637E+03 1.00008E-07 0.00000E+00 1.00008E-07 0.00000E+00 1.51637E+03 1.09384E+03 1.54693E+01 3.99235E+02 0.00000E+00
 2.50000E+01 1.55304E+03 1.00003E-07 0.00000E+00 1.00003E-07 0.00000E+00 1.55304E+03 1.09484E+03 1.53511E+01 4.34512E+02 0.00000E+00
 2.60000E+01 1.58685E+03 1.00001E-07 0.00000E+00 1.00001E-07 0.00000E+00 1.58685E+03 1.09088E+03 1.52719E+01 4.71882E+02 0.00000E+00
 2.70000E+01 1.61828E+03 1.00001E-07 0.00000E+00 1.00001E-07 0.00000E+00 1.61828E+03 1.08529E+03 1.52402E+01 5.08489E+02 0.00000E+00
 2.80000E+01 1.64743E+03 1.00000E-07 0.00000E+00 1.00000E-07 0.00000E+00 1.64743E+03 1.07754E+03 1.51554E+01 5.45070E+02 0.00000E+00
 2.90000E+01 1.67425E+03 1.00000E-07 0.00000E+00 1.00000E-07 0.00000E+00 1.67425E+03 1.06772E+03 1.50513E+01 5.81447E+02 0.00000E+00
 3.00000E+01 1.69861E+03 1.00000E-07 0.00000E+00 1.00000E-07 0.00000E+00 1.69861E+03 1.05596E+03 1.49274E+01 6.17356E+02 0.00000E+00
 3.20000E+01 1.74004E+03 1.00000E-07 0.00000E+00 1.00000E-07 0.00000E+00 1.74004E+03 1.02771E+03 1.46384E+01 6.86683E+02 0.00000E+00
 3.40000E+01 1.77348E+03 1.00000E-07 0.00000E+00 1.00000E-07 0.00000E+00 1.77348E+03 9.94226E+02 1.44146E+01 7.53207E+02 0.00000E+00
 3.60000E+01 1.80180E+03 1.00000E-07 0.00000E+00 1.00000E-07 0.00000E+00 1.80180E+03 9.58668E+02 1.42090E+01 8.16717E+02 0.00000E+00
 3.80000E+01 1.82624E+03 1.00000E-07 0.00000E+00 1.00000E-07 0.00000E+00 1.82624E+03 9.22391E+02 1.40153E+01 8.77132E+02 0.00000E+00
 4.00000E+01 1.84616E+03 1.00000E-07 0.00000E+00 1.00000E-07 0.00000E+00 1.84616E+03 8.85284E+02 1.38413E+01 9.33897E+02 0.00000E+00
 4.20000E+01 1.86118E+03 1.00000E-07 0.00000E+00 1.00000E-07 0.00000E+00 1.86118E+03 8.48867E+02 1.36529E+01 9.85104E+02 0.00000E+00
 4.40000E+01 1.87224E+03 1.00000E-07 0.00000E+00 1.00000E-07 0.00000E+00 1.87224E+03 8.10966E+02 1.35085E+01 1.03378E+03 0.00000E+00
 4.60000E+01 1.88055E+03 1.00000E-07 0.00000E+00 1.00000E-07 0.00000E+00 1.88055E+03 7.71883E+02 1.42824E+01 1.07997E+03 0.00000E+00
 4.80000E+01 1.88664E+03 1.00000E-07 0.00000E+00 1.00000E-07 0.00000E+00 1.88664E+03 7.36331E+02 1.42307E+01 1.12125E+03 0.00000E+00
 5.00000E+01 1.89051E+03 1.00000E-07 0.00000E+00 1.00000E-07 0.00000E+00 1.89051E+03 7.02231E+02 1.40609E+01 1.15900E+03 0.00000E+00
 5.20000E+01 1.89224E+03 1.00000E-07 0.00000E+00 1.00000E-07 0.00000E+00 1.89224E+03 6.69375E+02 1.38835E+01 1.19339E+03 0.00000E+00
 5.40000E+01 1.89216E+03 1.00000E-07 0.00000E+00 1.00000E-07 0.00000E+00 1.89216E+03 6.37662E+02 1.36982E+01 1.22484E+03 0.00000E+00
