# p + 181Ta Total cross sections
# 
# 
# # energies =   100
#     E      Non-elastic    Elastic     Total     Comp. el.   Shape el.   Reaction   Comp. nonel   Direct    Pre-equil.  Dir. Capt.
 1.00000E-11 0.00000E+00 0.00000E+00 0.00000E+00 0.00000E+00 0.00000E+00 0.00000E+00 0.00000E+00 0.00000E+00 0.00000E+00 0.00000E+00
 2.53000E-08 0.00000E+00 0.00000E+00 0.00000E+00 0.00000E+00 0.00000E+00 0.00000E+00 0.00000E+00 0.00000E+00 0.00000E+00 0.00000E+00
 2.00000E-07 0.00000E+00 0.00000E+00 0.00000E+00 0.00000E+00 0.00000E+00 0.00000E+00 0.00000E+00 0.00000E+00 0.00000E+00 0.00000E+00
 1.00000E-06 0.00000E+00 0.00000E+00 0.00000E+00 0.00000E+00 0.00000E+00 0.00000E+00 0.00000E+00 0.00000E+00 0.00000E+00 0.00000E+00
 1.00000E-05 0.00000E+00 0.00000E+00 0.00000E+00 0.00000E+00 0.00000E+00 0.00000E+00 0.00000E+00 0.00000E+00 0.00000E+00 0.00000E+00
 1.00000E-04 0.00000E+00 0.00000E+00 0.00000E+00 0.00000E+00 0.00000E+00 0.00000E+00 0.00000E+00 0.00000E+00 0.00000E+00 0.00000E+00
 1.00000E-03 0.00000E+00 0.00000E+00 0.00000E+00 0.00000E+00 0.00000E+00 0.00000E+00 0.00000E+00 0.00000E+00 0.00000E+00 0.00000E+00
 2.00000E-03 0.00000E+00 0.00000E+00 0.00000E+00 0.00000E+00 0.00000E+00 0.00000E+00 0.00000E+00 0.00000E+00 0.00000E+00 0.00000E+00
 4.00000E-03 0.00000E+00 0.00000E+00 0.00000E+00 0.00000E+00 0.00000E+00 0.00000E+00 0.00000E+00 0.00000E+00 0.00000E+00 0.00000E+00
 7.00000E-03 0.00000E+00 0.00000E+00 0.00000E+00 0.00000E+00 0.00000E+00 0.00000E+00 0.00000E+00 0.00000E+00 0.00000E+00 0.00000E+00
 1.00000E-02 0.00000E+00 0.00000E+00 0.00000E+00 0.00000E+00 0.00000E+00 0.00000E+00 0.00000E+00 0.00000E+00 0.00000E+00 0.00000E+00
 2.00000E-02 0.00000E+00 0.00000E+00 0.00000E+00 0.00000E+00 0.00000E+00 0.00000E+00 0.00000E+00 0.00000E+00 0.00000E+00 0.00000E+00
 4.00000E-02 0.00000E+00 0.00000E+00 0.00000E+00 0.00000E+00 0.00000E+00 0.00000E+00 0.00000E+00 0.00000E+00 0.00000E+00 0.00000E+00
 7.00000E-02 0.00000E+00 0.00000E+00 0.00000E+00 0.00000E+00 0.00000E+00 0.00000E+00 0.00000E+00 0.00000E+00 0.00000E+00 0.00000E+00
 1.00000E-01 0.00000E+00 0.00000E+00 0.00000E+00 0.00000E+00 0.00000E+00 0.00000E+00 0.00000E+00 0.00000E+00 0.00000E+00 0.00000E+00
 2.00000E-01 0.00000E+00 0.00000E+00 0.00000E+00 0.00000E+00 0.00000E+00 0.00000E+00 0.00000E+00 0.00000E+00 0.00000E+00 0.00000E+00
 3.00000E-01 0.00000E+00 0.00000E+00 0.00000E+00 0.00000E+00 0.00000E+00 0.00000E+00 0.00000E+00 0.00000E+00 0.00000E+00 0.00000E+00
 4.00000E-01 0.00000E+00 0.00000E+00 0.00000E+00 0.00000E+00 0.00000E+00 0.00000E+00 0.00000E+00 0.00000E+00 0.00000E+00 0.00000E+00
 5.00000E-01 0.00000E+00 0.00000E+00 0.00000E+00 0.00000E+00 0.00000E+00 0.00000E+00 0.00000E+00 0.00000E+00 0.00000E+00 0.00000E+00
 6.00000E-01 0.00000E+00 0.00000E+00 0.00000E+00 0.00000E+00 0.00000E+00 0.00000E+00 0.00000E+00 0.00000E+00 0.00000E+00 0.00000E+00
 7.00000E-01 0.00000E+00 0.00000E+00 0.00000E+00 0.00000E+00 0.00000E+00 2.30468E-23 0.00000E+00 0.00000E+00 0.00000E+00 0.00000E+00
 8.00000E-01 0.00000E+00 0.00000E+00 0.00000E+00 0.00000E+00 0.00000E+00 5.26244E-21 0.00000E+00 1.26576E-40 0.00000E+00 0.00000E+00
 9.00000E-01 0.00000E+00 0.00000E+00 0.00000E+00 0.00000E+00 0.00000E+00 4.67296E-19 0.00000E+00 3.47148E-36 0.00000E+00 0.00000E+00
 1.00000E+00 0.00000E+00 0.00000E+00 0.00000E+00 0.00000E+00 0.00000E+00 2.05846E-17 0.00000E+00 1.60995E-32 0.00000E+00 0.00000E+00
 1.20000E+00 0.00000E+00 0.00000E+00 0.00000E+00 0.00000E+00 0.00000E+00 8.94234E-15 0.00000E+00 8.79810E-27 0.00000E+00 0.00000E+00
 1.40000E+00 0.00000E+00 0.00000E+00 0.00000E+00 0.00000E+00 0.00000E+00 9.79595E-13 0.00000E+00 1.80830E-22 0.00000E+00 0.00000E+00
 1.60000E+00 0.00000E+00 0.00000E+00 0.00000E+00 0.00000E+00 0.00000E+00 4.23221E-11 0.00000E+00 4.30436E-19 0.00000E+00 0.00000E+00
 1.80000E+00 0.00000E+00 0.00000E+00 0.00000E+00 0.00000E+00 0.00000E+00 9.42073E-10 0.00000E+00 2.27059E-16 0.00000E+00 0.00000E+00
 2.00000E+00 0.00000E+00 0.00000E+00 0.00000E+00 0.00000E+00 0.00000E+00 1.28163E-08 0.00000E+00 3.97384E-14 0.00000E+00 0.00000E+00
 2.20000E+00 0.00000E+00 0.00000E+00 0.00000E+00 0.00000E+00 0.00000E+00 1.19533E-07 0.00000E+00 3.01376E-12 0.00000E+00 0.00000E+00
 2.40000E+00 0.00000E+00 0.00000E+00 0.00000E+00 0.00000E+00 0.00000E+00 8.28392E-07 0.00000E+00 1.18956E-10 0.00000E+00 0.00000E+00
 2.60000E+00 0.00000E+00 0.00000E+00 0.00000E+00 0.00000E+00 0.00000E+00 4.52288E-06 0.00000E+00 2.78665E-09 0.00000E+00 0.00000E+00
 2.80000E+00 2.02298E-05 1.00000E-07 0.00000E+00 1.00000E-07 0.00000E+00 2.03298E-05 1.99991E-05 1.81675E-07 4.90378E-08 0.00000E+00
 3.00000E+00 7.77567E-05 1.00000E-07 0.00000E+00 1.00000E-07 0.00000E+00 7.78567E-05 7.68284E-05 7.08680E-07 2.19588E-07 0.00000E+00
 3.20000E+00 2.61093E-04 1.00001E-07 0.00000E+00 1.00001E-07 0.00000E+00 2.61193E-04 2.55962E-04 4.28696E-06 8.44374E-07 0.00000E+00
 3.40000E+00 7.85350E-04 1.00006E-07 0.00000E+00 1.00006E-07 0.00000E+00 7.85450E-04 7.57866E-04 2.46080E-05 2.87643E-06 0.00000E+00
 3.60000E+00 2.15758E-03 1.00031E-07 0.00000E+00 1.00031E-07 0.00000E+00 2.15768E-03 2.02874E-03 1.19872E-04 8.96406E-06 0.00000E+00
 3.80000E+00 5.49530E-03 1.00138E-07 0.00000E+00 1.00138E-07 0.00000E+00 5.49540E-03 4.97721E-03 4.93007E-04 2.50854E-05 0.00000E+00
 4.00000E+00 1.31133E-02 1.00519E-07 0.00000E+00 1.00519E-07 0.00000E+00 1.31134E-02 1.13139E-02 1.73450E-03 6.49180E-05 0.00000E+00
 4.20000E+00 2.95079E-02 1.01708E-07 0.00000E+00 1.01708E-07 0.00000E+00 2.95080E-02 2.40493E-02 5.30266E-03 1.55966E-04 0.00000E+00
 4.40000E+00 6.28219E-02 1.04987E-07 0.00000E+00 1.04987E-07 0.00000E+00 6.28220E-02 4.81715E-02 1.42989E-02 3.51530E-04 0.00000E+00
 4.60000E+00 1.26734E-01 1.13090E-07 0.00000E+00 1.13090E-07 0.00000E+00 1.26734E-01 9.15235E-02 3.44628E-02 7.47601E-04 0.00000E+00
 4.80000E+00 2.42482E-01 1.31215E-07 0.00000E+00 1.31215E-07 0.00000E+00 2.42482E-01 1.65876E-01 7.50996E-02 1.50639E-03 0.00000E+00
 5.00000E+00 4.40598E-01 1.68278E-07 0.00000E+00 1.68278E-07 0.00000E+00 4.40598E-01 2.88172E-01 1.49524E-01 2.90188E-03 0.00000E+00
 5.20000E+00 7.61723E-01 2.38192E-07 0.00000E+00 2.38192E-07 0.00000E+00 7.61723E-01 4.81954E-01 2.74421E-01 5.34773E-03 0.00000E+00
 5.40000E+00 1.25633E+00 3.60653E-07 0.00000E+00 3.60653E-07 0.00000E+00 1.25633E+00 7.78875E-01 4.67957E-01 9.49754E-03 0.00000E+00
 5.60000E+00 1.98337E+00 5.61151E-07 0.00000E+00 5.61151E-07 0.00000E+00 1.98337E+00 1.22047E+00 7.46962E-01 1.59389E-02 0.00000E+00
 5.80000E+00 3.00848E+00 8.69202E-07 0.00000E+00 8.69202E-07 0.00000E+00 3.00848E+00 1.85843E+00 1.12326E+00 2.67861E-02 0.00000E+00
 6.00000E+00 4.40250E+00 8.95975E-07 0.00000E+00 8.95975E-07 0.00000E+00 4.40250E+00 2.75891E+00 1.60111E+00 4.24840E-02 0.00000E+00
 6.20000E+00 6.24121E+00 1.30319E-06 0.00000E+00 1.30319E-06 0.00000E+00 6.24121E+00 3.99838E+00 2.17484E+00 6.79852E-02 0.00000E+00
 6.40000E+00 8.60651E+00 1.83952E-06 0.00000E+00 1.83952E-06 0.00000E+00 8.60651E+00 5.67274E+00 2.83054E+00 1.03225E-01 0.00000E+00
 6.60000E+00 1.15889E+01 2.51180E-06 0.00000E+00 2.51180E-06 0.00000E+00 1.15889E+01 7.88757E+00 3.54638E+00 1.54945E-01 0.00000E+00
 6.80000E+00 1.52905E+01 3.31654E-06 0.00000E+00 3.31654E-06 0.00000E+00 1.52905E+01 1.07631E+01 4.29712E+00 2.30226E-01 0.00000E+00
 7.00000E+00 1.98271E+01 4.24236E-06 0.00000E+00 4.24236E-06 0.00000E+00 1.98271E+01 1.44399E+01 5.05911E+00 3.28106E-01 0.00000E+00
 7.20000E+00 2.53295E+01 5.26298E-06 0.00000E+00 5.26298E-06 0.00000E+00 2.53295E+01 1.90517E+01 5.81046E+00 4.67311E-01 0.00000E+00
 7.40000E+00 3.19410E+01 6.34876E-06 0.00000E+00 6.34876E-06 0.00000E+00 3.19410E+01 2.47593E+01 6.53810E+00 6.43534E-01 0.00000E+00
 7.60000E+00 3.98136E+01 7.45573E-06 0.00000E+00 7.45573E-06 0.00000E+00 3.98136E+01 3.17001E+01 7.23506E+00 8.78298E-01 0.00000E+00
 7.80000E+00 4.91009E+01 8.53756E-06 0.00000E+00 8.53756E-06 0.00000E+00 4.91009E+01 4.00157E+01 7.90062E+00 1.18429E+00 0.00000E+00
 8.00000E+00 5.99494E+01 9.54911E-06 0.00000E+00 9.54911E-06 0.00000E+00 5.99494E+01 4.98509E+01 8.54469E+00 1.55321E+00 0.00000E+00
 8.50000E+00 9.46890E+01 1.14563E-05 0.00000E+00 1.14563E-05 0.00000E+00 9.46890E+01 8.16189E+01 1.01455E+01 2.92220E+00 0.00000E+00
 9.00000E+00 1.41106E+02 1.20958E-05 0.00000E+00 1.20958E-05 0.00000E+00 1.41106E+02 1.24096E+02 1.19481E+01 5.05351E+00 0.00000E+00
 9.50000E+00 1.98850E+02 1.14062E-05 0.00000E+00 1.14062E-05 0.00000E+00 1.98850E+02 1.76545E+02 1.41777E+01 8.10610E+00 0.00000E+00
 1.00000E+01 2.66082E+02 9.76206E-06 0.00000E+00 9.76206E-06 0.00000E+00 2.66082E+02 2.36943E+02 1.69172E+01 1.21729E+01 0.00000E+00
 1.05000E+01 3.40016E+02 7.71266E-06 0.00000E+00 7.71266E-06 0.00000E+00 3.40016E+02 3.02562E+02 2.00788E+01 1.72780E+01 0.00000E+00
 1.10000E+01 4.17584E+02 5.71401E-06 0.00000E+00 5.71401E-06 0.00000E+00 4.17584E+02 3.70558E+02 2.34644E+01 2.33912E+01 0.00000E+00
 1.15000E+01 4.95999E+02 4.02622E-06 0.00000E+00 4.02622E-06 0.00000E+00 4.95999E+02 4.38415E+02 2.68626E+01 3.04475E+01 0.00000E+00
 1.20000E+01 5.73129E+02 2.73374E-06 0.00000E+00 2.73374E-06 0.00000E+00 5.73129E+02 5.04225E+02 3.01165E+01 3.83733E+01 0.00000E+00
 1.25000E+01 6.47630E+02 1.81154E-06 0.00000E+00 1.81154E-06 0.00000E+00 6.47630E+02 5.66776E+02 3.31445E+01 4.71080E+01 0.00000E+00
 1.30000E+01 7.18838E+02 1.18656E-06 0.00000E+00 1.18656E-06 0.00000E+00 7.18838E+02 6.25446E+02 3.59238E+01 5.66109E+01 0.00000E+00
 1.35000E+01 7.86524E+02 7.78316E-07 0.00000E+00 7.78316E-07 0.00000E+00 7.86524E+02 6.79990E+02 3.84679E+01 6.68544E+01 0.00000E+00
 1.40000E+01 8.50663E+02 5.18574E-07 0.00000E+00 5.18574E-07 0.00000E+00 8.50663E+02 7.30304E+02 4.08328E+01 7.78279E+01 0.00000E+00
 1.45000E+01 9.11294E+02 3.56290E-07 0.00000E+00 3.56290E-07 0.00000E+00 9.11294E+02 7.76467E+02 4.29787E+01 8.95153E+01 0.00000E+00
 1.50000E+01 9.69674E+02 2.56388E-07 0.00000E+00 2.56388E-07 0.00000E+00 9.69674E+02 8.19234E+02 4.52975E+01 1.02041E+02 0.00000E+00
 1.60000E+01 1.07421E+03 1.57569E-07 0.00000E+00 1.57569E-07 0.00000E+00 1.07421E+03 8.91302E+02 4.90122E+01 1.29082E+02 0.00000E+00
 1.70000E+01 1.16710E+03 1.21188E-07 0.00000E+00 1.21188E-07 0.00000E+00 1.16710E+03 9.49460E+02 5.21250E+01 1.59163E+02 0.00000E+00
 1.80000E+01 1.24960E+03 1.07841E-07 0.00000E+00 1.07841E-07 0.00000E+00 1.24960E+03 9.95202E+02 5.44538E+01 1.92390E+02 0.00000E+00
 1.90000E+01 1.32273E+03 1.02922E-07 0.00000E+00 1.02922E-07 0.00000E+00 1.32273E+03 1.02819E+03 5.61142E+01 2.29878E+02 0.00000E+00
 2.00000E+01 1.38728E+03 1.01090E-07 0.00000E+00 1.01090E-07 0.00000E+00 1.38728E+03 1.04094E+03 5.73680E+01 2.79492E+02 0.00000E+00
 2.10000E+01 1.44410E+03 1.00416E-07 0.00000E+00 1.00416E-07 0.00000E+00 1.44410E+03 1.05560E+03 5.78599E+01 3.20234E+02 0.00000E+00
 2.20000E+01 1.49425E+03 1.00161E-07 0.00000E+00 1.00161E-07 0.00000E+00 1.49425E+03 1.06323E+03 5.79433E+01 3.61761E+02 0.00000E+00
 2.30000E+01 1.53884E+03 1.00064E-07 0.00000E+00 1.00064E-07 0.00000E+00 1.53884E+03 1.08264E+03 5.76674E+01 3.86373E+02 0.00000E+00
 2.40000E+01 1.57880E+03 1.00026E-07 0.00000E+00 1.00026E-07 0.00000E+00 1.57880E+03 1.09021E+03 5.71269E+01 4.18575E+02 0.00000E+00
 2.50000E+01 1.61481E+03 1.00010E-07 0.00000E+00 1.00010E-07 0.00000E+00 1.61481E+03 1.08943E+03 5.64364E+01 4.55414E+02 0.00000E+00
 2.60000E+01 1.64730E+03 1.00004E-07 0.00000E+00 1.00004E-07 0.00000E+00 1.64730E+03 1.08480E+03 5.56491E+01 4.92746E+02 0.00000E+00
 2.70000E+01 1.67663E+03 1.00002E-07 0.00000E+00 1.00002E-07 0.00000E+00 1.67663E+03 1.07724E+03 5.47372E+01 5.30031E+02 0.00000E+00
 2.80000E+01 1.70315E+03 1.00001E-07 0.00000E+00 1.00001E-07 0.00000E+00 1.70315E+03 1.06730E+03 5.37661E+01 5.66994E+02 0.00000E+00
 2.90000E+01 1.72722E+03 1.00000E-07 0.00000E+00 1.00000E-07 0.00000E+00 1.72722E+03 1.05538E+03 5.28098E+01 6.03537E+02 0.00000E+00
 3.00000E+01 1.74923E+03 1.00000E-07 0.00000E+00 1.00000E-07 0.00000E+00 1.74923E+03 1.04191E+03 5.19160E+01 6.39566E+02 0.00000E+00
 3.20000E+01 1.78843E+03 1.00000E-07 0.00000E+00 1.00000E-07 0.00000E+00 1.78843E+03 1.01180E+03 5.05802E+01 7.09557E+02 0.00000E+00
 3.40000E+01 1.82191E+03 1.00000E-07 0.00000E+00 1.00000E-07 0.00000E+00 1.82191E+03 9.78028E+02 4.95892E+01 7.77124E+02 0.00000E+00
 3.60000E+01 1.84990E+03 1.00000E-07 0.00000E+00 1.00000E-07 0.00000E+00 1.84990E+03 9.41878E+02 4.90539E+01 8.41178E+02 0.00000E+00
 3.80000E+01 1.87214E+03 1.00000E-07 0.00000E+00 1.00000E-07 0.00000E+00 1.87214E+03 9.04047E+02 4.87124E+01 9.01061E+02 0.00000E+00
 4.00000E+01 1.88955E+03 1.00000E-07 0.00000E+00 1.00000E-07 0.00000E+00 1.88955E+03 8.65517E+02 4.84024E+01 9.56846E+02 0.00000E+00
 4.20000E+01 1.90366E+03 1.00000E-07 0.00000E+00 1.00000E-07 0.00000E+00 1.90366E+03 8.28241E+02 4.83549E+01 1.00782E+03 0.00000E+00
 4.40000E+01 1.91481E+03 1.00000E-07 0.00000E+00 1.00000E-07 0.00000E+00 1.91481E+03 7.90518E+02 4.83457E+01 1.05621E+03 0.00000E+00
 4.60000E+01 1.92313E+03 1.00000E-07 0.00000E+00 1.00000E-07 0.00000E+00 1.92313E+03 7.54775E+02 4.84858E+01 1.09967E+03 0.00000E+00
 4.80000E+01 1.92855E+03 1.00000E-07 0.00000E+00 1.00000E-07 0.00000E+00 1.92855E+03 7.19303E+02 4.86142E+01 1.14001E+03 0.00000E+00
 5.00000E+01 1.93173E+03 1.00000E-07 0.00000E+00 1.00000E-07 0.00000E+00 1.93173E+03 6.85056E+02 4.86529E+01 1.17702E+03 0.00000E+00
 5.20000E+01 1.93308E+03 1.00000E-07 0.00000E+00 1.00000E-07 0.00000E+00 1.93308E+03 6.52225E+02 4.86177E+01 1.21087E+03 0.00000E+00
 5.40000E+01 1.93281E+03 1.00000E-07 0.00000E+00 1.00000E-07 0.00000E+00 1.93281E+03 6.20791E+02 4.84469E+01 1.24188E+03 0.00000E+00
