# p + 181Ta Total triton   production
# Q-value    =-5.74243E+00
# 
# # energies =   100
#    E         xs         Yield
 1.00000E-11 0.00000E+00 0.00000E+00
 2.53000E-08 0.00000E+00 0.00000E+00
 2.00000E-07 0.00000E+00 0.00000E+00
 1.00000E-06 0.00000E+00 0.00000E+00
 1.00000E-05 0.00000E+00 0.00000E+00
 1.00000E-04 0.00000E+00 0.00000E+00
 1.00000E-03 0.00000E+00 0.00000E+00
 2.00000E-03 0.00000E+00 0.00000E+00
 4.00000E-03 0.00000E+00 0.00000E+00
 7.00000E-03 0.00000E+00 0.00000E+00
 1.00000E-02 0.00000E+00 0.00000E+00
 2.00000E-02 0.00000E+00 0.00000E+00
 4.00000E-02 0.00000E+00 0.00000E+00
 7.00000E-02 0.00000E+00 0.00000E+00
 1.00000E-01 0.00000E+00 0.00000E+00
 2.00000E-01 0.00000E+00 0.00000E+00
 3.00000E-01 0.00000E+00 0.00000E+00
 4.00000E-01 0.00000E+00 0.00000E+00
 5.00000E-01 0.00000E+00 0.00000E+00
 6.00000E-01 0.00000E+00 0.00000E+00
 7.00000E-01 0.00000E+00 0.00000E+00
 8.00000E-01 0.00000E+00 0.00000E+00
 9.00000E-01 0.00000E+00 0.00000E+00
 1.00000E+00 0.00000E+00 0.00000E+00
 1.20000E+00 0.00000E+00 0.00000E+00
 1.40000E+00 0.00000E+00 0.00000E+00
 1.60000E+00 0.00000E+00 0.00000E+00
 1.80000E+00 0.00000E+00 0.00000E+00
 2.00000E+00 0.00000E+00 0.00000E+00
 2.20000E+00 0.00000E+00 0.00000E+00
 2.40000E+00 0.00000E+00 0.00000E+00
 2.60000E+00 0.00000E+00 0.00000E+00
 2.80000E+00 0.00000E+00 0.00000E+00
 3.00000E+00 0.00000E+00 0.00000E+00
 3.20000E+00 0.00000E+00 0.00000E+00
 3.40000E+00 0.00000E+00 0.00000E+00
 3.60000E+00 0.00000E+00 0.00000E+00
 3.80000E+00 0.00000E+00 0.00000E+00
 4.00000E+00 0.00000E+00 0.00000E+00
 4.20000E+00 0.00000E+00 0.00000E+00
 4.40000E+00 0.00000E+00 0.00000E+00
 4.60000E+00 0.00000E+00 0.00000E+00
 4.80000E+00 0.00000E+00 0.00000E+00
 5.00000E+00 0.00000E+00 0.00000E+00
 5.20000E+00 0.00000E+00 0.00000E+00
 5.40000E+00 0.00000E+00 0.00000E+00
 5.60000E+00 0.00000E+00 0.00000E+00
 5.80000E+00 0.00000E+00 0.00000E+00
 6.00000E+00 0.00000E+00 0.00000E+00
 6.20000E+00 0.00000E+00 0.00000E+00
 6.40000E+00 0.00000E+00 0.00000E+00
 6.60000E+00 0.00000E+00 0.00000E+00
 6.80000E+00 1.66576E-39 1.08941E-40
 7.00000E+00 7.74423E-35 3.90588E-36
 7.20000E+00 3.23575E-31 1.27746E-32
 7.40000E+00 2.67371E-28 8.37077E-30
 7.60000E+00 2.15484E-26 5.41233E-28
 7.80000E+00 2.91933E-24 5.94558E-26
 8.00000E+00 9.14135E-23 1.52484E-24
 8.50000E+00 6.59350E-19 6.96332E-21
 9.00000E+00 2.25946E-16 1.60125E-18
 9.50000E+00 4.94369E-14 2.48614E-16
 1.00000E+01 8.05950E-12 3.02895E-14
 1.05000E+01 1.69798E-10 4.99383E-13
 1.10000E+01 2.14311E-09 5.13216E-12
 1.15000E+01 2.92186E-08 5.89086E-11
 1.20000E+01 3.10127E-07 5.41112E-10
 1.25000E+01 2.49944E-06 3.85936E-09
 1.30000E+01 1.55079E-05 2.15736E-08
 1.35000E+01 7.65876E-05 9.73747E-08
 1.40000E+01 3.11588E-04 3.66289E-07
 1.45000E+01 1.07491E-03 1.17954E-06
 1.50000E+01 3.21416E-03 3.31468E-06
 1.60000E+01 1.97117E-02 1.83499E-05
 1.70000E+01 7.71147E-02 6.60738E-05
 1.80000E+01 2.09528E-01 1.67676E-04
 1.90000E+01 4.38444E-01 3.31469E-04
 2.00000E+01 7.67404E-01 5.53171E-04
 2.10000E+01 1.18765E+00 8.22417E-04
 2.20000E+01 1.68462E+00 1.12740E-03
 2.30000E+01 2.24212E+00 1.45702E-03
 2.40000E+01 2.84454E+00 1.80171E-03
 2.50000E+01 3.47805E+00 2.15384E-03
 2.60000E+01 4.13094E+00 2.50770E-03
 2.70000E+01 4.82011E+00 2.87488E-03
 2.80000E+01 5.49015E+00 3.22353E-03
 2.90000E+01 6.15074E+00 3.56106E-03
 3.00000E+01 6.80578E+00 3.89073E-03
 3.20000E+01 8.09413E+00 4.52583E-03
 3.40000E+01 9.33812E+00 5.12546E-03
 3.60000E+01 1.05252E+01 5.68963E-03
 3.80000E+01 1.16234E+01 6.20860E-03
 4.00000E+01 1.25845E+01 6.66007E-03
 4.20000E+01 1.34931E+01 7.08796E-03
 4.40000E+01 1.43250E+01 7.48117E-03
 4.60000E+01 1.51047E+01 7.85421E-03
 4.80000E+01 1.58961E+01 8.24251E-03
 5.00000E+01 1.66083E+01 8.59762E-03
 5.20000E+01 1.73152E+01 8.95733E-03
 5.40000E+01 1.80271E+01 9.32689E-03
