# p + 180Ta Total triton   production
# Q-value    =-5.99646E+00
# 
# # energies =   100
#    E         xs         Yield
 1.00000E-11 0.00000E+00 0.00000E+00
 2.53000E-08 0.00000E+00 0.00000E+00
 2.00000E-07 0.00000E+00 0.00000E+00
 1.00000E-06 0.00000E+00 0.00000E+00
 1.00000E-05 0.00000E+00 0.00000E+00
 1.00000E-04 0.00000E+00 0.00000E+00
 1.00000E-03 0.00000E+00 0.00000E+00
 2.00000E-03 0.00000E+00 0.00000E+00
 4.00000E-03 0.00000E+00 0.00000E+00
 7.00000E-03 0.00000E+00 0.00000E+00
 1.00000E-02 0.00000E+00 0.00000E+00
 2.00000E-02 0.00000E+00 0.00000E+00
 4.00000E-02 0.00000E+00 0.00000E+00
 7.00000E-02 0.00000E+00 0.00000E+00
 1.00000E-01 0.00000E+00 0.00000E+00
 2.00000E-01 0.00000E+00 0.00000E+00
 3.00000E-01 0.00000E+00 0.00000E+00
 4.00000E-01 0.00000E+00 0.00000E+00
 5.00000E-01 0.00000E+00 0.00000E+00
 6.00000E-01 0.00000E+00 0.00000E+00
 7.00000E-01 0.00000E+00 0.00000E+00
 8.00000E-01 0.00000E+00 0.00000E+00
 9.00000E-01 0.00000E+00 0.00000E+00
 1.00000E+00 0.00000E+00 0.00000E+00
 1.20000E+00 0.00000E+00 0.00000E+00
 1.40000E+00 0.00000E+00 0.00000E+00
 1.60000E+00 0.00000E+00 0.00000E+00
 1.80000E+00 0.00000E+00 0.00000E+00
 2.00000E+00 0.00000E+00 0.00000E+00
 2.20000E+00 0.00000E+00 0.00000E+00
 2.40000E+00 0.00000E+00 0.00000E+00
 2.60000E+00 0.00000E+00 0.00000E+00
 2.80000E+00 0.00000E+00 0.00000E+00
 3.00000E+00 0.00000E+00 0.00000E+00
 3.20000E+00 0.00000E+00 0.00000E+00
 3.40000E+00 0.00000E+00 0.00000E+00
 3.60000E+00 0.00000E+00 0.00000E+00
 3.80000E+00 0.00000E+00 0.00000E+00
 4.00000E+00 0.00000E+00 0.00000E+00
 4.20000E+00 0.00000E+00 0.00000E+00
 4.40000E+00 0.00000E+00 0.00000E+00
 4.60000E+00 0.00000E+00 0.00000E+00
 4.80000E+00 0.00000E+00 0.00000E+00
 5.00000E+00 0.00000E+00 0.00000E+00
 5.20000E+00 0.00000E+00 0.00000E+00
 5.40000E+00 0.00000E+00 0.00000E+00
 5.60000E+00 0.00000E+00 0.00000E+00
 5.80000E+00 0.00000E+00 0.00000E+00
 6.00000E+00 0.00000E+00 0.00000E+00
 6.20000E+00 0.00000E+00 0.00000E+00
 6.40000E+00 0.00000E+00 0.00000E+00
 6.60000E+00 0.00000E+00 0.00000E+00
 6.80000E+00 0.00000E+00 0.00000E+00
 7.00000E+00 2.92591E-42 2.17201E-43
 7.20000E+00 2.28554E-35 1.25534E-36
 7.40000E+00 8.04766E-31 3.33583E-32
 7.60000E+00 2.56172E-27 8.14762E-29
 7.80000E+00 1.61461E-24 4.00444E-26
 8.00000E+00 3.22124E-22 6.32873E-24
 8.50000E+00 1.27007E-18 1.48941E-20
 9.00000E+00 1.11550E-14 8.53501E-17
 9.50000E+00 6.50096E-13 3.51136E-15
 1.00000E+01 7.77031E-11 3.16347E-13
 1.05000E+01 1.12424E-09 3.63173E-12
 1.10000E+01 2.53288E-08 6.74757E-11
 1.15000E+01 3.32144E-07 7.50777E-10
 1.20000E+01 2.91071E-06 5.70409E-09
 1.25000E+01 1.87372E-05 3.23832E-08
 1.30000E+01 9.40895E-05 1.45480E-07
 1.35000E+01 3.85299E-04 5.39652E-07
 1.40000E+01 1.33059E-03 1.70692E-06
 1.45000E+01 3.96879E-03 4.70951E-06
 1.50000E+01 1.03904E-02 1.15072E-05
 1.60000E+01 4.99389E-02 4.93141E-05
 1.70000E+01 1.58539E-01 1.43209E-04
 1.80000E+01 3.67752E-01 3.09577E-04
 1.90000E+01 6.87682E-01 5.46291E-04
 2.00000E+01 1.11141E+00 8.40440E-04
 2.10000E+01 1.62332E+00 1.17663E-03
 2.20000E+01 2.20510E+00 1.54130E-03
 2.30000E+01 2.83873E+00 1.92333E-03
 2.40000E+01 3.50811E+00 2.31349E-03
 2.50000E+01 4.19957E+00 2.70409E-03
 2.60000E+01 4.90206E+00 3.08918E-03
 2.70000E+01 5.67240E+00 3.50520E-03
 2.80000E+01 6.36851E+00 3.86573E-03
 2.90000E+01 7.05705E+00 4.21505E-03
 3.00000E+01 7.73529E+00 4.55389E-03
 3.20000E+01 9.05457E+00 5.20366E-03
 3.40000E+01 1.03181E+01 5.81799E-03
 3.60000E+01 1.15025E+01 6.38392E-03
 3.80000E+01 1.25790E+01 6.88790E-03
 4.00000E+01 1.35434E+01 7.33599E-03
 4.20000E+01 1.44105E+01 7.74266E-03
 4.40000E+01 1.51978E+01 8.11744E-03
 4.60000E+01 1.59260E+01 8.46879E-03
 4.80000E+01 1.66581E+01 8.82953E-03
 5.00000E+01 1.73327E+01 9.16828E-03
 5.20000E+01 1.79944E+01 9.50959E-03
 5.40000E+01 1.86532E+01 9.85815E-03
