# p +  65Cu Total alpha    production
# Q-value    = 4.34682E+00
# 
# # energies =   103
#    E         xs         Yield
 1.00000E-11 0.00000E+00 0.00000E+00
 2.53000E-08 0.00000E+00 0.00000E+00
 2.00000E-07 0.00000E+00 0.00000E+00
 1.00000E-06 0.00000E+00 0.00000E+00
 1.00000E-05 0.00000E+00 0.00000E+00
 1.00000E-04 0.00000E+00 0.00000E+00
 1.00000E-03 0.00000E+00 0.00000E+00
 2.00000E-03 0.00000E+00 0.00000E+00
 4.00000E-03 0.00000E+00 0.00000E+00
 7.00000E-03 0.00000E+00 0.00000E+00
 1.00000E-02 0.00000E+00 0.00000E+00
 2.00000E-02 0.00000E+00 0.00000E+00
 4.00000E-02 0.00000E+00 0.00000E+00
 7.00000E-02 0.00000E+00 0.00000E+00
 1.00000E-01 0.00000E+00 0.00000E+00
 2.00000E-01 0.00000E+00 0.00000E+00
 3.00000E-01 0.00000E+00 0.00000E+00
 4.00000E-01 0.00000E+00 0.00000E+00
 5.00000E-01 0.00000E+00 0.00000E+00
 6.00000E-01 0.00000E+00 0.00000E+00
 7.00000E-01 0.00000E+00 0.00000E+00
 8.00000E-01 2.95117E-07 1.20719E-02
 9.00000E-01 3.60970E-06 2.63733E-02
 1.00000E+00 1.65974E-05 2.84274E-02
 1.20000E+00 2.37023E-04 4.00353E-02
 1.40000E+00 2.32097E-03 6.75842E-02
 1.60000E+00 1.21837E-02 9.30538E-02
 1.80000E+00 4.76885E-02 1.32457E-01
 2.00000E+00 1.43833E-01 1.83636E-01
 2.20000E+00 2.62351E-01 1.19747E-01
 2.40000E+00 7.72735E-02 1.31919E-02
 2.60000E+00 9.97501E-02 9.08697E-03
 2.80000E+00 1.69967E-01 9.08331E-03
 3.00000E+00 3.03486E-01 1.02292E-02
 3.20000E+00 4.41744E-01 9.94549E-03
 3.40000E+00 6.52511E-01 1.03949E-02
 3.60000E+00 9.50677E-01 1.12594E-02
 3.80000E+00 1.31450E+00 1.20669E-02
 4.00000E+00 1.75716E+00 1.29498E-02
 4.20000E+00 2.30146E+00 1.40188E-02
 4.40000E+00 2.90245E+00 1.49671E-02
 4.60000E+00 3.60004E+00 1.60310E-02
 4.80000E+00 4.37347E+00 1.71010E-02
 5.00000E+00 5.18593E+00 1.80640E-02
 5.20000E+00 6.07520E+00 1.90896E-02
 5.40000E+00 7.04878E+00 2.02032E-02
 5.60000E+00 8.02482E+00 2.11869E-02
 5.80000E+00 9.13897E+00 2.24180E-02
 6.00000E+00 1.03429E+01 2.37503E-02
 6.20000E+00 1.16421E+01 2.51878E-02
 6.40000E+00 1.31427E+01 2.69376E-02
 6.60000E+00 1.47356E+01 2.87455E-02
 6.80000E+00 1.65365E+01 3.08206E-02
 7.00000E+00 1.84910E+01 3.30327E-02
 7.20000E+00 2.05321E+01 3.52506E-02
 7.40000E+00 2.27726E+01 3.76590E-02
 7.60000E+00 2.49458E+01 3.97528E-02
 7.80000E+00 2.71939E+01 4.19021E-02
 8.00000E+00 2.92987E+01 4.37182E-02
 8.50000E+00 3.40621E+01 4.71954E-02
 9.00000E+00 3.76076E+01 4.88086E-02
 9.50000E+00 3.97552E+01 4.87565E-02
 1.00000E+01 4.05612E+01 4.74138E-02
 1.05000E+01 4.03276E+01 4.52867E-02
 1.10000E+01 3.93650E+01 4.27541E-02
 1.15000E+01 3.80992E+01 4.02391E-02
 1.20000E+01 3.70103E+01 3.81729E-02
 1.25000E+01 3.64420E+01 3.68245E-02
 1.30000E+01 3.65830E+01 3.63073E-02
 1.35000E+01 3.70815E+01 3.62158E-02
 1.40000E+01 3.72690E+01 3.58769E-02
 1.45000E+01 3.73182E+01 3.54574E-02
 1.50000E+01 3.73579E+01 3.50771E-02
 1.60000E+01 3.84182E+01 3.53409E-02
 1.70000E+01 4.07188E+01 3.68303E-02
 1.80000E+01 4.34134E+01 3.87171E-02
 1.90000E+01 4.59275E+01 4.04623E-02
 2.00000E+01 4.83504E+01 4.21351E-02
 2.10000E+01 5.13858E+01 4.43447E-02
 2.20000E+01 5.62618E+01 4.81463E-02
 2.30000E+01 6.33775E+01 5.38764E-02
 2.40000E+01 7.08093E+01 5.99149E-02
 2.50000E+01 7.70624E+01 6.50327E-02
 2.60000E+01 8.17281E+01 6.89031E-02
 2.70000E+01 8.43939E+01 7.11722E-02
 2.80000E+01 8.64462E+01 7.29879E-02
 2.90000E+01 8.76765E+01 7.41519E-02
 3.00000E+01 8.88452E+01 7.52931E-02
 3.20000E+01 8.85814E+01 7.54302E-02
 3.40000E+01 8.73226E+01 7.48009E-02
 3.60000E+01 8.56151E+01 7.38781E-02
 3.80000E+01 8.44248E+01 7.34825E-02
 4.00000E+01 8.35159E+01 7.33903E-02
 4.20000E+01 8.34952E+01 7.41198E-02
 4.40000E+01 8.35697E+01 7.49658E-02
 4.60000E+01 8.24913E+01 7.47915E-02
 4.80000E+01 8.04102E+01 7.36951E-02
 5.00000E+01 7.92319E+01 7.34084E-02
 5.20000E+01 7.79900E+01 7.30497E-02
 5.40000E+01 7.75078E+01 7.33913E-02
 5.60000E+01 7.64887E+01 7.32132E-02
 5.80000E+01 7.59648E+01 7.34932E-02
 6.00000E+01 7.55733E+01 7.38893E-02
