# p +  63Cu Total alpha    production
# Q-value    = 3.75743E+00
# 
# # energies =   103
#    E         xs         Yield
 1.00000E-11 0.00000E+00 0.00000E+00
 2.53000E-08 0.00000E+00 0.00000E+00
 2.00000E-07 0.00000E+00 0.00000E+00
 1.00000E-06 0.00000E+00 0.00000E+00
 1.00000E-05 0.00000E+00 0.00000E+00
 1.00000E-04 0.00000E+00 0.00000E+00
 1.00000E-03 0.00000E+00 0.00000E+00
 2.00000E-03 0.00000E+00 0.00000E+00
 4.00000E-03 0.00000E+00 0.00000E+00
 7.00000E-03 0.00000E+00 0.00000E+00
 1.00000E-02 0.00000E+00 0.00000E+00
 2.00000E-02 0.00000E+00 0.00000E+00
 4.00000E-02 0.00000E+00 0.00000E+00
 7.00000E-02 0.00000E+00 0.00000E+00
 1.00000E-01 0.00000E+00 0.00000E+00
 2.00000E-01 0.00000E+00 0.00000E+00
 3.00000E-01 0.00000E+00 0.00000E+00
 4.00000E-01 0.00000E+00 0.00000E+00
 5.00000E-01 0.00000E+00 0.00000E+00
 6.00000E-01 0.00000E+00 0.00000E+00
 7.00000E-01 0.00000E+00 0.00000E+00
 8.00000E-01 5.84145E-08 3.68257E-03
 9.00000E-01 7.50546E-07 8.46377E-03
 1.00000E+00 3.99909E-06 1.05883E-02
 1.20000E+00 6.03127E-05 1.58887E-02
 1.40000E+00 6.31232E-04 2.97187E-02
 1.60000E+00 3.48809E-03 4.65654E-02
 1.80000E+00 1.27363E-02 6.84043E-02
 2.00000E+00 4.37080E-02 1.18285E-01
 2.20000E+00 1.02471E-01 1.62562E-01
 2.40000E+00 2.26375E-01 2.25090E-01
 2.60000E+00 4.36016E-01 2.79173E-01
 2.80000E+00 7.46210E-01 3.07484E-01
 3.00000E+00 1.29174E+00 3.29688E-01
 3.20000E+00 2.02291E+00 3.19339E-01
 3.40000E+00 3.11354E+00 3.02350E-01
 3.60000E+00 4.56122E+00 2.77418E-01
 3.80000E+00 6.45444E+00 2.52552E-01
 4.00000E+00 8.93047E+00 2.31898E-01
 4.20000E+00 1.18313E+01 2.11712E-01
 4.40000E+00 1.32011E+01 1.35878E-01
 4.60000E+00 1.32762E+01 9.22920E-02
 4.80000E+00 1.51391E+01 8.30608E-02
 5.00000E+00 1.58778E+01 6.93704E-02
 5.20000E+00 1.77102E+01 6.60280E-02
 5.40000E+00 1.92501E+01 6.23095E-02
 5.60000E+00 2.07407E+01 5.97884E-02
 5.80000E+00 2.24004E+01 5.86586E-02
 6.00000E+00 2.42020E+01 5.84160E-02
 6.20000E+00 2.69418E+01 5.91229E-02
 6.40000E+00 2.91982E+01 6.05931E-02
 6.60000E+00 3.18175E+01 6.28773E-02
 6.80000E+00 3.46929E+01 6.56585E-02
 7.00000E+00 3.77570E+01 6.87432E-02
 7.20000E+00 4.12455E+01 7.24994E-02
 7.40000E+00 4.49309E+01 7.64596E-02
 7.60000E+00 4.88928E+01 8.07213E-02
 7.80000E+00 5.30322E+01 8.50866E-02
 8.00000E+00 5.72985E+01 8.94543E-02
 8.50000E+00 6.78753E+01 9.93949E-02
 9.00000E+00 7.73428E+01 1.06768E-01
 9.50000E+00 8.48094E+01 1.10930E-01
 1.00000E+01 9.01573E+01 1.12376E-01
 1.05000E+01 9.30247E+01 1.11168E-01
 1.10000E+01 9.37692E+01 1.08070E-01
 1.15000E+01 9.28241E+01 1.03716E-01
 1.20000E+01 9.04471E+01 9.84016E-02
 1.25000E+01 8.73656E+01 9.28680E-02
 1.30000E+01 8.41610E+01 8.76450E-02
 1.35000E+01 8.18756E+01 8.37154E-02
 1.40000E+01 7.97942E+01 8.02533E-02
 1.45000E+01 7.76120E+01 7.69115E-02
 1.50000E+01 7.53130E+01 7.36538E-02
 1.60000E+01 7.15938E+01 6.84918E-02
 1.70000E+01 7.03239E+01 6.61501E-02
 1.80000E+01 7.16358E+01 6.65165E-02
 1.90000E+01 7.49755E+01 6.89026E-02
 2.00000E+01 7.85079E+01 7.15159E-02
 2.10000E+01 8.14296E+01 7.35855E-02
 2.20000E+01 8.38158E+01 7.51799E-02
 2.30000E+01 8.52032E+01 7.59184E-02
 2.40000E+01 8.63413E+01 7.65199E-02
 2.50000E+01 8.67389E+01 7.65866E-02
 2.60000E+01 8.75182E+01 7.71262E-02
 2.70000E+01 8.80994E+01 7.76192E-02
 2.80000E+01 8.76198E+01 7.72846E-02
 2.90000E+01 8.82998E+01 7.80496E-02
 3.00000E+01 8.96585E+01 7.94697E-02
 3.20000E+01 9.41117E+01 8.39608E-02
 3.40000E+01 1.00661E+02 9.04535E-02
 3.60000E+01 1.06443E+02 9.64107E-02
 3.80000E+01 1.09815E+02 1.00348E-01
 4.00000E+01 1.11708E+02 1.03073E-01
 4.20000E+01 1.12616E+02 1.04990E-01
 4.40000E+01 1.13440E+02 1.06894E-01
 4.60000E+01 1.13882E+02 1.08481E-01
 4.80000E+01 1.13497E+02 1.09298E-01
 5.00000E+01 1.12739E+02 1.09756E-01
 5.20000E+01 1.11322E+02 1.09553E-01
 5.40000E+01 1.10123E+02 1.09542E-01
 5.60000E+01 1.08489E+02 1.09066E-01
 5.80000E+01 1.07401E+02 1.09105E-01
 6.00000E+01 1.05615E+02 1.08396E-01
