# p +  65Cu Total deuteron production
# Q-value    =-7.68601E+00
# 
# # energies =   103
#    E         xs         Yield
 1.00000E-11 0.00000E+00 0.00000E+00
 2.53000E-08 0.00000E+00 0.00000E+00
 2.00000E-07 0.00000E+00 0.00000E+00
 1.00000E-06 0.00000E+00 0.00000E+00
 1.00000E-05 0.00000E+00 0.00000E+00
 1.00000E-04 0.00000E+00 0.00000E+00
 1.00000E-03 0.00000E+00 0.00000E+00
 2.00000E-03 0.00000E+00 0.00000E+00
 4.00000E-03 0.00000E+00 0.00000E+00
 7.00000E-03 0.00000E+00 0.00000E+00
 1.00000E-02 0.00000E+00 0.00000E+00
 2.00000E-02 0.00000E+00 0.00000E+00
 4.00000E-02 0.00000E+00 0.00000E+00
 7.00000E-02 0.00000E+00 0.00000E+00
 1.00000E-01 0.00000E+00 0.00000E+00
 2.00000E-01 0.00000E+00 0.00000E+00
 3.00000E-01 0.00000E+00 0.00000E+00
 4.00000E-01 0.00000E+00 0.00000E+00
 5.00000E-01 0.00000E+00 0.00000E+00
 6.00000E-01 0.00000E+00 0.00000E+00
 7.00000E-01 0.00000E+00 0.00000E+00
 8.00000E-01 0.00000E+00 0.00000E+00
 9.00000E-01 0.00000E+00 0.00000E+00
 1.00000E+00 0.00000E+00 0.00000E+00
 1.20000E+00 0.00000E+00 0.00000E+00
 1.40000E+00 0.00000E+00 0.00000E+00
 1.60000E+00 0.00000E+00 0.00000E+00
 1.80000E+00 0.00000E+00 0.00000E+00
 2.00000E+00 0.00000E+00 0.00000E+00
 2.20000E+00 0.00000E+00 0.00000E+00
 2.40000E+00 0.00000E+00 0.00000E+00
 2.60000E+00 0.00000E+00 0.00000E+00
 2.80000E+00 0.00000E+00 0.00000E+00
 3.00000E+00 0.00000E+00 0.00000E+00
 3.20000E+00 0.00000E+00 0.00000E+00
 3.40000E+00 0.00000E+00 0.00000E+00
 3.60000E+00 0.00000E+00 0.00000E+00
 3.80000E+00 0.00000E+00 0.00000E+00
 4.00000E+00 0.00000E+00 0.00000E+00
 4.20000E+00 0.00000E+00 0.00000E+00
 4.40000E+00 0.00000E+00 0.00000E+00
 4.60000E+00 0.00000E+00 0.00000E+00
 4.80000E+00 0.00000E+00 0.00000E+00
 5.00000E+00 0.00000E+00 0.00000E+00
 5.20000E+00 0.00000E+00 0.00000E+00
 5.40000E+00 0.00000E+00 0.00000E+00
 5.60000E+00 0.00000E+00 0.00000E+00
 5.80000E+00 0.00000E+00 0.00000E+00
 6.00000E+00 0.00000E+00 0.00000E+00
 6.20000E+00 0.00000E+00 0.00000E+00
 6.40000E+00 0.00000E+00 0.00000E+00
 6.60000E+00 0.00000E+00 0.00000E+00
 6.80000E+00 0.00000E+00 0.00000E+00
 7.00000E+00 0.00000E+00 0.00000E+00
 7.20000E+00 0.00000E+00 0.00000E+00
 7.40000E+00 0.00000E+00 0.00000E+00
 7.60000E+00 0.00000E+00 0.00000E+00
 7.80000E+00 0.00000E+00 0.00000E+00
 8.00000E+00 0.00000E+00 0.00000E+00
 8.50000E+00 3.90946E-31 5.41684E-34
 9.00000E+00 2.76704E-08 3.59118E-11
 9.50000E+00 8.13320E-06 9.97470E-09
 1.00000E+01 2.45225E-04 2.86655E-07
 1.05000E+01 2.74406E-03 3.08149E-06
 1.10000E+01 1.49336E-02 1.62193E-05
 1.15000E+01 6.61454E-02 6.98604E-05
 1.20000E+01 1.80800E-01 1.86480E-04
 1.25000E+01 4.93510E-01 4.98690E-04
 1.30000E+01 9.95487E-01 9.87986E-04
 1.35000E+01 1.76564E+00 1.72442E-03
 1.40000E+01 2.77856E+00 2.67477E-03
 1.45000E+01 4.00287E+00 3.80328E-03
 1.50000E+01 5.39927E+00 5.06963E-03
 1.60000E+01 8.97495E+00 8.25604E-03
 1.70000E+01 1.25454E+01 1.13474E-02
 1.80000E+01 1.62405E+01 1.44836E-02
 1.90000E+01 1.99694E+01 1.75931E-02
 2.00000E+01 2.36813E+01 2.06371E-02
 2.10000E+01 2.75366E+01 2.37634E-02
 2.20000E+01 3.11048E+01 2.66181E-02
 2.30000E+01 3.45116E+01 2.93378E-02
 2.40000E+01 3.77983E+01 3.19828E-02
 2.50000E+01 4.09034E+01 3.45182E-02
 2.60000E+01 4.17041E+01 3.51598E-02
 2.70000E+01 4.45347E+01 3.75577E-02
 2.80000E+01 4.71979E+01 3.98500E-02
 2.90000E+01 5.10355E+01 4.31630E-02
 3.00000E+01 5.32009E+01 4.50859E-02
 3.20000E+01 5.73064E+01 4.87984E-02
 3.40000E+01 6.10240E+01 5.22734E-02
 3.60000E+01 6.44134E+01 5.55829E-02
 3.80000E+01 6.74990E+01 5.87505E-02
 4.00000E+01 7.02884E+01 6.17665E-02
 4.20000E+01 7.28061E+01 6.46310E-02
 4.40000E+01 7.51133E+01 6.73801E-02
 4.60000E+01 7.72063E+01 6.99998E-02
 4.80000E+01 7.91133E+01 7.25065E-02
 5.00000E+01 8.12985E+01 7.53232E-02
 5.20000E+01 8.28128E+01 7.75669E-02
 5.40000E+01 8.42037E+01 7.97315E-02
 5.60000E+01 8.54793E+01 8.18187E-02
 5.80000E+01 8.66478E+01 8.38287E-02
 6.00000E+01 8.77231E+01 8.57684E-02
