# p +  63Cu Total deuteron production
# Q-value    =-8.63907E+00
# 
# # energies =   103
#    E         xs         Yield
 1.00000E-11 0.00000E+00 0.00000E+00
 2.53000E-08 0.00000E+00 0.00000E+00
 2.00000E-07 0.00000E+00 0.00000E+00
 1.00000E-06 0.00000E+00 0.00000E+00
 1.00000E-05 0.00000E+00 0.00000E+00
 1.00000E-04 0.00000E+00 0.00000E+00
 1.00000E-03 0.00000E+00 0.00000E+00
 2.00000E-03 0.00000E+00 0.00000E+00
 4.00000E-03 0.00000E+00 0.00000E+00
 7.00000E-03 0.00000E+00 0.00000E+00
 1.00000E-02 0.00000E+00 0.00000E+00
 2.00000E-02 0.00000E+00 0.00000E+00
 4.00000E-02 0.00000E+00 0.00000E+00
 7.00000E-02 0.00000E+00 0.00000E+00
 1.00000E-01 0.00000E+00 0.00000E+00
 2.00000E-01 0.00000E+00 0.00000E+00
 3.00000E-01 0.00000E+00 0.00000E+00
 4.00000E-01 0.00000E+00 0.00000E+00
 5.00000E-01 0.00000E+00 0.00000E+00
 6.00000E-01 0.00000E+00 0.00000E+00
 7.00000E-01 0.00000E+00 0.00000E+00
 8.00000E-01 0.00000E+00 0.00000E+00
 9.00000E-01 0.00000E+00 0.00000E+00
 1.00000E+00 0.00000E+00 0.00000E+00
 1.20000E+00 0.00000E+00 0.00000E+00
 1.40000E+00 0.00000E+00 0.00000E+00
 1.60000E+00 0.00000E+00 0.00000E+00
 1.80000E+00 0.00000E+00 0.00000E+00
 2.00000E+00 0.00000E+00 0.00000E+00
 2.20000E+00 0.00000E+00 0.00000E+00
 2.40000E+00 0.00000E+00 0.00000E+00
 2.60000E+00 0.00000E+00 0.00000E+00
 2.80000E+00 0.00000E+00 0.00000E+00
 3.00000E+00 0.00000E+00 0.00000E+00
 3.20000E+00 0.00000E+00 0.00000E+00
 3.40000E+00 0.00000E+00 0.00000E+00
 3.60000E+00 0.00000E+00 0.00000E+00
 3.80000E+00 0.00000E+00 0.00000E+00
 4.00000E+00 0.00000E+00 0.00000E+00
 4.20000E+00 0.00000E+00 0.00000E+00
 4.40000E+00 0.00000E+00 0.00000E+00
 4.60000E+00 0.00000E+00 0.00000E+00
 4.80000E+00 0.00000E+00 0.00000E+00
 5.00000E+00 0.00000E+00 0.00000E+00
 5.20000E+00 0.00000E+00 0.00000E+00
 5.40000E+00 0.00000E+00 0.00000E+00
 5.60000E+00 0.00000E+00 0.00000E+00
 5.80000E+00 0.00000E+00 0.00000E+00
 6.00000E+00 0.00000E+00 0.00000E+00
 6.20000E+00 0.00000E+00 0.00000E+00
 6.40000E+00 0.00000E+00 0.00000E+00
 6.60000E+00 0.00000E+00 0.00000E+00
 6.80000E+00 0.00000E+00 0.00000E+00
 7.00000E+00 0.00000E+00 0.00000E+00
 7.20000E+00 0.00000E+00 0.00000E+00
 7.40000E+00 0.00000E+00 0.00000E+00
 7.60000E+00 0.00000E+00 0.00000E+00
 7.80000E+00 0.00000E+00 0.00000E+00
 8.00000E+00 0.00000E+00 0.00000E+00
 8.50000E+00 0.00000E+00 0.00000E+00
 9.00000E+00 0.00000E+00 0.00000E+00
 9.50000E+00 3.24072E-31 4.23885E-34
 1.00000E+01 1.42943E-07 1.78171E-10
 1.05000E+01 3.45849E-05 4.13302E-08
 1.10000E+01 9.67419E-04 1.11496E-06
 1.15000E+01 9.55083E-03 1.06715E-05
 1.20000E+01 4.81925E-02 5.24308E-05
 1.25000E+01 1.77168E-01 1.88326E-04
 1.30000E+01 4.15457E-01 4.32656E-04
 1.35000E+01 9.05024E-01 9.25360E-04
 1.40000E+01 1.71143E+00 1.72128E-03
 1.45000E+01 2.71157E+00 2.68710E-03
 1.50000E+01 3.91316E+00 3.82695E-03
 1.60000E+01 6.71914E+00 6.42801E-03
 1.70000E+01 9.88169E+00 9.29520E-03
 1.80000E+01 1.32313E+01 1.22857E-02
 1.90000E+01 1.66489E+01 1.53004E-02
 2.00000E+01 2.00772E+01 1.82891E-02
 2.10000E+01 2.34834E+01 2.12212E-02
 2.20000E+01 2.72127E+01 2.44089E-02
 2.30000E+01 3.05844E+01 2.72516E-02
 2.40000E+01 3.38488E+01 2.99985E-02
 2.50000E+01 3.70216E+01 3.26885E-02
 2.60000E+01 3.73855E+01 3.29463E-02
 2.70000E+01 4.04344E+01 3.56244E-02
 2.80000E+01 4.33468E+01 3.82338E-02
 2.90000E+01 4.62398E+01 4.08721E-02
 3.00000E+01 5.09960E+01 4.52008E-02
 3.20000E+01 5.52870E+01 4.93238E-02
 3.40000E+01 5.91252E+01 5.31296E-02
 3.60000E+01 6.26066E+01 5.67058E-02
 3.80000E+01 6.57917E+01 6.01200E-02
 4.00000E+01 6.86862E+01 6.33771E-02
 4.20000E+01 7.12823E+01 6.64556E-02
 4.40000E+01 7.36240E+01 6.93761E-02
 4.60000E+01 7.57057E+01 7.21157E-02
 4.80000E+01 7.75712E+01 7.47019E-02
 5.00000E+01 7.89501E+01 7.68610E-02
 5.20000E+01 8.02187E+01 7.89445E-02
 5.40000E+01 8.16409E+01 8.12104E-02
 5.60000E+01 8.29353E+01 8.33764E-02
 5.80000E+01 8.24716E+01 8.37801E-02
 6.00000E+01 8.37574E+01 8.59633E-02
