# p +  65Cu Elastic cross sections
# 
# 
# # energies =   103
#    E      Cross section
 1.00000E-11 0.00000E+00
 2.53000E-08 0.00000E+00
 2.00000E-07 0.00000E+00
 1.00000E-06 0.00000E+00
 1.00000E-05 0.00000E+00
 1.00000E-04 0.00000E+00
 1.00000E-03 0.00000E+00
 2.00000E-03 0.00000E+00
 4.00000E-03 0.00000E+00
 7.00000E-03 0.00000E+00
 1.00000E-02 0.00000E+00
 2.00000E-02 0.00000E+00
 4.00000E-02 0.00000E+00
 7.00000E-02 0.00000E+00
 1.00000E-01 0.00000E+00
 2.00000E-01 0.00000E+00
 3.00000E-01 0.00000E+00
 4.00000E-01 0.00000E+00
 5.00000E-01 0.00000E+00
 6.00000E-01 0.00000E+00
 7.00000E-01 0.00000E+00
 8.00000E-01 1.11309E-09
 9.00000E-01 2.84028E-08
 1.00000E+00 4.65572E-07
 1.20000E+00 4.65351E-05
 1.40000E+00 1.43766E-03
 1.60000E+00 1.88374E-02
 1.80000E+00 1.25048E-01
 2.00000E+00 5.14459E-01
 2.20000E+00 8.03824E-01
 2.40000E+00 2.83616E-01
 2.60000E+00 4.48439E-01
 2.80000E+00 8.59247E-01
 3.00000E+00 1.52805E+00
 3.20000E+00 2.24435E+00
 3.40000E+00 3.18182E+00
 3.60000E+00 4.26936E+00
 3.80000E+00 5.36082E+00
 4.00000E+00 6.36338E+00
 4.20000E+00 7.20586E+00
 4.40000E+00 7.85298E+00
 4.60000E+00 8.29095E+00
 4.80000E+00 8.53125E+00
 5.00000E+00 8.59069E+00
 5.20000E+00 8.48901E+00
 5.40000E+00 8.24883E+00
 5.60000E+00 7.89607E+00
 5.80000E+00 7.45220E+00
 6.00000E+00 6.94523E+00
 6.20000E+00 6.39961E+00
 6.40000E+00 5.83836E+00
 6.60000E+00 5.28285E+00
 6.80000E+00 4.74484E+00
 7.00000E+00 4.23639E+00
 7.20000E+00 3.76658E+00
 7.40000E+00 3.33549E+00
 7.60000E+00 2.01641E+00
 7.80000E+00 1.78188E+00
 8.00000E+00 1.57137E+00
 8.50000E+00 1.14087E+00
 9.00000E+00 8.21033E-01
 9.50000E+00 5.84459E-01
 1.00000E+01 4.10714E-01
 1.05000E+01 2.84563E-01
 1.10000E+01 1.94476E-01
 1.15000E+01 1.31302E-01
 1.20000E+01 8.77969E-02
 1.25000E+01 5.82940E-02
 1.30000E+01 3.85724E-02
 1.35000E+01 2.55225E-02
 1.40000E+01 1.69156E-02
 1.45000E+01 1.12398E-02
 1.50000E+01 7.49580E-03
 1.60000E+01 3.37477E-03
 1.70000E+01 1.54606E-03
 1.80000E+01 7.20577E-04
 1.90000E+01 3.41714E-04
 2.00000E+01 1.64903E-04
 2.10000E+01 8.10071E-05
 2.20000E+01 4.04358E-05
 2.30000E+01 2.05111E-05
 2.40000E+01 1.05482E-05
 2.50000E+01 5.50763E-06
 2.60000E+01 2.93512E-06
 2.70000E+01 1.59577E-06
 2.80000E+01 8.96651E-07
 2.90000E+01 5.27662E-07
 3.00000E+01 3.32161E-07
 3.20000E+01 1.70304E-07
 3.40000E+01 1.22023E-07
 3.60000E+01 1.07102E-07
 3.80000E+01 1.02350E-07
 4.00000E+01 1.00796E-07
 4.20000E+01 1.00276E-07
 4.40000E+01 1.00098E-07
 4.60000E+01 1.00035E-07
 4.80000E+01 1.00013E-07
 5.00000E+01 1.00005E-07
 5.20000E+01 1.00002E-07
 5.40000E+01 1.00001E-07
 5.60000E+01 1.00000E-07
 5.80000E+01 1.00000E-07
 6.00000E+01 1.00000E-07
