# p +  63Cu Elastic cross sections
# 
# 
# # energies =   103
#    E      Cross section
 1.00000E-11 0.00000E+00
 2.53000E-08 0.00000E+00
 2.00000E-07 0.00000E+00
 1.00000E-06 0.00000E+00
 1.00000E-05 0.00000E+00
 1.00000E-04 0.00000E+00
 1.00000E-03 0.00000E+00
 2.00000E-03 0.00000E+00
 4.00000E-03 0.00000E+00
 7.00000E-03 0.00000E+00
 1.00000E-02 0.00000E+00
 2.00000E-02 0.00000E+00
 4.00000E-02 0.00000E+00
 7.00000E-02 0.00000E+00
 1.00000E-01 0.00000E+00
 2.00000E-01 0.00000E+00
 3.00000E-01 0.00000E+00
 4.00000E-01 0.00000E+00
 5.00000E-01 0.00000E+00
 6.00000E-01 0.00000E+00
 7.00000E-01 0.00000E+00
 8.00000E-01 1.68846E-09
 9.00000E-01 4.04445E-08
 1.00000E+00 6.74465E-07
 1.20000E+00 6.71331E-05
 1.40000E+00 1.97095E-03
 1.60000E+00 2.26880E-02
 1.80000E+00 1.32237E-01
 2.00000E+00 4.91495E-01
 2.20000E+00 1.38573E+00
 2.40000E+00 3.20832E+00
 2.60000E+00 6.47124E+00
 2.80000E+00 1.17525E+01
 3.00000E+00 1.95072E+01
 3.20000E+00 3.01612E+01
 3.40000E+00 4.36116E+01
 3.60000E+00 5.93740E+01
 3.80000E+00 7.63551E+01
 4.00000E+00 9.29786E+01
 4.20000E+00 1.07734E+02
 4.40000E+00 1.00211E+02
 4.60000E+00 8.80808E+01
 4.80000E+00 8.44213E+01
 5.00000E+00 7.22390E+01
 5.20000E+00 6.65770E+01
 5.40000E+00 5.83745E+01
 5.60000E+00 5.14272E+01
 5.80000E+00 4.56860E+01
 6.00000E+00 4.05507E+01
 6.20000E+00 2.44643E+01
 6.40000E+00 2.16606E+01
 6.60000E+00 1.91280E+01
 6.80000E+00 1.68618E+01
 7.00000E+00 1.48349E+01
 7.20000E+00 1.30282E+01
 7.40000E+00 1.14273E+01
 7.60000E+00 1.00121E+01
 7.80000E+00 8.77672E+00
 8.00000E+00 7.68643E+00
 8.50000E+00 5.53752E+00
 9.00000E+00 4.01004E+00
 9.50000E+00 2.91502E+00
 1.00000E+01 2.12076E+00
 1.05000E+01 1.53693E+00
 1.10000E+01 1.10709E+00
 1.15000E+01 7.91439E-01
 1.20000E+01 5.61686E-01
 1.25000E+01 3.95774E-01
 1.30000E+01 2.77266E-01
 1.35000E+01 1.93165E-01
 1.40000E+01 1.34009E-01
 1.45000E+01 9.26146E-02
 1.50000E+01 6.38207E-02
 1.60000E+01 3.01589E-02
 1.70000E+01 1.41826E-02
 1.80000E+01 6.67902E-03
 1.90000E+01 3.16646E-03
 2.00000E+01 1.51763E-03
 2.10000E+01 7.37840E-04
 2.20000E+01 3.63459E-04
 2.30000E+01 1.82001E-04
 2.40000E+01 9.23652E-05
 2.50000E+01 4.74308E-05
 2.60000E+01 2.47228E-05
 2.70000E+01 1.29677E-05
 2.80000E+01 6.88174E-06
 2.90000E+01 3.70269E-06
 3.00000E+01 2.02406E-06
 3.20000E+01 6.68291E-07
 3.40000E+01 2.73740E-07
 3.60000E+01 1.54805E-07
 3.80000E+01 1.17771E-07
 4.00000E+01 1.05903E-07
 4.20000E+01 1.02009E-07
 4.40000E+01 1.00697E-07
 4.60000E+01 1.00247E-07
 4.80000E+01 1.00089E-07
 5.00000E+01 1.00032E-07
 5.20000E+01 1.00012E-07
 5.40000E+01 1.00004E-07
 5.60000E+01 1.00002E-07
 5.80000E+01 1.00001E-07
 6.00000E+01 1.00000E-07
