# p +  65Cu Total gamma    production
# Q-value    = 8.92452E+00
# 
# # energies =   103
#    E         xs         Yield
 1.00000E-11 0.00000E+00 0.00000E+00
 2.53000E-08 0.00000E+00 0.00000E+00
 2.00000E-07 0.00000E+00 0.00000E+00
 1.00000E-06 0.00000E+00 0.00000E+00
 1.00000E-05 0.00000E+00 0.00000E+00
 1.00000E-04 0.00000E+00 0.00000E+00
 1.00000E-03 0.00000E+00 0.00000E+00
 2.00000E-03 0.00000E+00 0.00000E+00
 4.00000E-03 0.00000E+00 0.00000E+00
 7.00000E-03 0.00000E+00 0.00000E+00
 1.00000E-02 0.00000E+00 0.00000E+00
 2.00000E-02 0.00000E+00 0.00000E+00
 4.00000E-02 0.00000E+00 0.00000E+00
 7.00000E-02 0.00000E+00 0.00000E+00
 1.00000E-01 0.00000E+00 0.00000E+00
 2.00000E-01 0.00000E+00 0.00000E+00
 3.00000E-01 0.00000E+00 0.00000E+00
 4.00000E-01 0.00000E+00 0.00000E+00
 5.00000E-01 0.00000E+00 0.00000E+00
 6.00000E-01 0.00000E+00 0.00000E+00
 7.00000E-01 0.00000E+00 0.00000E+00
 8.00000E-01 2.41516E-05 9.87928E-01
 9.00000E-01 1.33260E-04 9.73627E-01
 1.00000E+00 5.67254E-04 9.71572E-01
 1.20000E+00 1.15311E-02 1.94771E+00
 1.40000E+00 6.61393E-02 1.92591E+00
 1.60000E+00 2.49652E-01 1.90674E+00
 1.80000E+00 6.69610E-01 1.85987E+00
 2.00000E+00 1.39810E+00 1.78500E+00
 2.20000E+00 1.27501E+00 5.81963E-01
 2.40000E+00 3.78106E-01 6.45490E-02
 2.60000E+00 3.31472E-01 3.01962E-02
 2.80000E+00 4.02339E-01 2.15016E-02
 3.00000E+00 5.12956E-01 1.72895E-02
 3.20000E+00 5.15420E-01 1.16043E-02
 3.40000E+00 2.51778E+00 4.01098E-02
 3.60000E+00 8.87625E+00 1.05126E-01
 3.80000E+00 1.99053E+01 1.82728E-01
 4.00000E+00 3.62006E+01 2.66788E-01
 4.20000E+00 5.79344E+01 3.52895E-01
 4.40000E+00 8.48951E+01 4.37780E-01
 4.60000E+00 1.16552E+02 5.19008E-01
 4.80000E+00 1.52268E+02 5.95392E-01
 5.00000E+00 1.91238E+02 6.66132E-01
 5.20000E+00 2.32684E+02 7.31147E-01
 5.40000E+00 2.75806E+02 7.90514E-01
 5.60000E+00 3.20024E+02 8.44919E-01
 5.80000E+00 3.64861E+02 8.95009E-01
 6.00000E+00 4.10051E+02 9.41597E-01
 6.20000E+00 4.55545E+02 9.85575E-01
 6.40000E+00 5.01382E+02 1.02765E+00
 6.60000E+00 5.47861E+02 1.06874E+00
 6.80000E+00 5.95044E+02 1.10904E+00
 7.00000E+00 6.43175E+02 1.14898E+00
 7.20000E+00 6.92641E+02 1.18916E+00
 7.40000E+00 7.42955E+02 1.22862E+00
 7.60000E+00 7.95791E+02 1.26814E+00
 7.80000E+00 8.48036E+02 1.30671E+00
 8.00000E+00 9.01330E+02 1.34493E+00
 8.50000E+00 1.03665E+03 1.43635E+00
 9.00000E+00 1.17274E+03 1.52203E+00
 9.50000E+00 1.30646E+03 1.60226E+00
 1.00000E+01 1.43545E+03 1.67796E+00
 1.05000E+01 1.54356E+03 1.73337E+00
 1.10000E+01 1.58503E+03 1.72150E+00
 1.15000E+01 1.56587E+03 1.65382E+00
 1.20000E+01 1.48822E+03 1.53497E+00
 1.25000E+01 1.38228E+03 1.39679E+00
 1.30000E+01 1.27200E+03 1.26242E+00
 1.35000E+01 1.15901E+03 1.13196E+00
 1.40000E+01 1.07484E+03 1.03469E+00
 1.45000E+01 1.03432E+03 9.82750E-01
 1.50000E+01 1.03393E+03 9.70810E-01
 1.60000E+01 1.12269E+03 1.03276E+00
 1.70000E+01 1.26860E+03 1.14745E+00
 1.80000E+01 1.44458E+03 1.28831E+00
 1.90000E+01 1.62880E+03 1.43497E+00
 2.00000E+01 1.81198E+03 1.57906E+00
 2.10000E+01 1.97634E+03 1.70554E+00
 2.20000E+01 2.10295E+03 1.79961E+00
 2.30000E+01 2.15481E+03 1.83178E+00
 2.40000E+01 2.13794E+03 1.80901E+00
 2.50000E+01 2.07257E+03 1.74903E+00
 2.60000E+01 1.99243E+03 1.67977E+00
 2.70000E+01 1.92653E+03 1.62471E+00
 2.80000E+01 1.87676E+03 1.58458E+00
 2.90000E+01 1.85361E+03 1.56768E+00
 3.00000E+01 1.85897E+03 1.57541E+00
 3.20000E+01 1.92904E+03 1.64264E+00
 3.40000E+01 2.00459E+03 1.71714E+00
 3.60000E+01 2.02757E+03 1.74961E+00
 3.80000E+01 2.00323E+03 1.74359E+00
 4.00000E+01 1.92301E+03 1.68986E+00
 4.20000E+01 1.86679E+03 1.65717E+00
 4.40000E+01 1.82818E+03 1.63996E+00
 4.60000E+01 1.79004E+03 1.62296E+00
 4.80000E+01 1.76595E+03 1.61847E+00
 5.00000E+01 1.73584E+03 1.60826E+00
 5.20000E+01 1.67201E+03 1.56610E+00
 5.40000E+01 1.62732E+03 1.54090E+00
 5.60000E+01 1.59766E+03 1.52924E+00
 5.80000E+01 1.56727E+03 1.51628E+00
 6.00000E+01 1.50031E+03 1.46688E+00
