# p +  63Cu Total gamma    production
# Q-value    = 7.71312E+00
# 
# # energies =   103
#    E         xs         Yield
 1.00000E-11 0.00000E+00 0.00000E+00
 2.53000E-08 0.00000E+00 0.00000E+00
 2.00000E-07 0.00000E+00 0.00000E+00
 1.00000E-06 0.00000E+00 0.00000E+00
 1.00000E-05 0.00000E+00 0.00000E+00
 1.00000E-04 0.00000E+00 0.00000E+00
 1.00000E-03 0.00000E+00 0.00000E+00
 2.00000E-03 0.00000E+00 0.00000E+00
 4.00000E-03 0.00000E+00 0.00000E+00
 7.00000E-03 0.00000E+00 0.00000E+00
 1.00000E-02 0.00000E+00 0.00000E+00
 2.00000E-02 0.00000E+00 0.00000E+00
 4.00000E-02 0.00000E+00 0.00000E+00
 7.00000E-02 0.00000E+00 0.00000E+00
 1.00000E-01 0.00000E+00 0.00000E+00
 2.00000E-01 0.00000E+00 0.00000E+00
 3.00000E-01 0.00000E+00 0.00000E+00
 4.00000E-01 0.00000E+00 0.00000E+00
 5.00000E-01 0.00000E+00 0.00000E+00
 6.00000E-01 0.00000E+00 0.00000E+00
 7.00000E-01 0.00000E+00 0.00000E+00
 8.00000E-01 1.58040E-05 9.96317E-01
 9.00000E-01 8.79270E-05 9.91536E-01
 1.00000E+00 3.73690E-04 9.89412E-01
 1.20000E+00 8.00413E-03 2.10859E+00
 1.40000E+00 4.47625E-02 2.10744E+00
 1.60000E+00 1.57225E-01 2.09892E+00
 1.80000E+00 3.87281E-01 2.08001E+00
 2.00000E+00 7.36191E-01 1.99232E+00
 2.20000E+00 1.19362E+00 1.89357E+00
 2.40000E+00 1.71427E+00 1.70454E+00
 2.60000E+00 2.27823E+00 1.45871E+00
 2.80000E+00 2.86349E+00 1.17993E+00
 3.00000E+00 3.42677E+00 8.74605E-01
 3.20000E+00 3.97651E+00 6.27737E-01
 3.40000E+00 4.47053E+00 4.34124E-01
 3.60000E+00 4.92623E+00 2.99618E-01
 3.80000E+00 5.31915E+00 2.08130E-01
 4.00000E+00 5.64368E+00 1.46550E-01
 4.20000E+00 5.90838E+00 1.05726E-01
 4.40000E+00 5.30285E+00 5.45816E-02
 4.60000E+00 4.49760E+00 3.12659E-02
 4.80000E+00 4.45874E+00 2.44629E-02
 5.00000E+00 4.57376E+00 1.99828E-02
 5.20000E+00 5.43898E+00 2.02778E-02
 5.40000E+00 6.92122E+00 2.24029E-02
 5.60000E+00 1.15642E+01 3.33357E-02
 5.80000E+00 2.67743E+01 7.01124E-02
 6.00000E+00 4.86588E+01 1.17447E-01
 6.20000E+00 7.75779E+01 1.70242E-01
 6.40000E+00 1.09606E+02 2.27459E-01
 6.60000E+00 1.44748E+02 2.86050E-01
 6.80000E+00 1.82204E+02 3.44832E-01
 7.00000E+00 2.21349E+02 4.03004E-01
 7.20000E+00 2.61456E+02 4.59575E-01
 7.40000E+00 3.02626E+02 5.14983E-01
 7.60000E+00 3.44440E+02 5.68665E-01
 7.80000E+00 3.86661E+02 6.20372E-01
 8.00000E+00 4.29768E+02 6.70953E-01
 8.50000E+00 5.39898E+02 7.90613E-01
 9.00000E+00 6.53541E+02 9.02185E-01
 9.50000E+00 7.70538E+02 1.00786E+00
 1.00000E+01 8.88562E+02 1.10755E+00
 1.05000E+01 1.00501E+03 1.20103E+00
 1.10000E+01 1.11648E+03 1.28676E+00
 1.15000E+01 1.22028E+03 1.36347E+00
 1.20000E+01 1.31354E+03 1.42906E+00
 1.25000E+01 1.39259E+03 1.48030E+00
 1.30000E+01 1.44737E+03 1.50729E+00
 1.35000E+01 1.45360E+03 1.48626E+00
 1.40000E+01 1.40852E+03 1.41663E+00
 1.45000E+01 1.33601E+03 1.32395E+00
 1.50000E+01 1.25790E+03 1.23019E+00
 1.60000E+01 1.14438E+03 1.09480E+00
 1.70000E+01 1.11650E+03 1.05023E+00
 1.80000E+01 1.17120E+03 1.08750E+00
 1.90000E+01 1.28100E+03 1.17724E+00
 2.00000E+01 1.42004E+03 1.29357E+00
 2.10000E+01 1.56762E+03 1.41661E+00
 2.20000E+01 1.71368E+03 1.53711E+00
 2.30000E+01 1.84760E+03 1.64627E+00
 2.40000E+01 1.93636E+03 1.71610E+00
 2.50000E+01 1.96465E+03 1.73470E+00
 2.60000E+01 1.92818E+03 1.69923E+00
 2.70000E+01 1.84539E+03 1.62586E+00
 2.80000E+01 1.76618E+03 1.55785E+00
 2.90000E+01 1.69136E+03 1.49502E+00
 3.00000E+01 1.63533E+03 1.44949E+00
 3.20000E+01 1.61367E+03 1.43962E+00
 3.40000E+01 1.62840E+03 1.46327E+00
 3.60000E+01 1.64681E+03 1.49160E+00
 3.80000E+01 1.62642E+03 1.48621E+00
 4.00000E+01 1.58170E+03 1.45944E+00
 4.20000E+01 1.53055E+03 1.42691E+00
 4.40000E+01 1.47980E+03 1.39442E+00
 4.60000E+01 1.45676E+03 1.38768E+00
 4.80000E+01 1.42934E+03 1.37647E+00
 5.00000E+01 1.41245E+03 1.37508E+00
 5.20000E+01 1.39380E+03 1.37166E+00
 5.40000E+01 1.35883E+03 1.35166E+00
 5.60000E+01 1.33489E+03 1.34199E+00
 5.80000E+01 1.30309E+03 1.32376E+00
 6.00000E+01 1.27019E+03 1.30365E+00
