# p +  65Cu Total helium-3 production
# Q-value    =-9.39302E+00
# 
# # energies =   103
#    E         xs         Yield
 1.00000E-11 0.00000E+00 0.00000E+00
 2.53000E-08 0.00000E+00 0.00000E+00
 2.00000E-07 0.00000E+00 0.00000E+00
 1.00000E-06 0.00000E+00 0.00000E+00
 1.00000E-05 0.00000E+00 0.00000E+00
 1.00000E-04 0.00000E+00 0.00000E+00
 1.00000E-03 0.00000E+00 0.00000E+00
 2.00000E-03 0.00000E+00 0.00000E+00
 4.00000E-03 0.00000E+00 0.00000E+00
 7.00000E-03 0.00000E+00 0.00000E+00
 1.00000E-02 0.00000E+00 0.00000E+00
 2.00000E-02 0.00000E+00 0.00000E+00
 4.00000E-02 0.00000E+00 0.00000E+00
 7.00000E-02 0.00000E+00 0.00000E+00
 1.00000E-01 0.00000E+00 0.00000E+00
 2.00000E-01 0.00000E+00 0.00000E+00
 3.00000E-01 0.00000E+00 0.00000E+00
 4.00000E-01 0.00000E+00 0.00000E+00
 5.00000E-01 0.00000E+00 0.00000E+00
 6.00000E-01 0.00000E+00 0.00000E+00
 7.00000E-01 0.00000E+00 0.00000E+00
 8.00000E-01 0.00000E+00 0.00000E+00
 9.00000E-01 0.00000E+00 0.00000E+00
 1.00000E+00 0.00000E+00 0.00000E+00
 1.20000E+00 0.00000E+00 0.00000E+00
 1.40000E+00 0.00000E+00 0.00000E+00
 1.60000E+00 0.00000E+00 0.00000E+00
 1.80000E+00 0.00000E+00 0.00000E+00
 2.00000E+00 0.00000E+00 0.00000E+00
 2.20000E+00 0.00000E+00 0.00000E+00
 2.40000E+00 0.00000E+00 0.00000E+00
 2.60000E+00 0.00000E+00 0.00000E+00
 2.80000E+00 0.00000E+00 0.00000E+00
 3.00000E+00 0.00000E+00 0.00000E+00
 3.20000E+00 0.00000E+00 0.00000E+00
 3.40000E+00 0.00000E+00 0.00000E+00
 3.60000E+00 0.00000E+00 0.00000E+00
 3.80000E+00 0.00000E+00 0.00000E+00
 4.00000E+00 0.00000E+00 0.00000E+00
 4.20000E+00 0.00000E+00 0.00000E+00
 4.40000E+00 0.00000E+00 0.00000E+00
 4.60000E+00 0.00000E+00 0.00000E+00
 4.80000E+00 0.00000E+00 0.00000E+00
 5.00000E+00 0.00000E+00 0.00000E+00
 5.20000E+00 0.00000E+00 0.00000E+00
 5.40000E+00 0.00000E+00 0.00000E+00
 5.60000E+00 0.00000E+00 0.00000E+00
 5.80000E+00 0.00000E+00 0.00000E+00
 6.00000E+00 0.00000E+00 0.00000E+00
 6.20000E+00 0.00000E+00 0.00000E+00
 6.40000E+00 0.00000E+00 0.00000E+00
 6.60000E+00 0.00000E+00 0.00000E+00
 6.80000E+00 0.00000E+00 0.00000E+00
 7.00000E+00 0.00000E+00 0.00000E+00
 7.20000E+00 0.00000E+00 0.00000E+00
 7.40000E+00 0.00000E+00 0.00000E+00
 7.60000E+00 0.00000E+00 0.00000E+00
 7.80000E+00 0.00000E+00 0.00000E+00
 8.00000E+00 0.00000E+00 0.00000E+00
 8.50000E+00 0.00000E+00 0.00000E+00
 9.00000E+00 0.00000E+00 0.00000E+00
 9.50000E+00 0.00000E+00 0.00000E+00
 1.00000E+01 0.00000E+00 0.00000E+00
 1.05000E+01 2.75885E-30 3.09810E-33
 1.10000E+01 1.81215E-22 1.96816E-25
 1.15000E+01 1.22605E-17 1.29491E-20
 1.20000E+01 8.53311E-15 8.80115E-18
 1.25000E+01 1.28360E-12 1.29707E-15
 1.30000E+01 1.65133E-09 1.63888E-12
 1.35000E+01 3.17653E-08 3.10237E-11
 1.40000E+01 3.00689E-07 2.89457E-10
 1.45000E+01 1.61646E-06 1.53586E-09
 1.50000E+01 6.33867E-06 5.95168E-09
 1.60000E+01 5.68657E-05 5.23107E-08
 1.70000E+01 3.35321E-04 3.03299E-07
 1.80000E+01 1.55757E-03 1.38907E-06
 1.90000E+01 8.43326E-03 7.42973E-06
 2.00000E+01 3.89058E-02 3.39045E-05
 2.10000E+01 1.35160E-01 1.16640E-04
 2.20000E+01 3.47769E-01 2.97605E-04
 2.30000E+01 7.03889E-01 5.98367E-04
 2.40000E+01 1.20463E+00 1.01929E-03
 2.50000E+01 1.83434E+00 1.54799E-03
 2.60000E+01 2.57150E+00 2.16798E-03
 2.70000E+01 3.39299E+00 2.86142E-03
 2.80000E+01 4.27683E+00 3.61100E-03
 2.90000E+01 5.20328E+00 4.40064E-03
 3.00000E+01 6.15587E+00 5.21688E-03
 3.20000E+01 8.15030E+00 6.94027E-03
 3.40000E+01 1.00341E+01 8.59530E-03
 3.60000E+01 1.18551E+01 1.02299E-02
 3.80000E+01 1.35007E+01 1.17509E-02
 4.00000E+01 1.51198E+01 1.32866E-02
 4.20000E+01 1.66345E+01 1.47667E-02
 4.40000E+01 1.79466E+01 1.60989E-02
 4.60000E+01 1.92251E+01 1.74306E-02
 4.80000E+01 2.03462E+01 1.86471E-02
 5.00000E+01 2.13142E+01 1.97476E-02
 5.20000E+01 2.21472E+01 2.07442E-02
 5.40000E+01 2.28300E+01 2.16175E-02
 5.60000E+01 2.34572E+01 2.24527E-02
 5.80000E+01 2.40225E+01 2.32409E-02
 6.00000E+01 2.45323E+01 2.39857E-02
