# p +  63Cu Total helium-3 production
# Q-value    =-9.00007E+00
# 
# # energies =   103
#    E         xs         Yield
 1.00000E-11 0.00000E+00 0.00000E+00
 2.53000E-08 0.00000E+00 0.00000E+00
 2.00000E-07 0.00000E+00 0.00000E+00
 1.00000E-06 0.00000E+00 0.00000E+00
 1.00000E-05 0.00000E+00 0.00000E+00
 1.00000E-04 0.00000E+00 0.00000E+00
 1.00000E-03 0.00000E+00 0.00000E+00
 2.00000E-03 0.00000E+00 0.00000E+00
 4.00000E-03 0.00000E+00 0.00000E+00
 7.00000E-03 0.00000E+00 0.00000E+00
 1.00000E-02 0.00000E+00 0.00000E+00
 2.00000E-02 0.00000E+00 0.00000E+00
 4.00000E-02 0.00000E+00 0.00000E+00
 7.00000E-02 0.00000E+00 0.00000E+00
 1.00000E-01 0.00000E+00 0.00000E+00
 2.00000E-01 0.00000E+00 0.00000E+00
 3.00000E-01 0.00000E+00 0.00000E+00
 4.00000E-01 0.00000E+00 0.00000E+00
 5.00000E-01 0.00000E+00 0.00000E+00
 6.00000E-01 0.00000E+00 0.00000E+00
 7.00000E-01 0.00000E+00 0.00000E+00
 8.00000E-01 0.00000E+00 0.00000E+00
 9.00000E-01 0.00000E+00 0.00000E+00
 1.00000E+00 0.00000E+00 0.00000E+00
 1.20000E+00 0.00000E+00 0.00000E+00
 1.40000E+00 0.00000E+00 0.00000E+00
 1.60000E+00 0.00000E+00 0.00000E+00
 1.80000E+00 0.00000E+00 0.00000E+00
 2.00000E+00 0.00000E+00 0.00000E+00
 2.20000E+00 0.00000E+00 0.00000E+00
 2.40000E+00 0.00000E+00 0.00000E+00
 2.60000E+00 0.00000E+00 0.00000E+00
 2.80000E+00 0.00000E+00 0.00000E+00
 3.00000E+00 0.00000E+00 0.00000E+00
 3.20000E+00 0.00000E+00 0.00000E+00
 3.40000E+00 0.00000E+00 0.00000E+00
 3.60000E+00 0.00000E+00 0.00000E+00
 3.80000E+00 0.00000E+00 0.00000E+00
 4.00000E+00 0.00000E+00 0.00000E+00
 4.20000E+00 0.00000E+00 0.00000E+00
 4.40000E+00 0.00000E+00 0.00000E+00
 4.60000E+00 0.00000E+00 0.00000E+00
 4.80000E+00 0.00000E+00 0.00000E+00
 5.00000E+00 0.00000E+00 0.00000E+00
 5.20000E+00 0.00000E+00 0.00000E+00
 5.40000E+00 0.00000E+00 0.00000E+00
 5.60000E+00 0.00000E+00 0.00000E+00
 5.80000E+00 0.00000E+00 0.00000E+00
 6.00000E+00 0.00000E+00 0.00000E+00
 6.20000E+00 0.00000E+00 0.00000E+00
 6.40000E+00 0.00000E+00 0.00000E+00
 6.60000E+00 0.00000E+00 0.00000E+00
 6.80000E+00 0.00000E+00 0.00000E+00
 7.00000E+00 0.00000E+00 0.00000E+00
 7.20000E+00 0.00000E+00 0.00000E+00
 7.40000E+00 0.00000E+00 0.00000E+00
 7.60000E+00 0.00000E+00 0.00000E+00
 7.80000E+00 0.00000E+00 0.00000E+00
 8.00000E+00 0.00000E+00 0.00000E+00
 8.50000E+00 0.00000E+00 0.00000E+00
 9.00000E+00 0.00000E+00 0.00000E+00
 9.50000E+00 0.00000E+00 0.00000E+00
 1.00000E+01 1.85052E-32 2.30658E-35
 1.05000E+01 1.15064E-23 1.37505E-26
 1.10000E+01 2.21979E-18 2.55833E-21
 1.15000E+01 3.60270E-15 4.02542E-18
 1.20000E+01 1.26275E-12 1.37380E-15
 1.25000E+01 6.78112E-09 7.20820E-12
 1.30000E+01 1.91110E-07 1.99021E-10
 1.35000E+01 2.09289E-06 2.13992E-09
 1.40000E+01 1.16706E-05 1.17377E-08
 1.45000E+01 4.57390E-05 4.53262E-08
 1.50000E+01 1.42716E-04 1.39572E-07
 1.60000E+01 8.37274E-04 8.00997E-07
 1.70000E+01 3.12525E-03 2.93976E-06
 1.80000E+01 9.60962E-03 8.92289E-06
 1.90000E+01 3.09329E-02 2.84274E-05
 2.00000E+01 1.01228E-01 9.22122E-05
 2.10000E+01 2.79840E-01 2.52883E-04
 2.20000E+01 6.19411E-01 5.55591E-04
 2.30000E+01 1.13807E+00 1.01405E-03
 2.40000E+01 1.82769E+00 1.61979E-03
 2.50000E+01 2.66583E+00 2.35381E-03
 2.60000E+01 3.62502E+00 3.19458E-03
 2.70000E+01 4.67700E+00 4.12063E-03
 2.80000E+01 5.71110E+00 5.03744E-03
 2.90000E+01 6.87462E+00 6.07659E-03
 3.00000E+01 8.06268E+00 7.14644E-03
 3.20000E+01 1.03663E+01 9.24823E-03
 3.40000E+01 1.26744E+01 1.13892E-02
 3.60000E+01 1.49138E+01 1.35081E-02
 3.80000E+01 1.70207E+01 1.55534E-02
 4.00000E+01 1.89888E+01 1.75210E-02
 4.20000E+01 2.08221E+01 1.94122E-02
 4.40000E+01 2.25105E+01 2.12117E-02
 4.60000E+01 2.40188E+01 2.28799E-02
 4.80000E+01 2.53292E+01 2.43923E-02
 5.00000E+01 2.64513E+01 2.57514E-02
 5.20000E+01 2.75660E+01 2.71282E-02
 5.40000E+01 2.83535E+01 2.82040E-02
 5.60000E+01 2.90374E+01 2.91918E-02
 5.80000E+01 2.96478E+01 3.01182E-02
 6.00000E+01 3.00937E+01 3.08862E-02
