# p +  63Cu Nonelastic cross sections
# 
# 
# # energies =   103
#    E      Cross section
 1.00000E-11 0.00000E+00
 2.53000E-08 0.00000E+00
 2.00000E-07 0.00000E+00
 1.00000E-06 0.00000E+00
 1.00000E-05 0.00000E+00
 1.00000E-04 0.00000E+00
 1.00000E-03 0.00000E+00
 2.00000E-03 0.00000E+00
 4.00000E-03 0.00000E+00
 7.00000E-03 0.00000E+00
 1.00000E-02 0.00000E+00
 2.00000E-02 0.00000E+00
 4.00000E-02 0.00000E+00
 7.00000E-02 0.00000E+00
 1.00000E-01 0.00000E+00
 2.00000E-01 0.00000E+00
 3.00000E-01 0.00000E+00
 4.00000E-01 0.00000E+00
 5.00000E-01 0.00000E+00
 6.00000E-01 0.00000E+00
 7.00000E-01 0.00000E+00
 8.00000E-01 1.58624E-05
 9.00000E-01 8.86776E-05
 1.00000E+00 3.77690E-04
 1.20000E+00 3.79596E-03
 1.40000E+00 2.12403E-02
 1.60000E+00 7.49074E-02
 1.80000E+00 1.86192E-01
 2.00000E+00 3.69515E-01
 2.20000E+00 6.30353E-01
 2.40000E+00 1.00571E+00
 2.60000E+00 1.56181E+00
 2.80000E+00 2.42683E+00
 3.00000E+00 3.91808E+00
 3.20000E+00 6.33467E+00
 3.40000E+00 1.02978E+01
 3.60000E+00 1.64417E+01
 3.80000E+00 2.55569E+01
 4.00000E+00 3.85104E+01
 4.20000E+00 5.58839E+01
 4.40000E+00 9.71545E+01
 4.60000E+00 1.43850E+02
 4.80000E+00 1.82266E+02
 5.00000E+00 2.28885E+02
 5.20000E+00 2.68223E+02
 5.40000E+00 3.08943E+02
 5.60000E+00 3.46902E+02
 5.80000E+00 3.81877E+02
 6.00000E+00 4.14304E+02
 6.20000E+00 4.55692E+02
 6.40000E+00 4.81873E+02
 6.60000E+00 5.06025E+02
 6.80000E+00 5.28384E+02
 7.00000E+00 5.49247E+02
 7.20000E+00 5.68908E+02
 7.40000E+00 5.87643E+02
 7.60000E+00 6.05699E+02
 7.80000E+00 6.23273E+02
 8.00000E+00 6.40534E+02
 8.50000E+00 6.82884E+02
 9.00000E+00 7.24398E+02
 9.50000E+00 7.64528E+02
 1.00000E+01 8.02279E+02
 1.05000E+01 8.36795E+02
 1.10000E+01 8.67670E+02
 1.15000E+01 8.94987E+02
 1.20000E+01 9.19163E+02
 1.25000E+01 9.40750E+02
 1.30000E+01 9.60249E+02
 1.35000E+01 9.78024E+02
 1.40000E+01 9.94280E+02
 1.45000E+01 1.00911E+03
 1.50000E+01 1.02253E+03
 1.60000E+01 1.04529E+03
 1.70000E+01 1.06310E+03
 1.80000E+01 1.07696E+03
 1.90000E+01 1.08814E+03
 2.00000E+01 1.09777E+03
 2.10000E+01 1.10660E+03
 2.20000E+01 1.11487E+03
 2.30000E+01 1.12230E+03
 2.40000E+01 1.12835E+03
 2.50000E+01 1.13256E+03
 2.60000E+01 1.13474E+03
 2.70000E+01 1.13502E+03
 2.80000E+01 1.13373E+03
 2.90000E+01 1.13133E+03
 3.00000E+01 1.12821E+03
 3.20000E+01 1.12090E+03
 3.40000E+01 1.11285E+03
 3.60000E+01 1.10406E+03
 3.80000E+01 1.09434E+03
 4.00000E+01 1.08377E+03
 4.20000E+01 1.07263E+03
 4.40000E+01 1.06123E+03
 4.60000E+01 1.04978E+03
 4.80000E+01 1.03841E+03
 5.00000E+01 1.02718E+03
 5.20000E+01 1.01614E+03
 5.40000E+01 1.00530E+03
 5.60000E+01 9.94709E+02
 5.80000E+01 9.84382E+02
 6.00000E+01 9.74340E+02
