# p +  65Cu Total neutron  production
# Q-value    =-2.13401E+00
# 
# # energies =   103
#    E         xs         Yield
 1.00000E-11 0.00000E+00 0.00000E+00
 2.53000E-08 0.00000E+00 0.00000E+00
 2.00000E-07 0.00000E+00 0.00000E+00
 1.00000E-06 0.00000E+00 0.00000E+00
 1.00000E-05 0.00000E+00 0.00000E+00
 1.00000E-04 0.00000E+00 0.00000E+00
 1.00000E-03 0.00000E+00 0.00000E+00
 2.00000E-03 0.00000E+00 0.00000E+00
 4.00000E-03 0.00000E+00 0.00000E+00
 7.00000E-03 0.00000E+00 0.00000E+00
 1.00000E-02 0.00000E+00 0.00000E+00
 2.00000E-02 0.00000E+00 0.00000E+00
 4.00000E-02 0.00000E+00 0.00000E+00
 7.00000E-02 0.00000E+00 0.00000E+00
 1.00000E-01 0.00000E+00 0.00000E+00
 2.00000E-01 0.00000E+00 0.00000E+00
 3.00000E-01 0.00000E+00 0.00000E+00
 4.00000E-01 0.00000E+00 0.00000E+00
 5.00000E-01 0.00000E+00 0.00000E+00
 6.00000E-01 0.00000E+00 0.00000E+00
 7.00000E-01 0.00000E+00 0.00000E+00
 8.00000E-01 0.00000E+00 0.00000E+00
 9.00000E-01 0.00000E+00 0.00000E+00
 1.00000E+00 0.00000E+00 0.00000E+00
 1.20000E+00 0.00000E+00 0.00000E+00
 1.40000E+00 0.00000E+00 0.00000E+00
 1.60000E+00 0.00000E+00 0.00000E+00
 1.80000E+00 0.00000E+00 0.00000E+00
 2.00000E+00 0.00000E+00 0.00000E+00
 2.20000E+00 1.35709E+00 6.19425E-01
 2.40000E+00 5.62288E+00 9.59921E-01
 2.60000E+00 1.07399E+01 9.78374E-01
 2.80000E+00 1.83690E+01 9.81669E-01
 3.00000E+00 2.91234E+01 9.81623E-01
 3.20000E+00 4.36780E+01 9.83374E-01
 3.40000E+00 6.17123E+01 9.83113E-01
 3.60000E+00 8.28425E+01 9.81148E-01
 3.80000E+00 1.06597E+02 9.78545E-01
 4.00000E+00 1.32334E+02 9.75259E-01
 4.20000E+00 1.59437E+02 9.71175E-01
 4.40000E+00 1.87463E+02 9.66693E-01
 4.60000E+00 2.15948E+02 9.61617E-01
 4.80000E+00 2.44511E+02 9.56078E-01
 5.00000E+00 2.72820E+02 9.50306E-01
 5.20000E+00 3.00455E+02 9.44095E-01
 5.40000E+00 3.27096E+02 9.37521E-01
 5.60000E+00 3.52540E+02 9.30768E-01
 5.80000E+00 3.76467E+02 9.23480E-01
 6.00000E+00 3.98870E+02 9.15923E-01
 6.20000E+00 4.19709E+02 9.08043E-01
 6.40000E+00 4.39021E+02 8.99830E-01
 6.60000E+00 4.57005E+02 8.91500E-01
 6.80000E+00 4.73715E+02 8.82904E-01
 7.00000E+00 4.89389E+02 8.74257E-01
 7.20000E+00 5.04278E+02 8.65772E-01
 7.40000E+00 5.18198E+02 8.56941E-01
 7.60000E+00 5.32707E+02 8.48903E-01
 7.80000E+00 5.45313E+02 8.40252E-01
 8.00000E+00 5.57882E+02 8.32448E-01
 8.50000E+00 5.87273E+02 8.13709E-01
 9.00000E+00 6.14183E+02 7.97112E-01
 9.50000E+00 6.37957E+02 7.82401E-01
 1.00000E+01 6.57962E+02 7.69121E-01
 1.05000E+01 6.81346E+02 7.65130E-01
 1.10000E+01 7.29312E+02 7.92102E-01
 1.15000E+01 7.96687E+02 8.41433E-01
 1.20000E+01 8.80326E+02 9.07979E-01
 1.25000E+01 9.65711E+02 9.75849E-01
 1.30000E+01 1.04236E+03 1.03450E+00
 1.35000E+01 1.11167E+03 1.08572E+00
 1.40000E+01 1.17174E+03 1.12797E+00
 1.45000E+01 1.22527E+03 1.16418E+00
 1.50000E+01 1.27224E+03 1.19457E+00
 1.60000E+01 1.33961E+03 1.23231E+00
 1.70000E+01 1.37901E+03 1.24732E+00
 1.80000E+01 1.39729E+03 1.24613E+00
 1.90000E+01 1.40400E+03 1.23692E+00
 2.00000E+01 1.40370E+03 1.22326E+00
 2.10000E+01 1.39626E+03 1.20494E+00
 2.20000E+01 1.38942E+03 1.18900E+00
 2.30000E+01 1.38748E+03 1.17948E+00
 2.40000E+01 1.39483E+03 1.18023E+00
 2.50000E+01 1.41523E+03 1.19430E+00
 2.60000E+01 1.44975E+03 1.22225E+00
 2.70000E+01 1.48355E+03 1.25113E+00
 2.80000E+01 1.51724E+03 1.28103E+00
 2.90000E+01 1.54400E+03 1.30583E+00
 3.00000E+01 1.56392E+03 1.32537E+00
 3.20000E+01 1.58633E+03 1.35082E+00
 3.40000E+01 1.59112E+03 1.36296E+00
 3.60000E+01 1.59604E+03 1.37724E+00
 3.80000E+01 1.60748E+03 1.39914E+00
 4.00000E+01 1.63511E+03 1.43687E+00
 4.20000E+01 1.65995E+03 1.47356E+00
 4.40000E+01 1.67947E+03 1.50656E+00
 4.60000E+01 1.69843E+03 1.53990E+00
 4.80000E+01 1.71165E+03 1.56871E+00
 5.00000E+01 1.71524E+03 1.58917E+00
 5.20000E+01 1.73187E+03 1.62216E+00
 5.40000E+01 1.73984E+03 1.64744E+00
 5.60000E+01 1.75301E+03 1.67794E+00
 5.80000E+01 1.75967E+03 1.70242E+00
 6.00000E+01 1.77766E+03 1.73805E+00
