# p +  63Cu Total neutron  production
# Q-value    =-4.14879E+00
# 
# # energies =   103
#    E         xs         Yield
 1.00000E-11 0.00000E+00 0.00000E+00
 2.53000E-08 0.00000E+00 0.00000E+00
 2.00000E-07 0.00000E+00 0.00000E+00
 1.00000E-06 0.00000E+00 0.00000E+00
 1.00000E-05 0.00000E+00 0.00000E+00
 1.00000E-04 0.00000E+00 0.00000E+00
 1.00000E-03 0.00000E+00 0.00000E+00
 2.00000E-03 0.00000E+00 0.00000E+00
 4.00000E-03 0.00000E+00 0.00000E+00
 7.00000E-03 0.00000E+00 0.00000E+00
 1.00000E-02 0.00000E+00 0.00000E+00
 2.00000E-02 0.00000E+00 0.00000E+00
 4.00000E-02 0.00000E+00 0.00000E+00
 7.00000E-02 0.00000E+00 0.00000E+00
 1.00000E-01 0.00000E+00 0.00000E+00
 2.00000E-01 0.00000E+00 0.00000E+00
 3.00000E-01 0.00000E+00 0.00000E+00
 4.00000E-01 0.00000E+00 0.00000E+00
 5.00000E-01 0.00000E+00 0.00000E+00
 6.00000E-01 0.00000E+00 0.00000E+00
 7.00000E-01 0.00000E+00 0.00000E+00
 8.00000E-01 0.00000E+00 0.00000E+00
 9.00000E-01 0.00000E+00 0.00000E+00
 1.00000E+00 0.00000E+00 0.00000E+00
 1.20000E+00 0.00000E+00 0.00000E+00
 1.40000E+00 0.00000E+00 0.00000E+00
 1.60000E+00 0.00000E+00 0.00000E+00
 1.80000E+00 0.00000E+00 0.00000E+00
 2.00000E+00 0.00000E+00 0.00000E+00
 2.20000E+00 0.00000E+00 0.00000E+00
 2.40000E+00 0.00000E+00 0.00000E+00
 2.60000E+00 0.00000E+00 0.00000E+00
 2.80000E+00 0.00000E+00 0.00000E+00
 3.00000E+00 0.00000E+00 0.00000E+00
 3.20000E+00 0.00000E+00 0.00000E+00
 3.40000E+00 0.00000E+00 0.00000E+00
 3.60000E+00 0.00000E+00 0.00000E+00
 3.80000E+00 0.00000E+00 0.00000E+00
 4.00000E+00 0.00000E+00 0.00000E+00
 4.20000E+00 0.00000E+00 0.00000E+00
 4.40000E+00 3.00998E+01 3.09814E-01
 4.60000E+00 7.04960E+01 4.90066E-01
 4.80000E+00 9.23163E+01 5.06493E-01
 5.00000E+00 1.28757E+02 5.62540E-01
 5.20000E+00 1.49697E+02 5.58108E-01
 5.40000E+00 1.75596E+02 5.68375E-01
 5.60000E+00 1.98823E+02 5.73138E-01
 5.80000E+00 2.16415E+02 5.66714E-01
 6.00000E+00 2.30599E+02 5.56593E-01
 6.20000E+00 2.49593E+02 5.47723E-01
 6.40000E+00 2.57381E+02 5.34126E-01
 6.60000E+00 2.63346E+02 5.20421E-01
 6.80000E+00 2.68215E+02 5.07614E-01
 7.00000E+00 2.72348E+02 4.95858E-01
 7.20000E+00 2.76054E+02 4.85236E-01
 7.40000E+00 2.79571E+02 4.75750E-01
 7.60000E+00 2.82816E+02 4.66925E-01
 7.80000E+00 2.86379E+02 4.59475E-01
 8.00000E+00 2.89737E+02 4.52337E-01
 8.50000E+00 2.98871E+02 4.37659E-01
 9.00000E+00 3.08610E+02 4.26023E-01
 9.50000E+00 3.18479E+02 4.16569E-01
 1.00000E+01 3.27487E+02 4.08196E-01
 1.05000E+01 3.35805E+02 4.01300E-01
 1.10000E+01 3.42950E+02 3.95254E-01
 1.15000E+01 3.48866E+02 3.89800E-01
 1.20000E+01 3.53700E+02 3.84806E-01
 1.25000E+01 3.57465E+02 3.79979E-01
 1.30000E+01 3.60611E+02 3.75539E-01
 1.35000E+01 3.63573E+02 3.71742E-01
 1.40000E+01 3.71833E+02 3.73972E-01
 1.45000E+01 3.89520E+02 3.86005E-01
 1.50000E+01 4.19322E+02 4.10084E-01
 1.60000E+01 5.10708E+02 4.88581E-01
 1.70000E+01 6.17181E+02 5.80550E-01
 1.80000E+01 7.02195E+02 6.52014E-01
 1.90000E+01 7.59682E+02 6.98149E-01
 2.00000E+01 7.93573E+02 7.22897E-01
 2.10000E+01 8.14572E+02 7.36103E-01
 2.20000E+01 8.28733E+02 7.43345E-01
 2.30000E+01 8.40114E+02 7.48565E-01
 2.40000E+01 8.50610E+02 7.53853E-01
 2.50000E+01 8.63136E+02 7.62111E-01
 2.60000E+01 8.83265E+02 7.78385E-01
 2.70000E+01 9.09127E+02 8.00979E-01
 2.80000E+01 9.41610E+02 8.30542E-01
 2.90000E+01 9.73235E+02 8.60257E-01
 3.00000E+01 1.00110E+03 8.87336E-01
 3.20000E+01 1.04599E+03 9.33171E-01
 3.40000E+01 1.07317E+03 9.64348E-01
 3.60000E+01 1.09274E+03 9.89751E-01
 3.80000E+01 1.11051E+03 1.01477E+00
 4.00000E+01 1.13289E+03 1.04532E+00
 4.20000E+01 1.15876E+03 1.08030E+00
 4.40000E+01 1.18749E+03 1.11898E+00
 4.60000E+01 1.20942E+03 1.15207E+00
 4.80000E+01 1.23170E+03 1.18614E+00
 5.00000E+01 1.24314E+03 1.21025E+00
 5.20000E+01 1.25479E+03 1.23486E+00
 5.40000E+01 1.27685E+03 1.27012E+00
 5.60000E+01 1.28870E+03 1.29555E+00
 5.80000E+01 1.30586E+03 1.32658E+00
 6.00000E+01 1.32147E+03 1.35627E+00
