# p +  63Cu Total proton   production
# Q-value    = 0.00000E+00
# 
# # energies =   103
#    E         xs         Yield
 1.00000E-11 0.00000E+00 0.00000E+00
 2.53000E-08 0.00000E+00 0.00000E+00
 2.00000E-07 0.00000E+00 0.00000E+00
 1.00000E-06 0.00000E+00 0.00000E+00
 1.00000E-05 0.00000E+00 0.00000E+00
 1.00000E-04 0.00000E+00 0.00000E+00
 1.00000E-03 0.00000E+00 0.00000E+00
 2.00000E-03 0.00000E+00 0.00000E+00
 4.00000E-03 0.00000E+00 0.00000E+00
 7.00000E-03 0.00000E+00 0.00000E+00
 1.00000E-02 0.00000E+00 0.00000E+00
 2.00000E-02 0.00000E+00 0.00000E+00
 4.00000E-02 0.00000E+00 0.00000E+00
 7.00000E-02 0.00000E+00 0.00000E+00
 1.00000E-01 0.00000E+00 0.00000E+00
 2.00000E-01 0.00000E+00 0.00000E+00
 3.00000E-01 0.00000E+00 0.00000E+00
 4.00000E-01 0.00000E+00 0.00000E+00
 5.00000E-01 0.00000E+00 0.00000E+00
 6.00000E-01 0.00000E+00 0.00000E+00
 7.00000E-01 0.00000E+00 0.00000E+00
 8.00000E-01 6.60074E-38 4.16125E-33
 9.00000E-01 1.13445E-27 1.27930E-23
 1.00000E+00 1.75064E-22 4.63513E-19
 1.20000E+00 9.99402E-17 2.63281E-14
 1.40000E+00 1.08288E-08 5.09826E-07
 1.60000E+00 3.55042E-06 4.73975E-05
 1.80000E+00 1.13959E-04 6.12050E-04
 2.00000E+00 1.38985E-03 3.76128E-03
 2.20000E+00 9.78187E-03 1.55181E-02
 2.40000E+00 4.60534E-02 4.57919E-02
 2.60000E+00 1.65236E-01 1.05798E-01
 2.80000E+00 4.89741E-01 2.01803E-01
 3.00000E+00 1.22057E+00 3.11522E-01
 3.20000E+00 2.70142E+00 4.26450E-01
 3.40000E+00 5.39577E+00 5.23973E-01
 3.60000E+00 9.93224E+00 6.04089E-01
 3.80000E+00 1.70218E+01 6.66034E-01
 4.00000E+00 2.73958E+01 7.11387E-01
 4.20000E+00 4.17944E+01 7.47878E-01
 4.40000E+00 5.18794E+01 5.33989E-01
 4.60000E+00 5.84770E+01 4.06513E-01
 4.80000E+00 7.33494E+01 4.02431E-01
 5.00000E+00 8.29718E+01 3.62504E-01
 5.20000E+00 9.96297E+01 3.71443E-01
 5.40000E+00 1.13019E+02 3.65825E-01
 5.60000E+00 1.26363E+02 3.64263E-01
 5.80000E+00 1.42161E+02 3.72268E-01
 6.00000E+00 1.58654E+02 3.82940E-01
 6.20000E+00 1.78351E+02 3.91385E-01
 6.40000E+00 1.94513E+02 4.03659E-01
 6.60000E+00 2.10106E+02 4.15208E-01
 6.80000E+00 2.24739E+02 4.25333E-01
 7.00000E+00 2.38415E+02 4.34077E-01
 7.20000E+00 2.50896E+02 4.41014E-01
 7.40000E+00 2.62430E+02 4.46580E-01
 7.60000E+00 2.73287E+02 4.51193E-01
 7.80000E+00 2.83167E+02 4.54323E-01
 8.00000E+00 2.92793E+02 4.57109E-01
 8.50000E+00 3.15426E+02 4.61903E-01
 9.00000E+00 3.37716E+02 4.66202E-01
 9.50000E+00 3.60496E+02 4.71527E-01
 1.00000E+01 3.83930E+02 4.78549E-01
 1.05000E+01 4.07620E+02 4.87120E-01
 1.10000E+01 4.32050E+02 4.97943E-01
 1.15000E+01 4.58326E+02 5.12104E-01
 1.20000E+01 4.88179E+02 5.31112E-01
 1.25000E+01 5.23218E+02 5.56171E-01
 1.30000E+01 5.68327E+02 5.91854E-01
 1.35000E+01 6.33359E+02 6.47591E-01
 1.40000E+01 7.13192E+02 7.17295E-01
 1.45000E+01 7.92904E+02 7.85748E-01
 1.50000E+01 8.60074E+02 8.41127E-01
 1.60000E+01 9.41371E+02 9.00584E-01
 1.70000E+01 9.68909E+02 9.11403E-01
 1.80000E+01 9.76537E+02 9.06751E-01
 1.90000E+01 9.79018E+02 8.99719E-01
 2.00000E+01 9.84560E+02 8.96874E-01
 2.10000E+01 9.92122E+02 8.96551E-01
 2.20000E+01 1.00007E+03 8.97025E-01
 2.30000E+01 1.01207E+03 9.01784E-01
 2.40000E+01 1.03429E+03 9.16644E-01
 2.50000E+01 1.06985E+03 9.44628E-01
 2.60000E+01 1.11639E+03 9.83825E-01
 2.70000E+01 1.15720E+03 1.01954E+00
 2.80000E+01 1.18882E+03 1.04860E+00
 2.90000E+01 1.21075E+03 1.07020E+00
 3.00000E+01 1.22047E+03 1.08178E+00
 3.20000E+01 1.23096E+03 1.09819E+00
 3.40000E+01 1.23590E+03 1.11057E+00
 3.60000E+01 1.24413E+03 1.12687E+00
 3.80000E+01 1.26062E+03 1.15194E+00
 4.00000E+01 1.27628E+03 1.17763E+00
 4.20000E+01 1.28661E+03 1.19949E+00
 4.40000E+01 1.29324E+03 1.21862E+00
 4.60000E+01 1.29550E+03 1.23407E+00
 4.80000E+01 1.29379E+03 1.24594E+00
 5.00000E+01 1.29653E+03 1.26222E+00
 5.20000E+01 1.29985E+03 1.27920E+00
 5.40000E+01 1.29836E+03 1.29151E+00
 5.60000E+01 1.30264E+03 1.30956E+00
 5.80000E+01 1.30951E+03 1.33028E+00
 6.00000E+01 1.30986E+03 1.34435E+00
