# p +  65Cu Total proton   production
# Q-value    = 0.00000E+00
# 
# # energies =   103
#    E         xs         Yield
 1.00000E-11 0.00000E+00 0.00000E+00
 2.53000E-08 0.00000E+00 0.00000E+00
 2.00000E-07 0.00000E+00 0.00000E+00
 1.00000E-06 0.00000E+00 0.00000E+00
 1.00000E-05 0.00000E+00 0.00000E+00
 1.00000E-04 0.00000E+00 0.00000E+00
 1.00000E-03 0.00000E+00 0.00000E+00
 2.00000E-03 0.00000E+00 0.00000E+00
 4.00000E-03 0.00000E+00 0.00000E+00
 7.00000E-03 0.00000E+00 0.00000E+00
 1.00000E-02 0.00000E+00 0.00000E+00
 2.00000E-02 0.00000E+00 0.00000E+00
 4.00000E-02 0.00000E+00 0.00000E+00
 7.00000E-02 0.00000E+00 0.00000E+00
 1.00000E-01 0.00000E+00 0.00000E+00
 2.00000E-01 0.00000E+00 0.00000E+00
 3.00000E-01 0.00000E+00 0.00000E+00
 4.00000E-01 0.00000E+00 0.00000E+00
 5.00000E-01 0.00000E+00 0.00000E+00
 6.00000E-01 0.00000E+00 0.00000E+00
 7.00000E-01 0.00000E+00 0.00000E+00
 8.00000E-01 0.00000E+00 0.00000E+00
 9.00000E-01 2.12171E-37 1.55017E-33
 1.00000E+00 4.25640E-27 7.29021E-24
 1.20000E+00 1.20783E-18 2.04013E-16
 1.40000E+00 1.56512E-08 4.55747E-07
 1.60000E+00 7.76379E-07 5.92965E-06
 1.80000E+00 2.81397E-05 7.81594E-05
 2.00000E+00 4.41147E-04 5.63226E-04
 2.20000E+00 2.92436E-03 1.33478E-03
 2.40000E+00 1.15205E-03 1.96675E-04
 2.60000E+00 3.66925E-03 3.34259E-04
 2.80000E+00 1.27485E-02 6.81300E-04
 3.00000E+00 3.89049E-02 1.31131E-03
 3.20000E+00 9.09352E-02 2.04733E-03
 3.40000E+00 2.01569E-01 3.21112E-03
 3.60000E+00 4.07333E-01 4.82426E-03
 3.80000E+00 7.53434E-01 6.91642E-03
 4.00000E+00 1.29246E+00 9.52508E-03
 4.20000E+00 2.07861E+00 1.26614E-02
 4.40000E+00 3.16183E+00 1.63046E-02
 4.60000E+00 4.58257E+00 2.04063E-02
 4.80000E+00 6.37430E+00 2.49246E-02
 5.00000E+00 8.55711E+00 2.98067E-02
 5.20000E+00 1.11468E+01 3.50258E-02
 5.40000E+00 1.41471E+01 4.05484E-02
 5.60000E+00 1.75642E+01 4.63725E-02
 5.80000E+00 2.13802E+01 5.24459E-02
 6.00000E+00 2.55735E+01 5.87242E-02
 6.20000E+00 3.01224E+01 6.51700E-02
 6.40000E+00 3.49698E+01 7.16751E-02
 6.60000E+00 4.01043E+01 7.82332E-02
 6.80000E+00 4.54763E+01 8.47582E-02
 7.00000E+00 5.10651E+01 9.12240E-02
 7.20000E+00 5.67917E+01 9.75031E-02
 7.40000E+00 6.28486E+01 1.03932E-01
 7.60000E+00 6.89703E+01 1.09909E-01
 7.80000E+00 7.55413E+01 1.16399E-01
 8.00000E+00 8.20375E+01 1.22413E-01
 8.50000E+00 9.93792E+01 1.37697E-01
 9.00000E+00 1.17653E+02 1.52694E-01
 9.50000E+00 1.36553E+02 1.67471E-01
 1.00000E+01 1.55796E+02 1.82117E-01
 1.05000E+01 1.75088E+02 1.96619E-01
 1.10000E+01 1.94144E+02 2.10859E-01
 1.15000E+01 2.12678E+02 2.24623E-01
 1.20000E+01 2.30473E+02 2.37712E-01
 1.25000E+01 2.47809E+02 2.50411E-01
 1.30000E+01 2.65806E+02 2.63803E-01
 1.35000E+01 2.84883E+02 2.78232E-01
 1.40000E+01 3.04552E+02 2.93176E-01
 1.45000E+01 3.23562E+02 3.07429E-01
 1.50000E+01 3.41532E+02 3.20680E-01
 1.60000E+01 3.74758E+02 3.44739E-01
 1.70000E+01 4.05868E+02 3.67110E-01
 1.80000E+01 4.35124E+02 3.88053E-01
 1.90000E+01 4.63321E+02 4.08187E-01
 2.00000E+01 4.90678E+02 4.27602E-01
 2.10000E+01 5.23558E+02 4.51819E-01
 2.20000E+01 5.61718E+02 4.80693E-01
 2.30000E+01 6.09687E+02 5.18287E-01
 2.40000E+01 6.62171E+02 5.60293E-01
 2.50000E+01 7.09794E+02 5.98992E-01
 2.60000E+01 7.47600E+02 6.30285E-01
 2.70000E+01 7.73926E+02 6.52678E-01
 2.80000E+01 7.92046E+02 6.68737E-01
 2.90000E+01 8.04397E+02 6.80315E-01
 3.00000E+01 8.14882E+02 6.90584E-01
 3.20000E+01 8.35058E+02 7.11081E-01
 3.40000E+01 8.60648E+02 7.37235E-01
 3.60000E+01 8.92930E+02 7.70517E-01
 3.80000E+01 9.24716E+02 8.04864E-01
 4.00000E+01 9.48571E+02 8.33564E-01
 4.20000E+01 9.64599E+02 8.56287E-01
 4.40000E+01 9.78637E+02 8.77883E-01
 4.60000E+01 9.89135E+02 8.96808E-01
 4.80000E+01 1.00050E+03 9.16947E-01
 5.00000E+01 1.01371E+03 9.39202E-01
 5.20000E+01 1.02337E+03 9.58548E-01
 5.40000E+01 1.03535E+03 9.80363E-01
 5.60000E+01 1.04087E+03 9.96293E-01
 5.80000E+01 1.04711E+03 1.01304E+00
 6.00000E+01 1.05374E+03 1.03027E+00
