# p +  65Cu Reaction cross sections
# 
# 
# # energies =   103
#    E      Cross section
 1.00000E-11 0.00000E+00
 2.53000E-08 0.00000E+00
 2.00000E-07 0.00000E+00
 1.00000E-06 0.00000E+00
 1.00000E-05 0.00000E+00
 1.00000E-04 0.00000E+00
 1.00000E-03 0.00000E+00
 2.00000E-03 0.00000E+00
 4.00000E-03 0.00000E+00
 7.00000E-03 0.00000E+00
 1.00000E-02 0.00000E+00
 2.00000E-02 0.00000E+00
 4.00000E-02 0.00000E+00
 7.00000E-02 0.00000E+00
 1.00000E-01 0.00000E+00
 2.00000E-01 1.01834E-18
 3.00000E-01 9.19908E-14
 4.00000E-01 7.90684E-11
 5.00000E-01 7.73964E-09
 6.00000E-01 2.24124E-07
 7.00000E-01 3.02736E-06
 8.00000E-01 2.44478E-05
 9.00000E-01 1.36898E-04
 1.00000E+00 5.84317E-04
 1.20000E+00 5.96688E-03
 1.40000E+00 3.57796E-02
 1.60000E+00 1.49769E-01
 1.80000E+00 4.85078E-01
 2.00000E+00 1.29771E+00
 2.20000E+00 2.99471E+00
 2.40000E+00 6.14127E+00
 2.60000E+00 1.14257E+01
 2.80000E+00 1.95713E+01
 3.00000E+00 3.11967E+01
 3.20000E+00 4.66608E+01
 3.40000E+00 6.59542E+01
 3.60000E+00 8.87036E+01
 3.80000E+00 1.14295E+02
 4.00000E+00 1.42054E+02
 4.20000E+00 1.71375E+02
 4.40000E+00 2.01775E+02
 4.60000E+00 2.32858E+02
 4.80000E+00 2.64275E+02
 5.00000E+00 2.95677E+02
 5.20000E+00 3.26735E+02
 5.40000E+00 3.57143E+02
 5.60000E+00 3.86659E+02
 5.80000E+00 4.15114E+02
 6.00000E+00 4.42430E+02
 6.20000E+00 4.68612E+02
 6.40000E+00 4.93732E+02
 6.60000E+00 5.17908E+02
 6.80000E+00 5.41286E+02
 7.00000E+00 5.64013E+02
 7.20000E+00 5.86227E+02
 7.40000E+00 6.08042E+02
 7.60000E+00 6.29540E+02
 7.80000E+00 6.50769E+02
 8.00000E+00 6.71742E+02
 8.50000E+00 7.22865E+02
 9.00000E+00 7.71332E+02
 9.50000E+00 8.15968E+02
 1.00000E+01 8.55883E+02
 1.05000E+01 8.90781E+02
 1.10000E+01 9.20924E+02
 1.15000E+01 9.46953E+02
 1.20000E+01 9.69632E+02
 1.25000E+01 9.89670E+02
 1.30000E+01 1.00763E+03
 1.35000E+01 1.02393E+03
 1.40000E+01 1.03882E+03
 1.45000E+01 1.05249E+03
 1.50000E+01 1.06503E+03
 1.60000E+01 1.08708E+03
 1.70000E+01 1.10558E+03
 1.80000E+01 1.12130E+03
 1.90000E+01 1.13507E+03
 2.00000E+01 1.14751E+03
 2.10000E+01 1.15878E+03
 2.20000E+01 1.16856E+03
 2.30000E+01 1.17635E+03
 2.40000E+01 1.18183E+03
 2.50000E+01 1.18498E+03
 2.60000E+01 1.18613E+03
 2.70000E+01 1.18577E+03
 2.80000E+01 1.18439E+03
 2.90000E+01 1.18239E+03
 3.00000E+01 1.17999E+03
 3.20000E+01 1.17435E+03
 3.40000E+01 1.16740E+03
 3.60000E+01 1.15887E+03
 3.80000E+01 1.14891E+03
 4.00000E+01 1.13797E+03
 4.20000E+01 1.12649E+03
 4.40000E+01 1.11477E+03
 4.60000E+01 1.10295E+03
 4.80000E+01 1.09112E+03
 5.00000E+01 1.07933E+03
 5.20000E+01 1.06763E+03
 5.40000E+01 1.05609E+03
 5.60000E+01 1.04474E+03
 5.80000E+01 1.03363E+03
 6.00000E+01 1.02279E+03
