# p +  63Cu Reaction cross sections
# 
# 
# # energies =   103
#    E      Cross section
 1.00000E-11 0.00000E+00
 2.53000E-08 0.00000E+00
 2.00000E-07 0.00000E+00
 1.00000E-06 0.00000E+00
 1.00000E-05 0.00000E+00
 1.00000E-04 0.00000E+00
 1.00000E-03 0.00000E+00
 2.00000E-03 0.00000E+00
 4.00000E-03 0.00000E+00
 7.00000E-03 0.00000E+00
 1.00000E-02 0.00000E+00
 2.00000E-02 0.00000E+00
 4.00000E-02 0.00000E+00
 7.00000E-02 0.00000E+00
 1.00000E-01 0.00000E+00
 2.00000E-01 6.71664E-19
 3.00000E-01 6.04534E-14
 4.00000E-01 5.17888E-11
 5.00000E-01 5.05470E-09
 6.00000E-01 1.46002E-07
 7.00000E-01 1.96790E-06
 8.00000E-01 1.58641E-05
 9.00000E-01 8.87180E-05
 1.00000E+00 3.78364E-04
 1.20000E+00 3.86309E-03
 1.40000E+00 2.32112E-02
 1.60000E+00 9.75954E-02
 1.80000E+00 3.18429E-01
 2.00000E+00 8.61010E-01
 2.20000E+00 2.01608E+00
 2.40000E+00 4.21403E+00
 2.60000E+00 8.03305E+00
 2.80000E+00 1.41793E+01
 3.00000E+00 2.34253E+01
 3.20000E+00 3.64959E+01
 3.40000E+00 5.39094E+01
 3.60000E+00 7.58157E+01
 3.80000E+00 1.01912E+02
 4.00000E+00 1.31489E+02
 4.20000E+00 1.63618E+02
 4.40000E+00 1.97365E+02
 4.60000E+00 2.31931E+02
 4.80000E+00 2.66687E+02
 5.00000E+00 3.01124E+02
 5.20000E+00 3.34800E+02
 5.40000E+00 3.67318E+02
 5.60000E+00 3.98329E+02
 5.80000E+00 4.27563E+02
 6.00000E+00 4.54855E+02
 6.20000E+00 4.80156E+02
 6.40000E+00 5.03534E+02
 6.60000E+00 5.25153E+02
 6.80000E+00 5.45246E+02
 7.00000E+00 5.64082E+02
 7.20000E+00 5.81936E+02
 7.40000E+00 5.99070E+02
 7.60000E+00 6.15711E+02
 7.80000E+00 6.32050E+02
 8.00000E+00 6.48220E+02
 8.50000E+00 6.88422E+02
 9.00000E+00 7.28408E+02
 9.50000E+00 7.67443E+02
 1.00000E+01 8.04400E+02
 1.05000E+01 8.38332E+02
 1.10000E+01 8.68777E+02
 1.15000E+01 8.95778E+02
 1.20000E+01 9.19725E+02
 1.25000E+01 9.41146E+02
 1.30000E+01 9.60526E+02
 1.35000E+01 9.78217E+02
 1.40000E+01 9.94414E+02
 1.45000E+01 1.00920E+03
 1.50000E+01 1.02259E+03
 1.60000E+01 1.04532E+03
 1.70000E+01 1.06311E+03
 1.80000E+01 1.07697E+03
 1.90000E+01 1.08814E+03
 2.00000E+01 1.09777E+03
 2.10000E+01 1.10660E+03
 2.20000E+01 1.11487E+03
 2.30000E+01 1.12230E+03
 2.40000E+01 1.12835E+03
 2.50000E+01 1.13256E+03
 2.60000E+01 1.13474E+03
 2.70000E+01 1.13502E+03
 2.80000E+01 1.13373E+03
 2.90000E+01 1.13133E+03
 3.00000E+01 1.12821E+03
 3.20000E+01 1.12090E+03
 3.40000E+01 1.11285E+03
 3.60000E+01 1.10406E+03
 3.80000E+01 1.09434E+03
 4.00000E+01 1.08377E+03
 4.20000E+01 1.07263E+03
 4.40000E+01 1.06123E+03
 4.60000E+01 1.04978E+03
 4.80000E+01 1.03841E+03
 5.00000E+01 1.02718E+03
 5.20000E+01 1.01614E+03
 5.40000E+01 1.00530E+03
 5.60000E+01 9.94709E+02
 5.80000E+01 9.84382E+02
 6.00000E+01 9.74340E+02
