# p +  65Cu: Production of  61Ni - Total
# Q-value    =-6.24891E+00 mass=  60.931055
# E-threshold= 6.34586E+00
# # energies =   103
#     E          xs
 1.00000E-11 0.00000E+00
 2.53000E-08 0.00000E+00
 2.00000E-07 0.00000E+00
 1.00000E-06 0.00000E+00
 1.00000E-05 0.00000E+00
 1.00000E-04 0.00000E+00
 1.00000E-03 0.00000E+00
 2.00000E-03 0.00000E+00
 4.00000E-03 0.00000E+00
 7.00000E-03 0.00000E+00
 1.00000E-02 0.00000E+00
 2.00000E-02 0.00000E+00
 4.00000E-02 0.00000E+00
 7.00000E-02 0.00000E+00
 1.00000E-01 0.00000E+00
 2.00000E-01 0.00000E+00
 3.00000E-01 0.00000E+00
 4.00000E-01 0.00000E+00
 5.00000E-01 0.00000E+00
 6.00000E-01 0.00000E+00
 7.00000E-01 0.00000E+00
 8.00000E-01 0.00000E+00
 9.00000E-01 0.00000E+00
 1.00000E+00 0.00000E+00
 1.20000E+00 0.00000E+00
 1.40000E+00 0.00000E+00
 1.60000E+00 0.00000E+00
 1.80000E+00 0.00000E+00
 2.00000E+00 0.00000E+00
 2.20000E+00 0.00000E+00
 2.40000E+00 0.00000E+00
 2.60000E+00 0.00000E+00
 2.80000E+00 0.00000E+00
 3.00000E+00 0.00000E+00
 3.20000E+00 0.00000E+00
 3.40000E+00 0.00000E+00
 3.60000E+00 0.00000E+00
 3.80000E+00 0.00000E+00
 4.00000E+00 0.00000E+00
 4.20000E+00 0.00000E+00
 4.40000E+00 0.00000E+00
 4.60000E+00 0.00000E+00
 4.80000E+00 0.00000E+00
 5.00000E+00 0.00000E+00
 5.20000E+00 0.00000E+00
 5.40000E+00 0.00000E+00
 5.60000E+00 0.00000E+00
 5.80000E+00 0.00000E+00
 6.00000E+00 0.00000E+00
 6.20000E+00 0.00000E+00
 6.40000E+00 0.00000E+00
 6.60000E+00 0.00000E+00
 6.80000E+00 0.00000E+00
 7.00000E+00 0.00000E+00
 7.20000E+00 0.00000E+00
 7.40000E+00 0.00000E+00
 7.60000E+00 0.00000E+00
 7.80000E+00 0.00000E+00
 8.00000E+00 0.00000E+00
 8.50000E+00 0.00000E+00
 9.00000E+00 0.00000E+00
 9.50000E+00 0.00000E+00
 1.00000E+01 0.00000E+00
 1.05000E+01 5.22748E-03
 1.10000E+01 6.44918E-02
 1.15000E+01 3.14341E-01
 1.20000E+01 9.57491E-01
 1.25000E+01 2.20381E+00
 1.30000E+01 4.08653E+00
 1.35000E+01 6.32436E+00
 1.40000E+01 8.38561E+00
 1.45000E+01 1.01280E+01
 1.50000E+01 1.26435E+01
 1.60000E+01 1.80099E+01
 1.70000E+01 2.40853E+01
 1.80000E+01 2.96655E+01
 1.90000E+01 3.41461E+01
 2.00000E+01 3.76451E+01
 2.10000E+01 4.11319E+01
 2.20000E+01 4.32829E+01
 2.30000E+01 4.51608E+01
 2.40000E+01 4.60722E+01
 2.50000E+01 4.55647E+01
 2.60000E+01 4.37812E+01
 2.70000E+01 4.15939E+01
 2.80000E+01 3.81896E+01
 2.90000E+01 3.47461E+01
 3.00000E+01 3.16775E+01
 3.20000E+01 2.55950E+01
 3.40000E+01 2.13347E+01
 3.60000E+01 1.81245E+01
 3.80000E+01 1.58921E+01
 4.00000E+01 1.45111E+01
 4.20000E+01 1.42513E+01
 4.40000E+01 1.58827E+01
 4.60000E+01 2.04115E+01
 4.80000E+01 2.85347E+01
 5.00000E+01 4.17690E+01
 5.20000E+01 5.52715E+01
 5.40000E+01 6.69626E+01
 5.60000E+01 7.55189E+01
 5.80000E+01 8.24698E+01
 6.00000E+01 9.04220E+01
