# p +  63Cu: Production of  62Cu - Total
# Q-value    =-8.63907E+00 mass=  61.932595
# E-threshold= 8.77735E+00
# # energies =   103
#     E          xs
 1.00000E-11 0.00000E+00
 2.53000E-08 0.00000E+00
 2.00000E-07 0.00000E+00
 1.00000E-06 0.00000E+00
 1.00000E-05 0.00000E+00
 1.00000E-04 0.00000E+00
 1.00000E-03 0.00000E+00
 2.00000E-03 0.00000E+00
 4.00000E-03 0.00000E+00
 7.00000E-03 0.00000E+00
 1.00000E-02 0.00000E+00
 2.00000E-02 0.00000E+00
 4.00000E-02 0.00000E+00
 7.00000E-02 0.00000E+00
 1.00000E-01 0.00000E+00
 2.00000E-01 0.00000E+00
 3.00000E-01 0.00000E+00
 4.00000E-01 0.00000E+00
 5.00000E-01 0.00000E+00
 6.00000E-01 0.00000E+00
 7.00000E-01 0.00000E+00
 8.00000E-01 0.00000E+00
 9.00000E-01 0.00000E+00
 1.00000E+00 0.00000E+00
 1.20000E+00 0.00000E+00
 1.40000E+00 0.00000E+00
 1.60000E+00 0.00000E+00
 1.80000E+00 0.00000E+00
 2.00000E+00 0.00000E+00
 2.20000E+00 0.00000E+00
 2.40000E+00 0.00000E+00
 2.60000E+00 0.00000E+00
 2.80000E+00 0.00000E+00
 3.00000E+00 0.00000E+00
 3.20000E+00 0.00000E+00
 3.40000E+00 0.00000E+00
 3.60000E+00 0.00000E+00
 3.80000E+00 0.00000E+00
 4.00000E+00 0.00000E+00
 4.20000E+00 0.00000E+00
 4.40000E+00 0.00000E+00
 4.60000E+00 0.00000E+00
 4.80000E+00 0.00000E+00
 5.00000E+00 0.00000E+00
 5.20000E+00 0.00000E+00
 5.40000E+00 0.00000E+00
 5.60000E+00 0.00000E+00
 5.80000E+00 0.00000E+00
 6.00000E+00 0.00000E+00
 6.20000E+00 0.00000E+00
 6.40000E+00 0.00000E+00
 6.60000E+00 0.00000E+00
 6.80000E+00 0.00000E+00
 7.00000E+00 0.00000E+00
 7.20000E+00 0.00000E+00
 7.40000E+00 0.00000E+00
 7.60000E+00 0.00000E+00
 7.80000E+00 0.00000E+00
 8.00000E+00 0.00000E+00
 8.50000E+00 0.00000E+00
 9.00000E+00 0.00000E+00
 9.50000E+00 0.00000E+00
 1.00000E+01 0.00000E+00
 1.05000E+01 0.00000E+00
 1.10000E+01 0.00000E+00
 1.15000E+01 9.82664E-03
 1.20000E+01 5.28316E-02
 1.25000E+01 3.84539E-01
 1.30000E+01 5.31174E+00
 1.35000E+01 2.61091E+01
 1.40000E+01 6.24792E+01
 1.45000E+01 1.09129E+02
 1.50000E+01 1.62973E+02
 1.60000E+01 2.89077E+02
 1.70000E+01 4.10041E+02
 1.80000E+01 4.93887E+02
 1.90000E+01 5.45360E+02
 2.00000E+01 5.75476E+02
 2.10000E+01 5.95100E+02
 2.20000E+01 6.09756E+02
 2.30000E+01 6.20053E+02
 2.40000E+01 6.16969E+02
 2.50000E+01 5.95883E+02
 2.60000E+01 5.54360E+02
 2.70000E+01 5.06174E+02
 2.80000E+01 4.59862E+02
 2.90000E+01 4.15381E+02
 3.00000E+01 3.80385E+02
 3.20000E+01 3.28898E+02
 3.40000E+01 2.96531E+02
 3.60000E+01 2.76765E+02
 3.80000E+01 2.61996E+02
 4.00000E+01 2.49922E+02
 4.20000E+01 2.40611E+02
 4.40000E+01 2.29290E+02
 4.60000E+01 2.19486E+02
 4.80000E+01 2.12083E+02
 5.00000E+01 2.01464E+02
 5.20000E+01 1.92950E+02
 5.40000E+01 1.88159E+02
 5.60000E+01 1.81414E+02
 5.80000E+01 1.72979E+02
 6.00000E+01 1.69763E+02
