# p +  65Cu: Production of  65Cu - Total
# Q-value    =-7.70640E-01 mass=  64.927789
# E-threshold= 7.82596E-01
# # energies =   103
#     E          xs
 1.00000E-11 0.00000E+00
 2.53000E-08 0.00000E+00
 2.00000E-07 0.00000E+00
 1.00000E-06 0.00000E+00
 1.00000E-05 0.00000E+00
 1.00000E-04 0.00000E+00
 1.00000E-03 0.00000E+00
 2.00000E-03 0.00000E+00
 4.00000E-03 0.00000E+00
 7.00000E-03 0.00000E+00
 1.00000E-02 0.00000E+00
 2.00000E-02 0.00000E+00
 4.00000E-02 0.00000E+00
 7.00000E-02 0.00000E+00
 1.00000E-01 0.00000E+00
 2.00000E-01 0.00000E+00
 3.00000E-01 0.00000E+00
 4.00000E-01 0.00000E+00
 5.00000E-01 0.00000E+00
 6.00000E-01 0.00000E+00
 7.00000E-01 0.00000E+00
 8.00000E-01 0.00000E+00
 9.00000E-01 0.00000E+00
 1.00000E+00 0.00000E+00
 1.20000E+00 0.00000E+00
 1.40000E+00 0.00000E+00
 1.60000E+00 0.00000E+00
 1.80000E+00 0.00000E+00
 2.00000E+00 0.00000E+00
 2.20000E+00 2.92436E-03
 2.40000E+00 1.15205E-03
 2.60000E+00 3.66925E-03
 2.80000E+00 1.27485E-02
 3.00000E+00 3.89048E-02
 3.20000E+00 9.09351E-02
 3.40000E+00 2.01569E-01
 3.60000E+00 4.07333E-01
 3.80000E+00 7.53434E-01
 4.00000E+00 1.29246E+00
 4.20000E+00 2.07861E+00
 4.40000E+00 3.16182E+00
 4.60000E+00 4.58257E+00
 4.80000E+00 6.37430E+00
 5.00000E+00 8.55711E+00
 5.20000E+00 1.11468E+01
 5.40000E+00 1.41471E+01
 5.60000E+00 1.75642E+01
 5.80000E+00 2.13802E+01
 6.00000E+00 2.55735E+01
 6.20000E+00 3.01224E+01
 6.40000E+00 3.49699E+01
 6.60000E+00 4.01043E+01
 6.80000E+00 4.54762E+01
 7.00000E+00 5.10647E+01
 7.20000E+00 5.67909E+01
 7.40000E+00 6.28471E+01
 7.60000E+00 6.89680E+01
 7.80000E+00 7.55381E+01
 8.00000E+00 8.20327E+01
 8.50000E+00 9.93693E+01
 9.00000E+00 1.17636E+02
 9.50000E+00 1.36528E+02
 1.00000E+01 1.55758E+02
 1.05000E+01 1.75026E+02
 1.10000E+01 1.94056E+02
 1.15000E+01 2.12491E+02
 1.20000E+01 2.29906E+02
 1.25000E+01 2.45532E+02
 1.30000E+01 2.58190E+02
 1.35000E+01 2.66222E+02
 1.40000E+01 2.69200E+02
 1.45000E+01 2.67827E+02
 1.50000E+01 2.63758E+02
 1.60000E+01 2.52578E+02
 1.70000E+01 2.43379E+02
 1.80000E+01 2.36945E+02
 1.90000E+01 2.32443E+02
 2.00000E+01 2.28506E+02
 2.10000E+01 2.24817E+02
 2.20000E+01 2.21410E+02
 2.30000E+01 2.18031E+02
 2.40000E+01 2.13458E+02
 2.50000E+01 2.10142E+02
 2.60000E+01 2.06813E+02
 2.70000E+01 2.03283E+02
 2.80000E+01 1.99822E+02
 2.90000E+01 1.96111E+02
 3.00000E+01 1.92598E+02
 3.20000E+01 1.85774E+02
 3.40000E+01 1.79700E+02
 3.60000E+01 1.73314E+02
 3.80000E+01 1.67445E+02
 4.00000E+01 1.61348E+02
 4.20000E+01 1.55282E+02
 4.40000E+01 1.48261E+02
 4.60000E+01 1.42623E+02
 4.80000E+01 1.37787E+02
 5.00000E+01 1.36149E+02
 5.20000E+01 1.32410E+02
 5.40000E+01 1.27950E+02
 5.60000E+01 1.22601E+02
 5.80000E+01 1.19335E+02
 6.00000E+01 1.15399E+02
