# p +  63Cu: Production of  59Co - Total
# Q-value    =-5.77494E+00 mass=  58.933194
# E-threshold= 5.86738E+00
# # energies =   103
#     E          xs
 1.00000E-11 0.00000E+00
 2.53000E-08 0.00000E+00
 2.00000E-07 0.00000E+00
 1.00000E-06 0.00000E+00
 1.00000E-05 0.00000E+00
 1.00000E-04 0.00000E+00
 1.00000E-03 0.00000E+00
 2.00000E-03 0.00000E+00
 4.00000E-03 0.00000E+00
 7.00000E-03 0.00000E+00
 1.00000E-02 0.00000E+00
 2.00000E-02 0.00000E+00
 4.00000E-02 0.00000E+00
 7.00000E-02 0.00000E+00
 1.00000E-01 0.00000E+00
 2.00000E-01 0.00000E+00
 3.00000E-01 0.00000E+00
 4.00000E-01 0.00000E+00
 5.00000E-01 0.00000E+00
 6.00000E-01 0.00000E+00
 7.00000E-01 0.00000E+00
 8.00000E-01 0.00000E+00
 9.00000E-01 0.00000E+00
 1.00000E+00 0.00000E+00
 1.20000E+00 0.00000E+00
 1.40000E+00 0.00000E+00
 1.60000E+00 0.00000E+00
 1.80000E+00 0.00000E+00
 2.00000E+00 0.00000E+00
 2.20000E+00 0.00000E+00
 2.40000E+00 0.00000E+00
 2.60000E+00 0.00000E+00
 2.80000E+00 0.00000E+00
 3.00000E+00 0.00000E+00
 3.20000E+00 0.00000E+00
 3.40000E+00 0.00000E+00
 3.60000E+00 0.00000E+00
 3.80000E+00 0.00000E+00
 4.00000E+00 0.00000E+00
 4.20000E+00 0.00000E+00
 4.40000E+00 0.00000E+00
 4.60000E+00 0.00000E+00
 4.80000E+00 0.00000E+00
 5.00000E+00 0.00000E+00
 5.20000E+00 0.00000E+00
 5.40000E+00 0.00000E+00
 5.60000E+00 0.00000E+00
 5.80000E+00 0.00000E+00
 6.00000E+00 0.00000E+00
 6.20000E+00 0.00000E+00
 6.40000E+00 0.00000E+00
 6.60000E+00 0.00000E+00
 6.80000E+00 0.00000E+00
 7.00000E+00 0.00000E+00
 7.20000E+00 0.00000E+00
 7.40000E+00 0.00000E+00
 7.60000E+00 0.00000E+00
 7.80000E+00 0.00000E+00
 8.00000E+00 0.00000E+00
 8.50000E+00 0.00000E+00
 9.00000E+00 0.00000E+00
 9.50000E+00 0.00000E+00
 1.00000E+01 0.00000E+00
 1.05000E+01 0.00000E+00
 1.10000E+01 0.00000E+00
 1.15000E+01 0.00000E+00
 1.20000E+01 0.00000E+00
 1.25000E+01 1.24464E-03
 1.30000E+01 6.88306E-03
 1.35000E+01 2.73663E-02
 1.40000E+01 8.95528E-02
 1.45000E+01 2.18188E-01
 1.50000E+01 4.33926E-01
 1.60000E+01 1.26768E+00
 1.70000E+01 2.47518E+00
 1.80000E+01 3.83878E+00
 1.90000E+01 5.26624E+00
 2.00000E+01 6.87741E+00
 2.10000E+01 8.59791E+00
 2.20000E+01 1.02939E+01
 2.30000E+01 1.15909E+01
 2.40000E+01 1.27534E+01
 2.50000E+01 1.33927E+01
 2.60000E+01 1.41349E+01
 2.70000E+01 1.47897E+01
 2.80000E+01 1.47670E+01
 2.90000E+01 1.47443E+01
 3.00000E+01 1.45023E+01
 3.20000E+01 1.25573E+01
 3.40000E+01 1.08030E+01
 3.60000E+01 9.33597E+00
 3.80000E+01 8.30321E+00
 4.00000E+01 7.26635E+00
 4.20000E+01 6.76680E+00
 4.40000E+01 6.63230E+00
 4.60000E+01 6.81676E+00
 4.80000E+01 7.47686E+00
 5.00000E+01 9.03069E+00
 5.20000E+01 1.11107E+01
 5.40000E+01 1.48815E+01
 5.60000E+01 1.87235E+01
 5.80000E+01 2.17676E+01
 6.00000E+01 2.59787E+01
