# p +  65Cu: Production of  62Ni - Total
# Q-value    = 4.34682E+00 mass=  61.928345
# E-threshold= 0.00000E+00
# # energies =   103
#     E          xs
 1.00000E-11 0.00000E+00
 2.53000E-08 0.00000E+00
 2.00000E-07 0.00000E+00
 1.00000E-06 0.00000E+00
 1.00000E-05 0.00000E+00
 1.00000E-04 0.00000E+00
 1.00000E-03 0.00000E+00
 2.00000E-03 0.00000E+00
 4.00000E-03 0.00000E+00
 7.00000E-03 0.00000E+00
 1.00000E-02 0.00000E+00
 2.00000E-02 0.00000E+00
 4.00000E-02 0.00000E+00
 7.00000E-02 0.00000E+00
 1.00000E-01 0.00000E+00
 2.00000E-01 0.00000E+00
 3.00000E-01 0.00000E+00
 4.00000E-01 0.00000E+00
 5.00000E-01 0.00000E+00
 6.00000E-01 0.00000E+00
 7.00000E-01 0.00000E+00
 8.00000E-01 1.00000E-07
 9.00000E-01 1.00000E-07
 1.00000E+00 1.00000E-07
 1.20000E+00 1.00000E-07
 1.40000E+00 2.32097E-03
 1.60000E+00 1.21837E-02
 1.80000E+00 4.76885E-02
 2.00000E+00 1.43833E-01
 2.20000E+00 2.62351E-01
 2.40000E+00 7.72736E-02
 2.60000E+00 9.97501E-02
 2.80000E+00 1.69964E-01
 3.00000E+00 3.03482E-01
 3.20000E+00 4.41740E-01
 3.40000E+00 6.52505E-01
 3.60000E+00 9.50672E-01
 3.80000E+00 1.31450E+00
 4.00000E+00 1.75716E+00
 4.20000E+00 2.30145E+00
 4.40000E+00 2.90245E+00
 4.60000E+00 3.60004E+00
 4.80000E+00 4.37347E+00
 5.00000E+00 5.18593E+00
 5.20000E+00 6.07520E+00
 5.40000E+00 7.04879E+00
 5.60000E+00 8.02483E+00
 5.80000E+00 9.13899E+00
 6.00000E+00 1.03429E+01
 6.20000E+00 1.16422E+01
 6.40000E+00 1.31428E+01
 6.60000E+00 1.47358E+01
 6.80000E+00 1.65368E+01
 7.00000E+00 1.84912E+01
 7.20000E+00 2.05324E+01
 7.40000E+00 2.27732E+01
 7.60000E+00 2.49464E+01
 7.80000E+00 2.71949E+01
 8.00000E+00 2.92997E+01
 8.50000E+00 3.40644E+01
 9.00000E+00 3.76106E+01
 9.50000E+00 3.97596E+01
 1.00000E+01 4.05660E+01
 1.05000E+01 4.03274E+01
 1.10000E+01 3.93064E+01
 1.15000E+01 3.77910E+01
 1.20000E+01 3.60569E+01
 1.25000E+01 3.42417E+01
 1.30000E+01 3.24970E+01
 1.35000E+01 3.07549E+01
 1.40000E+01 2.88831E+01
 1.45000E+01 2.71826E+01
 1.50000E+01 2.47064E+01
 1.60000E+01 2.03952E+01
 1.70000E+01 1.66032E+01
 1.80000E+01 1.36982E+01
 1.90000E+01 1.16658E+01
 2.00000E+01 1.03863E+01
 2.10000E+01 8.76369E+00
 2.20000E+01 7.92031E+00
 2.30000E+01 6.89331E+00
 2.40000E+01 6.14975E+00
 2.50000E+01 5.65115E+00
 2.60000E+01 5.48291E+00
 2.70000E+01 4.97177E+00
 2.80000E+01 5.14046E+00
 2.90000E+01 5.34030E+00
 3.00000E+01 5.67771E+00
 3.20000E+01 9.01452E+00
 3.40000E+01 1.81963E+01
 3.60000E+01 3.42989E+01
 3.80000E+01 4.99628E+01
 4.00000E+01 6.30244E+01
 4.20000E+01 7.29209E+01
 4.40000E+01 8.29318E+01
 4.60000E+01 9.07125E+01
 4.80000E+01 9.54632E+01
 5.00000E+01 9.77896E+01
 5.20000E+01 9.74565E+01
 5.40000E+01 9.98812E+01
 5.60000E+01 9.75378E+01
 5.80000E+01 9.72060E+01
 6.00000E+01 9.52887E+01
