# p +  63Cu: Production of  62Ni - Total
# Q-value    =-6.12240E+00 mass=  61.928345
# E-threshold= 6.22039E+00
# # energies =   103
#     E          xs
 1.00000E-11 0.00000E+00
 2.53000E-08 0.00000E+00
 2.00000E-07 0.00000E+00
 1.00000E-06 0.00000E+00
 1.00000E-05 0.00000E+00
 1.00000E-04 0.00000E+00
 1.00000E-03 0.00000E+00
 2.00000E-03 0.00000E+00
 4.00000E-03 0.00000E+00
 7.00000E-03 0.00000E+00
 1.00000E-02 0.00000E+00
 2.00000E-02 0.00000E+00
 4.00000E-02 0.00000E+00
 7.00000E-02 0.00000E+00
 1.00000E-01 0.00000E+00
 2.00000E-01 0.00000E+00
 3.00000E-01 0.00000E+00
 4.00000E-01 0.00000E+00
 5.00000E-01 0.00000E+00
 6.00000E-01 0.00000E+00
 7.00000E-01 0.00000E+00
 8.00000E-01 0.00000E+00
 9.00000E-01 0.00000E+00
 1.00000E+00 0.00000E+00
 1.20000E+00 0.00000E+00
 1.40000E+00 0.00000E+00
 1.60000E+00 0.00000E+00
 1.80000E+00 0.00000E+00
 2.00000E+00 0.00000E+00
 2.20000E+00 0.00000E+00
 2.40000E+00 0.00000E+00
 2.60000E+00 0.00000E+00
 2.80000E+00 0.00000E+00
 3.00000E+00 0.00000E+00
 3.20000E+00 0.00000E+00
 3.40000E+00 0.00000E+00
 3.60000E+00 0.00000E+00
 3.80000E+00 0.00000E+00
 4.00000E+00 0.00000E+00
 4.20000E+00 0.00000E+00
 4.40000E+00 0.00000E+00
 4.60000E+00 0.00000E+00
 4.80000E+00 0.00000E+00
 5.00000E+00 0.00000E+00
 5.20000E+00 0.00000E+00
 5.40000E+00 0.00000E+00
 5.60000E+00 0.00000E+00
 5.80000E+00 0.00000E+00
 6.00000E+00 0.00000E+00
 6.20000E+00 0.00000E+00
 6.40000E+00 0.00000E+00
 6.60000E+00 0.00000E+00
 6.80000E+00 0.00000E+00
 7.00000E+00 0.00000E+00
 7.20000E+00 0.00000E+00
 7.40000E+00 0.00000E+00
 7.60000E+00 0.00000E+00
 7.80000E+00 0.00000E+00
 8.00000E+00 0.00000E+00
 8.50000E+00 0.00000E+00
 9.00000E+00 0.00000E+00
 9.50000E+00 6.05463E-03
 1.00000E+01 7.11792E-02
 1.05000E+01 4.58160E-01
 1.10000E+01 1.93145E+00
 1.15000E+01 5.89725E+00
 1.20000E+01 1.40799E+01
 1.25000E+01 2.80336E+01
 1.30000E+01 4.84168E+01
 1.35000E+01 7.46798E+01
 1.40000E+01 1.04105E+02
 1.45000E+01 1.31290E+02
 1.50000E+01 1.50782E+02
 1.60000E+01 1.56660E+02
 1.70000E+01 1.35437E+02
 1.80000E+01 1.16213E+02
 1.90000E+01 1.04724E+02
 2.00000E+01 1.01186E+02
 2.10000E+01 1.00606E+02
 2.20000E+01 1.00779E+02
 2.30000E+01 1.00472E+02
 2.40000E+01 9.97217E+01
 2.50000E+01 9.78113E+01
 2.60000E+01 9.58170E+01
 2.70000E+01 9.10634E+01
 2.80000E+01 8.47244E+01
 2.90000E+01 7.96526E+01
 3.00000E+01 7.38088E+01
 3.20000E+01 6.80847E+01
 3.40000E+01 6.42229E+01
 3.60000E+01 6.07902E+01
 3.80000E+01 5.78198E+01
 4.00000E+01 5.63085E+01
 4.20000E+01 5.44775E+01
 4.40000E+01 5.22709E+01
 4.60000E+01 5.24712E+01
 4.80000E+01 4.73397E+01
 5.00000E+01 4.84577E+01
 5.20000E+01 4.88302E+01
 5.40000E+01 4.30012E+01
 5.60000E+01 4.31555E+01
 5.80000E+01 4.46270E+01
 6.00000E+01 4.20115E+01
