# p +  63Cu: Production of  63Cu - Total
# Q-value    =-6.69930E-01 mass=  62.929597
# E-threshold= 6.80653E-01
# # energies =   103
#     E          xs
 1.00000E-11 0.00000E+00
 2.53000E-08 0.00000E+00
 2.00000E-07 0.00000E+00
 1.00000E-06 0.00000E+00
 1.00000E-05 0.00000E+00
 1.00000E-04 0.00000E+00
 1.00000E-03 0.00000E+00
 2.00000E-03 0.00000E+00
 4.00000E-03 0.00000E+00
 7.00000E-03 0.00000E+00
 1.00000E-02 0.00000E+00
 2.00000E-02 0.00000E+00
 4.00000E-02 0.00000E+00
 7.00000E-02 0.00000E+00
 1.00000E-01 0.00000E+00
 2.00000E-01 0.00000E+00
 3.00000E-01 0.00000E+00
 4.00000E-01 0.00000E+00
 5.00000E-01 0.00000E+00
 6.00000E-01 0.00000E+00
 7.00000E-01 0.00000E+00
 8.00000E-01 0.00000E+00
 9.00000E-01 0.00000E+00
 1.00000E+00 0.00000E+00
 1.20000E+00 0.00000E+00
 1.40000E+00 0.00000E+00
 1.60000E+00 0.00000E+00
 1.80000E+00 0.00000E+00
 2.00000E+00 1.38985E-03
 2.20000E+00 9.78187E-03
 2.40000E+00 4.60534E-02
 2.60000E+00 1.65236E-01
 2.80000E+00 4.89741E-01
 3.00000E+00 1.22057E+00
 3.20000E+00 2.70142E+00
 3.40000E+00 5.39577E+00
 3.60000E+00 9.93224E+00
 3.80000E+00 1.70218E+01
 4.00000E+00 2.73958E+01
 4.20000E+00 4.17944E+01
 4.40000E+00 5.18794E+01
 4.60000E+00 5.84770E+01
 4.80000E+00 7.33494E+01
 5.00000E+00 8.29718E+01
 5.20000E+00 9.96297E+01
 5.40000E+00 1.13019E+02
 5.60000E+00 1.26364E+02
 5.80000E+00 1.42161E+02
 6.00000E+00 1.58654E+02
 6.20000E+00 1.78352E+02
 6.40000E+00 1.94513E+02
 6.60000E+00 2.10107E+02
 6.80000E+00 2.24741E+02
 7.00000E+00 2.38418E+02
 7.20000E+00 2.50900E+02
 7.40000E+00 2.62435E+02
 7.60000E+00 2.73292E+02
 7.80000E+00 2.83173E+02
 8.00000E+00 2.92805E+02
 8.50000E+00 3.15440E+02
 9.00000E+00 3.37730E+02
 9.50000E+00 3.60506E+02
 1.00000E+01 3.83809E+02
 1.05000E+01 4.06720E+02
 1.10000E+01 4.28180E+02
 1.15000E+01 4.46514E+02
 1.20000E+01 4.59988E+02
 1.25000E+01 4.66915E+02
 1.30000E+01 4.66532E+02
 1.35000E+01 4.58679E+02
 1.40000E+01 4.44003E+02
 1.45000E+01 4.23502E+02
 1.50000E+01 3.98759E+02
 1.60000E+01 3.44078E+02
 1.70000E+01 2.94984E+02
 1.80000E+01 2.59047E+02
 1.90000E+01 2.34981E+02
 2.00000E+01 2.19032E+02
 2.10000E+01 2.08120E+02
 2.20000E+01 1.99996E+02
 2.30000E+01 1.92689E+02
 2.40000E+01 1.86245E+02
 2.50000E+01 1.80569E+02
 2.60000E+01 1.75911E+02
 2.70000E+01 1.70495E+02
 2.80000E+01 1.65814E+02
 2.90000E+01 1.61741E+02
 3.00000E+01 1.57982E+02
 3.20000E+01 1.50999E+02
 3.40000E+01 1.43583E+02
 3.60000E+01 1.36034E+02
 3.80000E+01 1.29135E+02
 4.00000E+01 1.22389E+02
 4.20000E+01 1.16655E+02
 4.40000E+01 1.09577E+02
 4.60000E+01 1.04175E+02
 4.80000E+01 1.00031E+02
 5.00000E+01 9.80816E+01
 5.20000E+01 9.60609E+01
 5.40000E+01 9.17574E+01
 5.60000E+01 8.81692E+01
 5.80000E+01 8.52919E+01
 6.00000E+01 8.21840E+01
