# p +  65Cu: Production of  64Cu - Total
# Q-value    =-7.68601E+00 mass=  63.929764
# E-threshold= 7.80525E+00
# # energies =   103
#     E          xs
 1.00000E-11 0.00000E+00
 2.53000E-08 0.00000E+00
 2.00000E-07 0.00000E+00
 1.00000E-06 0.00000E+00
 1.00000E-05 0.00000E+00
 1.00000E-04 0.00000E+00
 1.00000E-03 0.00000E+00
 2.00000E-03 0.00000E+00
 4.00000E-03 0.00000E+00
 7.00000E-03 0.00000E+00
 1.00000E-02 0.00000E+00
 2.00000E-02 0.00000E+00
 4.00000E-02 0.00000E+00
 7.00000E-02 0.00000E+00
 1.00000E-01 0.00000E+00
 2.00000E-01 0.00000E+00
 3.00000E-01 0.00000E+00
 4.00000E-01 0.00000E+00
 5.00000E-01 0.00000E+00
 6.00000E-01 0.00000E+00
 7.00000E-01 0.00000E+00
 8.00000E-01 0.00000E+00
 9.00000E-01 0.00000E+00
 1.00000E+00 0.00000E+00
 1.20000E+00 0.00000E+00
 1.40000E+00 0.00000E+00
 1.60000E+00 0.00000E+00
 1.80000E+00 0.00000E+00
 2.00000E+00 0.00000E+00
 2.20000E+00 0.00000E+00
 2.40000E+00 0.00000E+00
 2.60000E+00 0.00000E+00
 2.80000E+00 0.00000E+00
 3.00000E+00 0.00000E+00
 3.20000E+00 0.00000E+00
 3.40000E+00 0.00000E+00
 3.60000E+00 0.00000E+00
 3.80000E+00 0.00000E+00
 4.00000E+00 0.00000E+00
 4.20000E+00 0.00000E+00
 4.40000E+00 0.00000E+00
 4.60000E+00 0.00000E+00
 4.80000E+00 0.00000E+00
 5.00000E+00 0.00000E+00
 5.20000E+00 0.00000E+00
 5.40000E+00 0.00000E+00
 5.60000E+00 0.00000E+00
 5.80000E+00 0.00000E+00
 6.00000E+00 0.00000E+00
 6.20000E+00 0.00000E+00
 6.40000E+00 0.00000E+00
 6.60000E+00 0.00000E+00
 6.80000E+00 0.00000E+00
 7.00000E+00 0.00000E+00
 7.20000E+00 0.00000E+00
 7.40000E+00 0.00000E+00
 7.60000E+00 0.00000E+00
 7.80000E+00 0.00000E+00
 8.00000E+00 0.00000E+00
 8.50000E+00 0.00000E+00
 9.00000E+00 0.00000E+00
 9.50000E+00 0.00000E+00
 1.00000E+01 0.00000E+00
 1.05000E+01 2.85026E-03
 1.10000E+01 1.67404E-02
 1.15000E+01 7.91187E-02
 1.20000E+01 3.07476E-01
 1.25000E+01 1.69478E+00
 1.30000E+01 6.52617E+00
 1.35000E+01 1.73563E+01
 1.40000E+01 3.43463E+01
 1.45000E+01 5.55135E+01
 1.50000E+01 7.88789E+01
 1.60000E+01 1.27158E+02
 1.70000E+01 1.70933E+02
 1.80000E+01 2.10100E+02
 1.90000E+01 2.45884E+02
 2.00000E+01 2.79944E+02
 2.10000E+01 3.15251E+02
 2.20000E+01 3.44889E+02
 2.30000E+01 3.65315E+02
 2.40000E+01 3.77050E+02
 2.50000E+01 3.73036E+02
 2.60000E+01 3.59312E+02
 2.70000E+01 3.45049E+02
 2.80000E+01 3.27276E+02
 2.90000E+01 3.12086E+02
 3.00000E+01 3.00252E+02
 3.20000E+01 2.79871E+02
 3.40000E+01 2.64951E+02
 3.60000E+01 2.53899E+02
 3.80000E+01 2.46561E+02
 4.00000E+01 2.33521E+02
 4.20000E+01 2.25271E+02
 4.40000E+01 2.17969E+02
 4.60000E+01 2.09961E+02
 4.80000E+01 2.00498E+02
 5.00000E+01 1.93505E+02
 5.20000E+01 1.83570E+02
 5.40000E+01 1.78515E+02
 5.60000E+01 1.75145E+02
 5.80000E+01 1.72274E+02
 6.00000E+01 1.61102E+02
