# p +  65Cu: Production of  63Cu - Total
# Q-value    =-9.34464E+00 mass=  62.929597
# E-threshold= 9.48961E+00
# # energies =   103
#     E          xs
 1.00000E-11 0.00000E+00
 2.53000E-08 0.00000E+00
 2.00000E-07 0.00000E+00
 1.00000E-06 0.00000E+00
 1.00000E-05 0.00000E+00
 1.00000E-04 0.00000E+00
 1.00000E-03 0.00000E+00
 2.00000E-03 0.00000E+00
 4.00000E-03 0.00000E+00
 7.00000E-03 0.00000E+00
 1.00000E-02 0.00000E+00
 2.00000E-02 0.00000E+00
 4.00000E-02 0.00000E+00
 7.00000E-02 0.00000E+00
 1.00000E-01 0.00000E+00
 2.00000E-01 0.00000E+00
 3.00000E-01 0.00000E+00
 4.00000E-01 0.00000E+00
 5.00000E-01 0.00000E+00
 6.00000E-01 0.00000E+00
 7.00000E-01 0.00000E+00
 8.00000E-01 0.00000E+00
 9.00000E-01 0.00000E+00
 1.00000E+00 0.00000E+00
 1.20000E+00 0.00000E+00
 1.40000E+00 0.00000E+00
 1.60000E+00 0.00000E+00
 1.80000E+00 0.00000E+00
 2.00000E+00 0.00000E+00
 2.20000E+00 0.00000E+00
 2.40000E+00 0.00000E+00
 2.60000E+00 0.00000E+00
 2.80000E+00 0.00000E+00
 3.00000E+00 0.00000E+00
 3.20000E+00 0.00000E+00
 3.40000E+00 0.00000E+00
 3.60000E+00 0.00000E+00
 3.80000E+00 0.00000E+00
 4.00000E+00 0.00000E+00
 4.20000E+00 0.00000E+00
 4.40000E+00 0.00000E+00
 4.60000E+00 0.00000E+00
 4.80000E+00 0.00000E+00
 5.00000E+00 0.00000E+00
 5.20000E+00 0.00000E+00
 5.40000E+00 0.00000E+00
 5.60000E+00 0.00000E+00
 5.80000E+00 0.00000E+00
 6.00000E+00 0.00000E+00
 6.20000E+00 0.00000E+00
 6.40000E+00 0.00000E+00
 6.60000E+00 0.00000E+00
 6.80000E+00 0.00000E+00
 7.00000E+00 0.00000E+00
 7.20000E+00 0.00000E+00
 7.40000E+00 0.00000E+00
 7.60000E+00 0.00000E+00
 7.80000E+00 0.00000E+00
 8.00000E+00 0.00000E+00
 8.50000E+00 0.00000E+00
 9.00000E+00 0.00000E+00
 9.50000E+00 0.00000E+00
 1.00000E+01 0.00000E+00
 1.05000E+01 0.00000E+00
 1.10000E+01 0.00000E+00
 1.15000E+01 0.00000E+00
 1.20000E+01 0.00000E+00
 1.25000E+01 0.00000E+00
 1.30000E+01 1.13761E-03
 1.35000E+01 2.82594E-03
 1.40000E+01 5.31144E-03
 1.45000E+01 8.54482E-03
 1.50000E+01 1.35234E-02
 1.60000E+01 2.90211E-02
 1.70000E+01 7.58005E-02
 1.80000E+01 1.77882E-01
 1.90000E+01 3.60081E-01
 2.00000E+01 8.28767E-01
 2.10000E+01 4.21941E+00
 2.20000E+01 1.82301E+01
 2.30000E+01 5.04025E+01
 2.40000E+01 9.69687E+01
 2.50000E+01 1.51572E+02
 2.60000E+01 2.02913E+02
 2.70000E+01 2.44545E+02
 2.80000E+01 2.80020E+02
 2.90000E+01 3.07625E+02
 3.00000E+01 3.27521E+02
 3.20000E+01 3.58151E+02
 3.40000E+01 3.71100E+02
 3.60000E+01 3.65879E+02
 3.80000E+01 3.42528E+02
 4.00000E+01 3.19587E+02
 4.20000E+01 2.92062E+02
 4.40000E+01 2.70633E+02
 4.60000E+01 2.52019E+02
 4.80000E+01 2.41014E+02
 5.00000E+01 2.27747E+02
 5.20000E+01 2.21491E+02
 5.40000E+01 2.12743E+02
 5.60000E+01 2.04771E+02
 5.80000E+01 1.94678E+02
 6.00000E+01 1.95259E+02
