# p +  63Cu: Production of  59Ni - Total
# Q-value    =-7.63030E+00 mass=  58.934345
# E-threshold= 7.75243E+00
# # energies =   103
#     E          xs
 1.00000E-11 0.00000E+00
 2.53000E-08 0.00000E+00
 2.00000E-07 0.00000E+00
 1.00000E-06 0.00000E+00
 1.00000E-05 0.00000E+00
 1.00000E-04 0.00000E+00
 1.00000E-03 0.00000E+00
 2.00000E-03 0.00000E+00
 4.00000E-03 0.00000E+00
 7.00000E-03 0.00000E+00
 1.00000E-02 0.00000E+00
 2.00000E-02 0.00000E+00
 4.00000E-02 0.00000E+00
 7.00000E-02 0.00000E+00
 1.00000E-01 0.00000E+00
 2.00000E-01 0.00000E+00
 3.00000E-01 0.00000E+00
 4.00000E-01 0.00000E+00
 5.00000E-01 0.00000E+00
 6.00000E-01 0.00000E+00
 7.00000E-01 0.00000E+00
 8.00000E-01 0.00000E+00
 9.00000E-01 0.00000E+00
 1.00000E+00 0.00000E+00
 1.20000E+00 0.00000E+00
 1.40000E+00 0.00000E+00
 1.60000E+00 0.00000E+00
 1.80000E+00 0.00000E+00
 2.00000E+00 0.00000E+00
 2.20000E+00 0.00000E+00
 2.40000E+00 0.00000E+00
 2.60000E+00 0.00000E+00
 2.80000E+00 0.00000E+00
 3.00000E+00 0.00000E+00
 3.20000E+00 0.00000E+00
 3.40000E+00 0.00000E+00
 3.60000E+00 0.00000E+00
 3.80000E+00 0.00000E+00
 4.00000E+00 0.00000E+00
 4.20000E+00 0.00000E+00
 4.40000E+00 0.00000E+00
 4.60000E+00 0.00000E+00
 4.80000E+00 0.00000E+00
 5.00000E+00 0.00000E+00
 5.20000E+00 0.00000E+00
 5.40000E+00 0.00000E+00
 5.60000E+00 0.00000E+00
 5.80000E+00 0.00000E+00
 6.00000E+00 0.00000E+00
 6.20000E+00 0.00000E+00
 6.40000E+00 0.00000E+00
 6.60000E+00 0.00000E+00
 6.80000E+00 0.00000E+00
 7.00000E+00 0.00000E+00
 7.20000E+00 0.00000E+00
 7.40000E+00 0.00000E+00
 7.60000E+00 0.00000E+00
 7.80000E+00 0.00000E+00
 8.00000E+00 0.00000E+00
 8.50000E+00 0.00000E+00
 9.00000E+00 0.00000E+00
 9.50000E+00 0.00000E+00
 1.00000E+01 0.00000E+00
 1.05000E+01 0.00000E+00
 1.10000E+01 0.00000E+00
 1.15000E+01 0.00000E+00
 1.20000E+01 8.14533E-03
 1.25000E+01 1.35701E-01
 1.30000E+01 8.65856E-01
 1.35000E+01 2.62559E+00
 1.40000E+01 4.73795E+00
 1.45000E+01 6.74632E+00
 1.50000E+01 8.91351E+00
 1.60000E+01 1.45383E+01
 1.70000E+01 2.47233E+01
 1.80000E+01 3.59239E+01
 1.90000E+01 4.59977E+01
 2.00000E+01 5.33155E+01
 2.10000E+01 5.83357E+01
 2.20000E+01 6.16647E+01
 2.30000E+01 6.29807E+01
 2.40000E+01 6.41625E+01
 2.50000E+01 6.42980E+01
 2.60000E+01 6.41934E+01
 2.70000E+01 6.27467E+01
 2.80000E+01 5.97084E+01
 2.90000E+01 5.55718E+01
 3.00000E+01 5.12781E+01
 3.20000E+01 4.16113E+01
 3.40000E+01 3.42189E+01
 3.60000E+01 2.86768E+01
 3.80000E+01 2.49102E+01
 4.00000E+01 2.18834E+01
 4.20000E+01 2.05149E+01
 4.40000E+01 1.96695E+01
 4.60000E+01 2.03125E+01
 4.80000E+01 2.42720E+01
 5.00000E+01 3.17187E+01
 5.20000E+01 4.18690E+01
 5.40000E+01 5.15135E+01
 5.60000E+01 6.35034E+01
 5.80000E+01 7.61443E+01
 6.00000E+01 8.31632E+01
