# p +  63Cu: Production of  60Ni - Total
# Q-value    = 3.75743E+00 mass=  59.930785
# E-threshold= 0.00000E+00
# # energies =   103
#     E          xs
 1.00000E-11 0.00000E+00
 2.53000E-08 0.00000E+00
 2.00000E-07 0.00000E+00
 1.00000E-06 0.00000E+00
 1.00000E-05 0.00000E+00
 1.00000E-04 0.00000E+00
 1.00000E-03 0.00000E+00
 2.00000E-03 0.00000E+00
 4.00000E-03 0.00000E+00
 7.00000E-03 0.00000E+00
 1.00000E-02 0.00000E+00
 2.00000E-02 0.00000E+00
 4.00000E-02 0.00000E+00
 7.00000E-02 0.00000E+00
 1.00000E-01 0.00000E+00
 2.00000E-01 0.00000E+00
 3.00000E-01 0.00000E+00
 4.00000E-01 0.00000E+00
 5.00000E-01 0.00000E+00
 6.00000E-01 0.00000E+00
 7.00000E-01 0.00000E+00
 8.00000E-01 1.00000E-07
 9.00000E-01 1.00000E-07
 1.00000E+00 1.00000E-07
 1.20000E+00 1.00000E-07
 1.40000E+00 1.00000E-07
 1.60000E+00 3.48809E-03
 1.80000E+00 1.27363E-02
 2.00000E+00 4.37080E-02
 2.20000E+00 1.02471E-01
 2.40000E+00 2.26375E-01
 2.60000E+00 4.36016E-01
 2.80000E+00 7.46210E-01
 3.00000E+00 1.29174E+00
 3.20000E+00 2.02291E+00
 3.40000E+00 3.11354E+00
 3.60000E+00 4.56123E+00
 3.80000E+00 6.45444E+00
 4.00000E+00 8.93048E+00
 4.20000E+00 1.18313E+01
 4.40000E+00 1.32011E+01
 4.60000E+00 1.32762E+01
 4.80000E+00 1.51391E+01
 5.00000E+00 1.58778E+01
 5.20000E+00 1.77102E+01
 5.40000E+00 1.92501E+01
 5.60000E+00 2.07407E+01
 5.80000E+00 2.24004E+01
 6.00000E+00 2.42020E+01
 6.20000E+00 2.69418E+01
 6.40000E+00 2.91982E+01
 6.60000E+00 3.18175E+01
 6.80000E+00 3.46930E+01
 7.00000E+00 3.77571E+01
 7.20000E+00 4.12456E+01
 7.40000E+00 4.49310E+01
 7.60000E+00 4.88931E+01
 7.80000E+00 5.30325E+01
 8.00000E+00 5.72992E+01
 8.50000E+00 6.78766E+01
 9.00000E+00 7.73446E+01
 9.50000E+00 8.48122E+01
 1.00000E+01 9.01618E+01
 1.05000E+01 9.30307E+01
 1.10000E+01 9.37758E+01
 1.15000E+01 9.28324E+01
 1.20000E+01 9.04469E+01
 1.25000E+01 8.72355E+01
 1.30000E+01 8.32938E+01
 1.35000E+01 7.92281E+01
 1.40000E+01 7.49711E+01
 1.45000E+01 7.06465E+01
 1.50000E+01 6.59596E+01
 1.60000E+01 5.57574E+01
 1.70000E+01 4.30776E+01
 1.80000E+01 3.17935E+01
 1.90000E+01 2.35950E+01
 2.00000E+01 1.81257E+01
 2.10000E+01 1.42199E+01
 2.20000E+01 1.14673E+01
 2.30000E+01 1.00855E+01
 2.40000E+01 8.59708E+00
 2.50000E+01 7.73676E+00
 2.60000E+01 7.04950E+00
 2.70000E+01 6.86230E+00
 2.80000E+01 6.56187E+00
 2.90000E+01 6.90167E+00
 3.00000E+01 7.25897E+00
 3.20000E+01 1.01522E+01
 3.40000E+01 1.89034E+01
 3.60000E+01 4.10454E+01
 3.80000E+01 7.59091E+01
 4.00000E+01 1.16171E+02
 4.20000E+01 1.51646E+02
 4.40000E+01 1.76953E+02
 4.60000E+01 1.95288E+02
 4.80000E+01 2.03350E+02
 5.00000E+01 2.06348E+02
 5.20000E+01 2.04964E+02
 5.40000E+01 2.02628E+02
 5.60000E+01 1.93430E+02
 5.80000E+01 1.87395E+02
 6.00000E+01 1.82946E+02
