# p +  63Cu: Production of  61Cu - Total
# Q-value    =-1.12566E+01 mass=  60.933457
# E-threshold= 1.14368E+01
# # energies =   103
#     E          xs
 1.00000E-11 0.00000E+00
 2.53000E-08 0.00000E+00
 2.00000E-07 0.00000E+00
 1.00000E-06 0.00000E+00
 1.00000E-05 0.00000E+00
 1.00000E-04 0.00000E+00
 1.00000E-03 0.00000E+00
 2.00000E-03 0.00000E+00
 4.00000E-03 0.00000E+00
 7.00000E-03 0.00000E+00
 1.00000E-02 0.00000E+00
 2.00000E-02 0.00000E+00
 4.00000E-02 0.00000E+00
 7.00000E-02 0.00000E+00
 1.00000E-01 0.00000E+00
 2.00000E-01 0.00000E+00
 3.00000E-01 0.00000E+00
 4.00000E-01 0.00000E+00
 5.00000E-01 0.00000E+00
 6.00000E-01 0.00000E+00
 7.00000E-01 0.00000E+00
 8.00000E-01 0.00000E+00
 9.00000E-01 0.00000E+00
 1.00000E+00 0.00000E+00
 1.20000E+00 0.00000E+00
 1.40000E+00 0.00000E+00
 1.60000E+00 0.00000E+00
 1.80000E+00 0.00000E+00
 2.00000E+00 0.00000E+00
 2.20000E+00 0.00000E+00
 2.40000E+00 0.00000E+00
 2.60000E+00 0.00000E+00
 2.80000E+00 0.00000E+00
 3.00000E+00 0.00000E+00
 3.20000E+00 0.00000E+00
 3.40000E+00 0.00000E+00
 3.60000E+00 0.00000E+00
 3.80000E+00 0.00000E+00
 4.00000E+00 0.00000E+00
 4.20000E+00 0.00000E+00
 4.40000E+00 0.00000E+00
 4.60000E+00 0.00000E+00
 4.80000E+00 0.00000E+00
 5.00000E+00 0.00000E+00
 5.20000E+00 0.00000E+00
 5.40000E+00 0.00000E+00
 5.60000E+00 0.00000E+00
 5.80000E+00 0.00000E+00
 6.00000E+00 0.00000E+00
 6.20000E+00 0.00000E+00
 6.40000E+00 0.00000E+00
 6.60000E+00 0.00000E+00
 6.80000E+00 0.00000E+00
 7.00000E+00 0.00000E+00
 7.20000E+00 0.00000E+00
 7.40000E+00 0.00000E+00
 7.60000E+00 0.00000E+00
 7.80000E+00 0.00000E+00
 8.00000E+00 0.00000E+00
 8.50000E+00 0.00000E+00
 9.00000E+00 0.00000E+00
 9.50000E+00 0.00000E+00
 1.00000E+01 0.00000E+00
 1.05000E+01 0.00000E+00
 1.10000E+01 0.00000E+00
 1.15000E+01 0.00000E+00
 1.20000E+01 0.00000E+00
 1.25000E+01 0.00000E+00
 1.30000E+01 0.00000E+00
 1.35000E+01 0.00000E+00
 1.40000E+01 0.00000E+00
 1.45000E+01 0.00000E+00
 1.50000E+01 1.90828E-03
 1.60000E+01 9.14217E-03
 1.70000E+01 2.15729E-02
 1.80000E+01 3.95658E-02
 1.90000E+01 7.70365E-02
 2.00000E+01 1.49784E-01
 2.10000E+01 2.78995E-01
 2.20000E+01 5.82356E-01
 2.30000E+01 1.90623E+00
 2.40000E+01 6.43852E+00
 2.50000E+01 1.69112E+01
 2.60000E+01 3.57627E+01
 2.70000E+01 6.17034E+01
 2.80000E+01 9.18999E+01
 2.90000E+01 1.22547E+02
 3.00000E+01 1.49659E+02
 3.20000E+01 1.88663E+02
 3.40000E+01 2.05014E+02
 3.60000E+01 2.02782E+02
 3.80000E+01 1.87046E+02
 4.00000E+01 1.67888E+02
 4.20000E+01 1.49768E+02
 4.40000E+01 1.36244E+02
 4.60000E+01 1.26141E+02
 4.80000E+01 1.18669E+02
 5.00000E+01 1.12690E+02
 5.20000E+01 1.07261E+02
 5.40000E+01 1.07163E+02
 5.60000E+01 1.04046E+02
 5.80000E+01 9.92386E+01
 6.00000E+01 9.74203E+01
