# p +  65Cu: Production of  64Ni - Total
# Q-value    =-7.45361E+00 mass=  63.927966
# E-threshold= 7.56925E+00
# # energies =   103
#     E          xs
 1.00000E-11 0.00000E+00
 2.53000E-08 0.00000E+00
 2.00000E-07 0.00000E+00
 1.00000E-06 0.00000E+00
 1.00000E-05 0.00000E+00
 1.00000E-04 0.00000E+00
 1.00000E-03 0.00000E+00
 2.00000E-03 0.00000E+00
 4.00000E-03 0.00000E+00
 7.00000E-03 0.00000E+00
 1.00000E-02 0.00000E+00
 2.00000E-02 0.00000E+00
 4.00000E-02 0.00000E+00
 7.00000E-02 0.00000E+00
 1.00000E-01 0.00000E+00
 2.00000E-01 0.00000E+00
 3.00000E-01 0.00000E+00
 4.00000E-01 0.00000E+00
 5.00000E-01 0.00000E+00
 6.00000E-01 0.00000E+00
 7.00000E-01 0.00000E+00
 8.00000E-01 0.00000E+00
 9.00000E-01 0.00000E+00
 1.00000E+00 0.00000E+00
 1.20000E+00 0.00000E+00
 1.40000E+00 0.00000E+00
 1.60000E+00 0.00000E+00
 1.80000E+00 0.00000E+00
 2.00000E+00 0.00000E+00
 2.20000E+00 0.00000E+00
 2.40000E+00 0.00000E+00
 2.60000E+00 0.00000E+00
 2.80000E+00 0.00000E+00
 3.00000E+00 0.00000E+00
 3.20000E+00 0.00000E+00
 3.40000E+00 0.00000E+00
 3.60000E+00 0.00000E+00
 3.80000E+00 0.00000E+00
 4.00000E+00 0.00000E+00
 4.20000E+00 0.00000E+00
 4.40000E+00 0.00000E+00
 4.60000E+00 0.00000E+00
 4.80000E+00 0.00000E+00
 5.00000E+00 0.00000E+00
 5.20000E+00 0.00000E+00
 5.40000E+00 0.00000E+00
 5.60000E+00 0.00000E+00
 5.80000E+00 0.00000E+00
 6.00000E+00 0.00000E+00
 6.20000E+00 0.00000E+00
 6.40000E+00 0.00000E+00
 6.60000E+00 0.00000E+00
 6.80000E+00 0.00000E+00
 7.00000E+00 0.00000E+00
 7.20000E+00 0.00000E+00
 7.40000E+00 0.00000E+00
 7.60000E+00 0.00000E+00
 7.80000E+00 0.00000E+00
 8.00000E+00 0.00000E+00
 8.50000E+00 0.00000E+00
 9.00000E+00 0.00000E+00
 9.50000E+00 0.00000E+00
 1.00000E+01 0.00000E+00
 1.05000E+01 0.00000E+00
 1.10000E+01 3.24022E-03
 1.15000E+01 2.93786E-02
 1.20000E+01 1.48872E-01
 1.25000E+01 4.43152E-01
 1.30000E+01 9.31687E-01
 1.35000E+01 1.39825E+00
 1.40000E+01 1.73069E+00
 1.45000E+01 1.91081E+00
 1.50000E+01 1.93082E+00
 1.60000E+01 1.71296E+00
 1.70000E+01 1.67358E+00
 1.80000E+01 1.70832E+00
 1.90000E+01 1.94682E+00
 2.00000E+01 2.17688E+00
 2.10000E+01 2.81675E+00
 2.20000E+01 3.48573E+00
 2.30000E+01 4.42502E+00
 2.40000E+01 5.20635E+00
 2.50000E+01 6.43067E+00
 2.60000E+01 7.59497E+00
 2.70000E+01 8.71671E+00
 2.80000E+01 9.69131E+00
 2.90000E+01 1.06086E+01
 3.00000E+01 1.13044E+01
 3.20000E+01 1.30284E+01
 3.40000E+01 1.48027E+01
 3.60000E+01 1.56220E+01
 3.80000E+01 1.67680E+01
 4.00000E+01 1.71578E+01
 4.20000E+01 1.82115E+01
 4.40000E+01 1.83190E+01
 4.60000E+01 1.88091E+01
 4.80000E+01 1.90856E+01
 5.00000E+01 1.88854E+01
 5.20000E+01 1.94416E+01
 5.40000E+01 1.95588E+01
 5.60000E+01 1.83807E+01
 5.80000E+01 1.90726E+01
 6.00000E+01 1.96201E+01
