# p +  63Cu: Production of  56Fe - Total
# Q-value    =-2.53356E+00 mass=  55.934936
# E-threshold= 2.57411E+00
# # energies =   103
#     E          xs
 1.00000E-11 0.00000E+00
 2.53000E-08 0.00000E+00
 2.00000E-07 0.00000E+00
 1.00000E-06 0.00000E+00
 1.00000E-05 0.00000E+00
 1.00000E-04 0.00000E+00
 1.00000E-03 0.00000E+00
 2.00000E-03 0.00000E+00
 4.00000E-03 0.00000E+00
 7.00000E-03 0.00000E+00
 1.00000E-02 0.00000E+00
 2.00000E-02 0.00000E+00
 4.00000E-02 0.00000E+00
 7.00000E-02 0.00000E+00
 1.00000E-01 0.00000E+00
 2.00000E-01 0.00000E+00
 3.00000E-01 0.00000E+00
 4.00000E-01 0.00000E+00
 5.00000E-01 0.00000E+00
 6.00000E-01 0.00000E+00
 7.00000E-01 0.00000E+00
 8.00000E-01 0.00000E+00
 9.00000E-01 0.00000E+00
 1.00000E+00 0.00000E+00
 1.20000E+00 0.00000E+00
 1.40000E+00 0.00000E+00
 1.60000E+00 0.00000E+00
 1.80000E+00 0.00000E+00
 2.00000E+00 0.00000E+00
 2.20000E+00 0.00000E+00
 2.40000E+00 0.00000E+00
 2.60000E+00 0.00000E+00
 2.80000E+00 0.00000E+00
 3.00000E+00 0.00000E+00
 3.20000E+00 0.00000E+00
 3.40000E+00 0.00000E+00
 3.60000E+00 0.00000E+00
 3.80000E+00 0.00000E+00
 4.00000E+00 0.00000E+00
 4.20000E+00 0.00000E+00
 4.40000E+00 0.00000E+00
 4.60000E+00 0.00000E+00
 4.80000E+00 0.00000E+00
 5.00000E+00 0.00000E+00
 5.20000E+00 0.00000E+00
 5.40000E+00 0.00000E+00
 5.60000E+00 0.00000E+00
 5.80000E+00 0.00000E+00
 6.00000E+00 0.00000E+00
 6.20000E+00 0.00000E+00
 6.40000E+00 0.00000E+00
 6.60000E+00 0.00000E+00
 6.80000E+00 0.00000E+00
 7.00000E+00 0.00000E+00
 7.20000E+00 0.00000E+00
 7.40000E+00 0.00000E+00
 7.60000E+00 0.00000E+00
 7.80000E+00 0.00000E+00
 8.00000E+00 0.00000E+00
 8.50000E+00 0.00000E+00
 9.00000E+00 0.00000E+00
 9.50000E+00 0.00000E+00
 1.00000E+01 0.00000E+00
 1.05000E+01 0.00000E+00
 1.10000E+01 0.00000E+00
 1.15000E+01 0.00000E+00
 1.20000E+01 0.00000E+00
 1.25000E+01 0.00000E+00
 1.30000E+01 0.00000E+00
 1.35000E+01 0.00000E+00
 1.40000E+01 0.00000E+00
 1.45000E+01 2.63263E-03
 1.50000E+01 4.69568E-03
 1.60000E+01 1.37169E-02
 1.70000E+01 2.03829E-02
 1.80000E+01 3.10927E-02
 1.90000E+01 4.97288E-02
 2.00000E+01 7.76924E-02
 2.10000E+01 1.15983E-01
 2.20000E+01 1.65937E-01
 2.30000E+01 2.32799E-01
 2.40000E+01 3.03850E-01
 2.50000E+01 3.86379E-01
 2.60000E+01 4.63513E-01
 2.70000E+01 5.26703E-01
 2.80000E+01 5.74816E-01
 2.90000E+01 6.12266E-01
 3.00000E+01 6.27414E-01
 3.20000E+01 6.24279E-01
 3.40000E+01 5.86126E-01
 3.60000E+01 5.37238E-01
 3.80000E+01 4.60247E-01
 4.00000E+01 4.13619E-01
 4.20000E+01 3.74405E-01
 4.40000E+01 3.76718E-01
 4.60000E+01 4.06742E-01
 4.80000E+01 5.64080E-01
 5.00000E+01 1.05630E+00
 5.20000E+01 2.17941E+00
 5.40000E+01 4.11690E+00
 5.60000E+01 6.45041E+00
 5.80000E+01 8.72103E+00
 6.00000E+01 1.09604E+01
