# p +  63Cu: Production of  63Zn - Total
# Q-value    =-4.14879E+00 mass=  62.933211
# E-threshold= 4.21520E+00
# # energies =   103
#     E          xs
 1.00000E-11 0.00000E+00
 2.53000E-08 0.00000E+00
 2.00000E-07 0.00000E+00
 1.00000E-06 0.00000E+00
 1.00000E-05 0.00000E+00
 1.00000E-04 0.00000E+00
 1.00000E-03 0.00000E+00
 2.00000E-03 0.00000E+00
 4.00000E-03 0.00000E+00
 7.00000E-03 0.00000E+00
 1.00000E-02 0.00000E+00
 2.00000E-02 0.00000E+00
 4.00000E-02 0.00000E+00
 7.00000E-02 0.00000E+00
 1.00000E-01 0.00000E+00
 2.00000E-01 0.00000E+00
 3.00000E-01 0.00000E+00
 4.00000E-01 0.00000E+00
 5.00000E-01 0.00000E+00
 6.00000E-01 0.00000E+00
 7.00000E-01 0.00000E+00
 8.00000E-01 0.00000E+00
 9.00000E-01 0.00000E+00
 1.00000E+00 0.00000E+00
 1.20000E+00 0.00000E+00
 1.40000E+00 0.00000E+00
 1.60000E+00 0.00000E+00
 1.80000E+00 0.00000E+00
 2.00000E+00 0.00000E+00
 2.20000E+00 0.00000E+00
 2.40000E+00 0.00000E+00
 2.60000E+00 0.00000E+00
 2.80000E+00 0.00000E+00
 3.00000E+00 0.00000E+00
 3.20000E+00 0.00000E+00
 3.40000E+00 0.00000E+00
 3.60000E+00 0.00000E+00
 3.80000E+00 0.00000E+00
 4.00000E+00 0.00000E+00
 4.20000E+00 0.00000E+00
 4.40000E+00 3.00998E+01
 4.60000E+00 7.04960E+01
 4.80000E+00 9.23162E+01
 5.00000E+00 1.28757E+02
 5.20000E+00 1.49697E+02
 5.40000E+00 1.75596E+02
 5.60000E+00 1.98823E+02
 5.80000E+00 2.16415E+02
 6.00000E+00 2.30599E+02
 6.20000E+00 2.49593E+02
 6.40000E+00 2.57382E+02
 6.60000E+00 2.63348E+02
 6.80000E+00 2.68217E+02
 7.00000E+00 2.72351E+02
 7.20000E+00 2.76058E+02
 7.40000E+00 2.79576E+02
 7.60000E+00 2.82821E+02
 7.80000E+00 2.86384E+02
 8.00000E+00 2.89743E+02
 8.50000E+00 2.98877E+02
 9.00000E+00 3.08618E+02
 9.50000E+00 3.18486E+02
 1.00000E+01 3.27489E+02
 1.05000E+01 3.35803E+02
 1.10000E+01 3.42943E+02
 1.15000E+01 3.48851E+02
 1.20000E+01 3.53669E+02
 1.25000E+01 3.57089E+02
 1.30000E+01 3.54810E+02
 1.35000E+01 3.35499E+02
 1.40000E+01 2.99234E+02
 1.45000E+01 2.56407E+02
 1.50000E+01 2.15502E+02
 1.60000E+01 1.51188E+02
 1.70000E+01 1.09396E+02
 1.80000E+01 8.35274E+01
 1.90000E+01 6.79235E+01
 2.00000E+01 5.84545E+01
 2.10000E+01 5.23545E+01
 2.20000E+01 4.81795E+01
 2.30000E+01 4.49434E+01
 2.40000E+01 4.23122E+01
 2.50000E+01 4.00083E+01
 2.60000E+01 3.77146E+01
 2.70000E+01 3.57163E+01
 2.80000E+01 3.40660E+01
 2.90000E+01 3.22418E+01
 3.00000E+01 3.06107E+01
 3.20000E+01 2.74881E+01
 3.40000E+01 2.47399E+01
 3.60000E+01 2.24065E+01
 3.80000E+01 2.02641E+01
 4.00000E+01 1.86165E+01
 4.20000E+01 1.68880E+01
 4.40000E+01 1.56478E+01
 4.60000E+01 1.42507E+01
 4.80000E+01 1.31999E+01
 5.00000E+01 1.23765E+01
 5.20000E+01 1.13098E+01
 5.40000E+01 1.05633E+01
 5.60000E+01 1.01113E+01
 5.80000E+01 9.59772E+00
 6.00000E+01 8.78608E+00
