# p +  65Cu: Production of  65Zn - Total
# Q-value    =-2.13401E+00 mass=  64.929241
# E-threshold= 2.16711E+00
# # energies =   103
#     E          xs
 1.00000E-11 0.00000E+00
 2.53000E-08 0.00000E+00
 2.00000E-07 0.00000E+00
 1.00000E-06 0.00000E+00
 1.00000E-05 0.00000E+00
 1.00000E-04 0.00000E+00
 1.00000E-03 0.00000E+00
 2.00000E-03 0.00000E+00
 4.00000E-03 0.00000E+00
 7.00000E-03 0.00000E+00
 1.00000E-02 0.00000E+00
 2.00000E-02 0.00000E+00
 4.00000E-02 0.00000E+00
 7.00000E-02 0.00000E+00
 1.00000E-01 0.00000E+00
 2.00000E-01 0.00000E+00
 3.00000E-01 0.00000E+00
 4.00000E-01 0.00000E+00
 5.00000E-01 0.00000E+00
 6.00000E-01 0.00000E+00
 7.00000E-01 0.00000E+00
 8.00000E-01 0.00000E+00
 9.00000E-01 0.00000E+00
 1.00000E+00 0.00000E+00
 1.20000E+00 0.00000E+00
 1.40000E+00 0.00000E+00
 1.60000E+00 0.00000E+00
 1.80000E+00 0.00000E+00
 2.00000E+00 0.00000E+00
 2.20000E+00 1.35709E+00
 2.40000E+00 5.62288E+00
 2.60000E+00 1.07399E+01
 2.80000E+00 1.83690E+01
 3.00000E+00 2.91234E+01
 3.20000E+00 4.36780E+01
 3.40000E+00 6.17124E+01
 3.60000E+00 8.28427E+01
 3.80000E+00 1.06597E+02
 4.00000E+00 1.32334E+02
 4.20000E+00 1.59438E+02
 4.40000E+00 1.87465E+02
 4.60000E+00 2.15949E+02
 4.80000E+00 2.44513E+02
 5.00000E+00 2.72822E+02
 5.20000E+00 3.00457E+02
 5.40000E+00 3.27098E+02
 5.60000E+00 3.52543E+02
 5.80000E+00 3.76470E+02
 6.00000E+00 3.98873E+02
 6.20000E+00 4.19711E+02
 6.40000E+00 4.39024E+02
 6.60000E+00 4.57007E+02
 6.80000E+00 4.73715E+02
 7.00000E+00 4.89388E+02
 7.20000E+00 5.04277E+02
 7.40000E+00 5.18192E+02
 7.60000E+00 5.32701E+02
 7.80000E+00 5.45305E+02
 8.00000E+00 5.57874E+02
 8.50000E+00 5.87255E+02
 9.00000E+00 6.14155E+02
 9.50000E+00 6.37919E+02
 1.00000E+01 6.57905E+02
 1.05000E+01 6.66375E+02
 1.10000E+01 6.42658E+02
 1.15000E+01 5.93066E+02
 1.20000E+01 5.22150E+02
 1.25000E+01 4.45560E+02
 1.30000E+01 3.74737E+02
 1.35000E+01 3.10468E+02
 1.40000E+01 2.57116E+02
 1.45000E+01 2.12358E+02
 1.50000E+01 1.76145E+02
 1.60000E+01 1.26678E+02
 1.70000E+01 9.63571E+01
 1.80000E+01 7.92754E+01
 1.90000E+01 6.80787E+01
 2.00000E+01 6.10514E+01
 2.10000E+01 5.59992E+01
 2.20000E+01 5.25428E+01
 2.30000E+01 4.92594E+01
 2.40000E+01 4.60273E+01
 2.50000E+01 4.38505E+01
 2.60000E+01 4.14792E+01
 2.70000E+01 3.91114E+01
 2.80000E+01 3.71761E+01
 2.90000E+01 3.48896E+01
 3.00000E+01 3.30702E+01
 3.20000E+01 2.95040E+01
 3.40000E+01 2.65691E+01
 3.60000E+01 2.36205E+01
 3.80000E+01 2.17954E+01
 4.00000E+01 1.94911E+01
 4.20000E+01 1.78883E+01
 4.40000E+01 1.65256E+01
 4.60000E+01 1.46096E+01
 4.80000E+01 1.39569E+01
 5.00000E+01 1.29400E+01
 5.20000E+01 1.14295E+01
 5.40000E+01 1.09761E+01
 5.60000E+01 1.03266E+01
 5.80000E+01 9.64658E+00
 6.00000E+01 8.89404E+00
