# p +  63Cu: Production of  64Zn - Total
# Q-value    = 7.71312E+00 mass=  63.929142
# E-threshold= 0.00000E+00
# # energies =   103
#     E          xs
 1.00000E-11 0.00000E+00
 2.53000E-08 0.00000E+00
 2.00000E-07 0.00000E+00
 1.00000E-06 0.00000E+00
 1.00000E-05 0.00000E+00
 1.00000E-04 0.00000E+00
 1.00000E-03 0.00000E+00
 2.00000E-03 0.00000E+00
 4.00000E-03 0.00000E+00
 7.00000E-03 0.00000E+00
 1.00000E-02 0.00000E+00
 2.00000E-02 0.00000E+00
 4.00000E-02 0.00000E+00
 7.00000E-02 0.00000E+00
 1.00000E-01 0.00000E+00
 2.00000E-01 0.00000E+00
 3.00000E-01 0.00000E+00
 4.00000E-01 0.00000E+00
 5.00000E-01 0.00000E+00
 6.00000E-01 0.00000E+00
 7.00000E-01 0.00000E+00
 8.00000E-01 1.00000E-07
 9.00000E-01 1.00000E-07
 1.00000E+00 1.00000E-07
 1.20000E+00 3.72943E-03
 1.40000E+00 2.06060E-02
 1.60000E+00 7.14149E-02
 1.80000E+00 1.73340E-01
 2.00000E+00 3.24415E-01
 2.20000E+00 5.18095E-01
 2.40000E+00 7.33279E-01
 2.60000E+00 9.60549E-01
 2.80000E+00 1.19086E+00
 3.00000E+00 1.40574E+00
 3.20000E+00 1.61030E+00
 3.40000E+00 1.78846E+00
 3.60000E+00 1.94820E+00
 3.80000E+00 2.08071E+00
 4.00000E+00 2.18419E+00
 4.20000E+00 2.25842E+00
 4.40000E+00 1.97444E+00
 4.60000E+00 1.60139E+00
 4.80000E+00 1.46151E+00
 5.00000E+00 1.27919E+00
 5.20000E+00 1.18674E+00
 5.40000E+00 1.07942E+00
 5.60000E+00 9.76297E-01
 5.80000E+00 9.02747E-01
 6.00000E+00 8.51723E-01
 6.20000E+00 8.06052E-01
 6.40000E+00 7.81265E-01
 6.60000E+00 7.55422E-01
 6.80000E+00 7.36746E-01
 7.00000E+00 7.26605E-01
 7.20000E+00 7.11952E-01
 7.40000E+00 7.11020E-01
 7.60000E+00 7.03538E-01
 7.80000E+00 6.94943E-01
 8.00000E+00 7.04294E-01
 8.50000E+00 7.12305E-01
 9.00000E+00 7.28831E-01
 9.50000E+00 7.50468E-01
 1.00000E+01 7.76044E-01
 1.05000E+01 8.03548E-01
 1.10000E+01 8.31863E-01
 1.15000E+01 8.58587E-01
 1.20000E+01 8.82141E-01
 1.25000E+01 9.01637E-01
 1.30000E+01 9.19503E-01
 1.35000E+01 9.39276E-01
 1.40000E+01 9.52305E-01
 1.45000E+01 9.59170E-01
 1.50000E+01 9.60120E-01
 1.60000E+01 9.57200E-01
 1.70000E+01 9.24195E-01
 1.80000E+01 8.65845E-01
 1.90000E+01 7.89939E-01
 2.00000E+01 7.10069E-01
 2.10000E+01 6.22925E-01
 2.20000E+01 5.38939E-01
 2.30000E+01 4.60523E-01
 2.40000E+01 3.92856E-01
 2.50000E+01 3.38344E-01
 2.60000E+01 2.94134E-01
 2.70000E+01 2.58923E-01
 2.80000E+01 2.31017E-01
 2.90000E+01 2.08830E-01
 3.00000E+01 1.89907E-01
 3.20000E+01 1.60241E-01
 3.40000E+01 1.37815E-01
 3.60000E+01 1.19393E-01
 3.80000E+01 1.04734E-01
 4.00000E+01 9.48472E-02
 4.20000E+01 8.71197E-02
 4.40000E+01 8.08854E-02
 4.60000E+01 7.62764E-02
 4.80000E+01 7.28600E-02
 5.00000E+01 7.03998E-02
 5.20000E+01 6.85013E-02
 5.40000E+01 6.68187E-02
 5.60000E+01 6.50859E-02
 5.80000E+01 6.40001E-02
 6.00000E+01 6.32078E-02
