# p +  65Cu: Production of  66Zn - Total
# Q-value    = 8.92452E+00 mass=  65.926034
# E-threshold= 0.00000E+00
# # energies =   103
#     E          xs
 1.00000E-11 0.00000E+00
 2.53000E-08 0.00000E+00
 2.00000E-07 0.00000E+00
 1.00000E-06 0.00000E+00
 1.00000E-05 0.00000E+00
 1.00000E-04 0.00000E+00
 1.00000E-03 0.00000E+00
 2.00000E-03 0.00000E+00
 4.00000E-03 0.00000E+00
 7.00000E-03 0.00000E+00
 1.00000E-02 0.00000E+00
 2.00000E-02 0.00000E+00
 4.00000E-02 0.00000E+00
 7.00000E-02 0.00000E+00
 1.00000E-01 0.00000E+00
 2.00000E-01 0.00000E+00
 3.00000E-01 0.00000E+00
 4.00000E-01 0.00000E+00
 5.00000E-01 0.00000E+00
 6.00000E-01 0.00000E+00
 7.00000E-01 0.00000E+00
 8.00000E-01 1.00000E-07
 9.00000E-01 1.00000E-07
 1.00000E+00 1.00000E-07
 1.20000E+00 5.68145E-03
 1.40000E+00 3.20198E-02
 1.60000E+00 1.18745E-01
 1.80000E+00 3.12313E-01
 2.00000E+00 6.38977E-01
 2.20000E+00 5.68064E-01
 2.40000E+00 1.56262E-01
 2.60000E+00 1.33953E-01
 2.80000E+00 1.60285E-01
 3.00000E+00 2.02815E-01
 3.20000E+00 2.05819E-01
 3.40000E+00 2.06068E-01
 3.60000E+00 2.33880E-01
 3.80000E+00 2.69557E-01
 4.00000E+00 3.07795E-01
 4.20000E+00 3.52671E-01
 4.40000E+00 3.95242E-01
 4.60000E+00 4.37850E-01
 4.80000E+00 4.86025E-01
 5.00000E+00 5.24401E-01
 5.20000E+00 5.70830E-01
 5.40000E+00 6.04379E-01
 5.60000E+00 6.35137E-01
 5.80000E+00 6.77334E-01
 6.00000E+00 7.00441E-01
 6.20000E+00 7.41538E-01
 6.40000E+00 7.62040E-01
 6.60000E+00 7.82355E-01
 6.80000E+00 8.16906E-01
 7.00000E+00 8.34904E-01
 7.20000E+00 8.61851E-01
 7.40000E+00 8.89915E-01
 7.60000E+00 9.00799E-01
 7.80000E+00 9.39375E-01
 8.00000E+00 9.52623E-01
 8.50000E+00 1.00963E+00
 9.00000E+00 1.06800E+00
 9.50000E+00 1.11854E+00
 1.00000E+01 1.15394E+00
 1.05000E+01 1.19131E+00
 1.10000E+01 1.21712E+00
 1.15000E+01 1.23994E+00
 1.20000E+01 1.26303E+00
 1.25000E+01 1.28215E+00
 1.30000E+01 1.29632E+00
 1.35000E+01 1.31887E+00
 1.40000E+01 1.32067E+00
 1.45000E+01 1.32204E+00
 1.50000E+01 1.30585E+00
 1.60000E+01 1.29807E+00
 1.70000E+01 1.25466E+00
 1.80000E+01 1.17022E+00
 1.90000E+01 1.08174E+00
 2.00000E+01 9.55193E-01
 2.10000E+01 8.51865E-01
 2.20000E+01 7.35046E-01
 2.30000E+01 6.41862E-01
 2.40000E+01 5.63254E-01
 2.50000E+01 4.84362E-01
 2.60000E+01 4.29868E-01
 2.70000E+01 3.88467E-01
 2.80000E+01 3.42133E-01
 2.90000E+01 3.11172E-01
 3.00000E+01 2.90012E-01
 3.20000E+01 2.38440E-01
 3.40000E+01 2.09609E-01
 3.60000E+01 1.74209E-01
 3.80000E+01 1.53289E-01
 4.00000E+01 1.39917E-01
 4.20000E+01 1.20223E-01
 4.40000E+01 1.09594E-01
 4.60000E+01 1.03537E-01
 4.80000E+01 9.62241E-02
 5.00000E+01 8.69359E-02
 5.20000E+01 8.21147E-02
 5.40000E+01 7.98405E-02
 5.60000E+01 7.78264E-02
 5.80000E+01 7.47562E-02
 6.00000E+01 7.28900E-02
