# p +  63Cu: Production of  62Zn - Total
# Q-value    =-1.32655E+01 mass=  61.934333
# E-threshold= 1.34778E+01
# # energies =   103
#     E          xs
 1.00000E-11 0.00000E+00
 2.53000E-08 0.00000E+00
 2.00000E-07 0.00000E+00
 1.00000E-06 0.00000E+00
 1.00000E-05 0.00000E+00
 1.00000E-04 0.00000E+00
 1.00000E-03 0.00000E+00
 2.00000E-03 0.00000E+00
 4.00000E-03 0.00000E+00
 7.00000E-03 0.00000E+00
 1.00000E-02 0.00000E+00
 2.00000E-02 0.00000E+00
 4.00000E-02 0.00000E+00
 7.00000E-02 0.00000E+00
 1.00000E-01 0.00000E+00
 2.00000E-01 0.00000E+00
 3.00000E-01 0.00000E+00
 4.00000E-01 0.00000E+00
 5.00000E-01 0.00000E+00
 6.00000E-01 0.00000E+00
 7.00000E-01 0.00000E+00
 8.00000E-01 0.00000E+00
 9.00000E-01 0.00000E+00
 1.00000E+00 0.00000E+00
 1.20000E+00 0.00000E+00
 1.40000E+00 0.00000E+00
 1.60000E+00 0.00000E+00
 1.80000E+00 0.00000E+00
 2.00000E+00 0.00000E+00
 2.20000E+00 0.00000E+00
 2.40000E+00 0.00000E+00
 2.60000E+00 0.00000E+00
 2.80000E+00 0.00000E+00
 3.00000E+00 0.00000E+00
 3.20000E+00 0.00000E+00
 3.40000E+00 0.00000E+00
 3.60000E+00 0.00000E+00
 3.80000E+00 0.00000E+00
 4.00000E+00 0.00000E+00
 4.20000E+00 0.00000E+00
 4.40000E+00 0.00000E+00
 4.60000E+00 0.00000E+00
 4.80000E+00 0.00000E+00
 5.00000E+00 0.00000E+00
 5.20000E+00 0.00000E+00
 5.40000E+00 0.00000E+00
 5.60000E+00 0.00000E+00
 5.80000E+00 0.00000E+00
 6.00000E+00 0.00000E+00
 6.20000E+00 0.00000E+00
 6.40000E+00 0.00000E+00
 6.60000E+00 0.00000E+00
 6.80000E+00 0.00000E+00
 7.00000E+00 0.00000E+00
 7.20000E+00 0.00000E+00
 7.40000E+00 0.00000E+00
 7.60000E+00 0.00000E+00
 7.80000E+00 0.00000E+00
 8.00000E+00 0.00000E+00
 8.50000E+00 0.00000E+00
 9.00000E+00 0.00000E+00
 9.50000E+00 0.00000E+00
 1.00000E+01 0.00000E+00
 1.05000E+01 0.00000E+00
 1.10000E+01 0.00000E+00
 1.15000E+01 0.00000E+00
 1.20000E+01 0.00000E+00
 1.25000E+01 0.00000E+00
 1.30000E+01 0.00000E+00
 1.35000E+01 9.33602E-02
 1.40000E+01 3.50695E+00
 1.45000E+01 9.93459E+00
 1.50000E+01 1.78780E+01
 1.60000E+01 3.12576E+01
 1.70000E+01 4.13718E+01
 1.80000E+01 5.09379E+01
 1.90000E+01 5.83857E+01
 2.00000E+01 6.30085E+01
 2.10000E+01 6.53601E+01
 2.20000E+01 6.64666E+01
 2.30000E+01 6.58318E+01
 2.40000E+01 6.26614E+01
 2.50000E+01 5.68166E+01
 2.60000E+01 4.99157E+01
 2.70000E+01 4.26587E+01
 2.80000E+01 3.61195E+01
 2.90000E+01 3.08885E+01
 3.00000E+01 2.65840E+01
 3.20000E+01 2.10581E+01
 3.40000E+01 1.80722E+01
 3.60000E+01 1.61531E+01
 3.80000E+01 1.46331E+01
 4.00000E+01 1.34799E+01
 4.20000E+01 1.25238E+01
 4.40000E+01 1.16920E+01
 4.60000E+01 1.08965E+01
 4.80000E+01 1.02899E+01
 5.00000E+01 9.45315E+00
 5.20000E+01 9.11705E+00
 5.40000E+01 8.64115E+00
 5.60000E+01 8.04279E+00
 5.80000E+01 7.59025E+00
 6.00000E+01 7.45953E+00
