# p +  65Cu: Production of  64Zn - Total
# Q-value    =-1.01133E+01 mass=  63.929142
# E-threshold= 1.02702E+01
# # energies =   103
#     E          xs
 1.00000E-11 0.00000E+00
 2.53000E-08 0.00000E+00
 2.00000E-07 0.00000E+00
 1.00000E-06 0.00000E+00
 1.00000E-05 0.00000E+00
 1.00000E-04 0.00000E+00
 1.00000E-03 0.00000E+00
 2.00000E-03 0.00000E+00
 4.00000E-03 0.00000E+00
 7.00000E-03 0.00000E+00
 1.00000E-02 0.00000E+00
 2.00000E-02 0.00000E+00
 4.00000E-02 0.00000E+00
 7.00000E-02 0.00000E+00
 1.00000E-01 0.00000E+00
 2.00000E-01 0.00000E+00
 3.00000E-01 0.00000E+00
 4.00000E-01 0.00000E+00
 5.00000E-01 0.00000E+00
 6.00000E-01 0.00000E+00
 7.00000E-01 0.00000E+00
 8.00000E-01 0.00000E+00
 9.00000E-01 0.00000E+00
 1.00000E+00 0.00000E+00
 1.20000E+00 0.00000E+00
 1.40000E+00 0.00000E+00
 1.60000E+00 0.00000E+00
 1.80000E+00 0.00000E+00
 2.00000E+00 0.00000E+00
 2.20000E+00 0.00000E+00
 2.40000E+00 0.00000E+00
 2.60000E+00 0.00000E+00
 2.80000E+00 0.00000E+00
 3.00000E+00 0.00000E+00
 3.20000E+00 0.00000E+00
 3.40000E+00 0.00000E+00
 3.60000E+00 0.00000E+00
 3.80000E+00 0.00000E+00
 4.00000E+00 0.00000E+00
 4.20000E+00 0.00000E+00
 4.40000E+00 0.00000E+00
 4.60000E+00 0.00000E+00
 4.80000E+00 0.00000E+00
 5.00000E+00 0.00000E+00
 5.20000E+00 0.00000E+00
 5.40000E+00 0.00000E+00
 5.60000E+00 0.00000E+00
 5.80000E+00 0.00000E+00
 6.00000E+00 0.00000E+00
 6.20000E+00 0.00000E+00
 6.40000E+00 0.00000E+00
 6.60000E+00 0.00000E+00
 6.80000E+00 0.00000E+00
 7.00000E+00 0.00000E+00
 7.20000E+00 0.00000E+00
 7.40000E+00 0.00000E+00
 7.60000E+00 0.00000E+00
 7.80000E+00 0.00000E+00
 8.00000E+00 0.00000E+00
 8.50000E+00 0.00000E+00
 9.00000E+00 0.00000E+00
 9.50000E+00 0.00000E+00
 1.00000E+01 0.00000E+00
 1.05000E+01 7.45294E+00
 1.10000E+01 4.32529E+01
 1.15000E+01 1.01592E+02
 1.20000E+01 1.78476E+02
 1.25000E+01 2.58280E+02
 1.30000E+01 3.28899E+02
 1.35000E+01 3.89511E+02
 1.40000E+01 4.37187E+02
 1.45000E+01 4.75469E+02
 1.50000E+01 5.04788E+02
 1.60000E+01 5.38131E+02
 1.70000E+01 5.49772E+02
 1.80000E+01 5.46886E+02
 1.90000E+01 5.37498E+02
 2.00000E+01 5.23525E+02
 2.10000E+01 5.00404E+02
 2.20000E+01 4.67403E+02
 2.30000E+01 4.20285E+02
 2.40000E+01 3.63464E+02
 2.50000E+01 3.04528E+02
 2.60000E+01 2.52297E+02
 2.70000E+01 2.07912E+02
 2.80000E+01 1.72462E+02
 2.90000E+01 1.45637E+02
 3.00000E+01 1.25459E+02
 3.20000E+01 1.00040E+02
 3.40000E+01 8.49330E+01
 3.60000E+01 7.55000E+01
 3.80000E+01 6.74841E+01
 4.00000E+01 6.19846E+01
 4.20000E+01 5.66041E+01
 4.40000E+01 5.19701E+01
 4.60000E+01 4.87059E+01
 4.80000E+01 4.47749E+01
 5.00000E+01 4.17589E+01
 5.20000E+01 3.96219E+01
 5.40000E+01 3.67139E+01
 5.60000E+01 3.44445E+01
 5.80000E+01 3.25486E+01
 6.00000E+01 3.09807E+01
