# p +  65Cu Total cross sections
# 
# 
# # energies =   103
#     E      Non-elastic    Elastic     Total     Comp. el.   Shape el.   Reaction   Comp. nonel   Direct    Pre-equil.  Dir. Capt.
 1.00000E-11 0.00000E+00 0.00000E+00 0.00000E+00 0.00000E+00 0.00000E+00 0.00000E+00 0.00000E+00 0.00000E+00 0.00000E+00 0.00000E+00
 2.53000E-08 0.00000E+00 0.00000E+00 0.00000E+00 0.00000E+00 0.00000E+00 0.00000E+00 0.00000E+00 0.00000E+00 0.00000E+00 0.00000E+00
 2.00000E-07 0.00000E+00 0.00000E+00 0.00000E+00 0.00000E+00 0.00000E+00 0.00000E+00 0.00000E+00 0.00000E+00 0.00000E+00 0.00000E+00
 1.00000E-06 0.00000E+00 0.00000E+00 0.00000E+00 0.00000E+00 0.00000E+00 0.00000E+00 0.00000E+00 0.00000E+00 0.00000E+00 0.00000E+00
 1.00000E-05 0.00000E+00 0.00000E+00 0.00000E+00 0.00000E+00 0.00000E+00 0.00000E+00 0.00000E+00 0.00000E+00 0.00000E+00 0.00000E+00
 1.00000E-04 0.00000E+00 0.00000E+00 0.00000E+00 0.00000E+00 0.00000E+00 0.00000E+00 0.00000E+00 0.00000E+00 0.00000E+00 0.00000E+00
 1.00000E-03 0.00000E+00 0.00000E+00 0.00000E+00 0.00000E+00 0.00000E+00 0.00000E+00 0.00000E+00 0.00000E+00 0.00000E+00 0.00000E+00
 2.00000E-03 0.00000E+00 0.00000E+00 0.00000E+00 0.00000E+00 0.00000E+00 0.00000E+00 0.00000E+00 0.00000E+00 0.00000E+00 0.00000E+00
 4.00000E-03 0.00000E+00 0.00000E+00 0.00000E+00 0.00000E+00 0.00000E+00 0.00000E+00 0.00000E+00 0.00000E+00 0.00000E+00 0.00000E+00
 7.00000E-03 0.00000E+00 0.00000E+00 0.00000E+00 0.00000E+00 0.00000E+00 0.00000E+00 0.00000E+00 0.00000E+00 0.00000E+00 0.00000E+00
 1.00000E-02 0.00000E+00 0.00000E+00 0.00000E+00 0.00000E+00 0.00000E+00 0.00000E+00 0.00000E+00 0.00000E+00 0.00000E+00 0.00000E+00
 2.00000E-02 0.00000E+00 0.00000E+00 0.00000E+00 0.00000E+00 0.00000E+00 0.00000E+00 0.00000E+00 0.00000E+00 0.00000E+00 0.00000E+00
 4.00000E-02 0.00000E+00 0.00000E+00 0.00000E+00 0.00000E+00 0.00000E+00 0.00000E+00 0.00000E+00 0.00000E+00 0.00000E+00 0.00000E+00
 7.00000E-02 0.00000E+00 0.00000E+00 0.00000E+00 0.00000E+00 0.00000E+00 0.00000E+00 0.00000E+00 0.00000E+00 0.00000E+00 0.00000E+00
 1.00000E-01 0.00000E+00 0.00000E+00 0.00000E+00 0.00000E+00 0.00000E+00 0.00000E+00 0.00000E+00 0.00000E+00 0.00000E+00 0.00000E+00
 2.00000E-01 0.00000E+00 0.00000E+00 0.00000E+00 0.00000E+00 0.00000E+00 1.01834E-18 0.00000E+00 0.00000E+00 0.00000E+00 0.00000E+00
 3.00000E-01 0.00000E+00 0.00000E+00 0.00000E+00 0.00000E+00 0.00000E+00 9.19908E-14 0.00000E+00 0.00000E+00 0.00000E+00 0.00000E+00
 4.00000E-01 0.00000E+00 0.00000E+00 0.00000E+00 0.00000E+00 0.00000E+00 7.90684E-11 0.00000E+00 0.00000E+00 0.00000E+00 0.00000E+00
 5.00000E-01 0.00000E+00 0.00000E+00 0.00000E+00 0.00000E+00 0.00000E+00 7.73964E-09 0.00000E+00 0.00000E+00 0.00000E+00 0.00000E+00
 6.00000E-01 0.00000E+00 0.00000E+00 0.00000E+00 0.00000E+00 0.00000E+00 2.24124E-07 0.00000E+00 0.00000E+00 0.00000E+00 0.00000E+00
 7.00000E-01 0.00000E+00 0.00000E+00 0.00000E+00 0.00000E+00 0.00000E+00 3.02736E-06 0.00000E+00 0.00000E+00 0.00000E+00 0.00000E+00
 8.00000E-01 2.44467E-05 1.11309E-09 0.00000E+00 1.11309E-09 0.00000E+00 2.44478E-05 2.44467E-05 0.00000E+00 0.00000E+00 0.00000E+00
 9.00000E-01 1.36870E-04 2.84028E-08 0.00000E+00 2.84028E-08 0.00000E+00 1.36898E-04 1.36870E-04 2.12171E-37 0.00000E+00 0.00000E+00
 1.00000E+00 5.83851E-04 4.65572E-07 0.00000E+00 4.65572E-07 0.00000E+00 5.84317E-04 5.83851E-04 4.25640E-27 0.00000E+00 0.00000E+00
 1.20000E+00 5.92034E-03 4.65351E-05 0.00000E+00 4.65351E-05 0.00000E+00 5.96688E-03 5.92034E-03 1.20783E-18 0.00000E+00 0.00000E+00
 1.40000E+00 3.43419E-02 1.43766E-03 0.00000E+00 1.43766E-03 0.00000E+00 3.57796E-02 3.43419E-02 1.89437E-14 0.00000E+00 0.00000E+00
 1.60000E+00 1.30932E-01 1.88374E-02 0.00000E+00 1.88374E-02 0.00000E+00 1.49769E-01 1.30932E-01 9.09179E-12 0.00000E+00 0.00000E+00
 1.80000E+00 3.60030E-01 1.25048E-01 0.00000E+00 1.25048E-01 0.00000E+00 4.85078E-01 3.60030E-01 7.56355E-10 0.00000E+00 0.00000E+00
 2.00000E+00 7.83251E-01 5.14459E-01 0.00000E+00 5.14459E-01 0.00000E+00 1.29771E+00 7.83251E-01 2.21816E-08 0.00000E+00 0.00000E+00
 2.20000E+00 2.19089E+00 8.03824E-01 0.00000E+00 8.03824E-01 0.00000E+00 2.99471E+00 2.19089E+00 3.27430E-07 0.00000E+00 0.00000E+00
 2.40000E+00 5.85765E+00 2.83616E-01 0.00000E+00 2.83616E-01 0.00000E+00 6.14127E+00 5.85765E+00 2.98186E-06 0.00000E+00 0.00000E+00
 2.60000E+00 1.09773E+01 4.48439E-01 0.00000E+00 4.48439E-01 0.00000E+00 1.14257E+01 1.09772E+01 1.90645E-05 0.00000E+00 0.00000E+00
 2.80000E+00 1.87121E+01 8.59247E-01 0.00000E+00 8.59247E-01 0.00000E+00 1.95713E+01 1.87120E+01 9.35524E-05 0.00000E+00 0.00000E+00
 3.00000E+00 2.96686E+01 1.52805E+00 0.00000E+00 1.52805E+00 0.00000E+00 3.11967E+01 2.95753E+01 9.27787E-02 5.29497E-04 0.00000E+00
 3.20000E+00 4.44165E+01 2.24435E+00 0.00000E+00 2.24435E+00 0.00000E+00 4.66608E+01 4.42146E+01 2.00959E-01 8.83668E-04 0.00000E+00
 3.40000E+00 6.27724E+01 3.18182E+00 0.00000E+00 3.18182E+00 0.00000E+00 6.59542E+01 6.24040E+01 3.58648E-01 9.69010E-03 0.00000E+00
 3.60000E+00 8.44342E+01 4.26936E+00 0.00000E+00 4.26936E+00 0.00000E+00 8.87036E+01 8.38153E+01 5.73759E-01 4.52212E-02 0.00000E+00
 3.80000E+00 1.08934E+02 5.36082E+00 0.00000E+00 5.36082E+00 0.00000E+00 1.14295E+02 1.07965E+02 8.49246E-01 1.19884E-01 0.00000E+00
 4.00000E+00 1.35691E+02 6.36338E+00 0.00000E+00 6.36338E+00 0.00000E+00 1.42054E+02 1.34283E+02 1.16167E+00 2.46121E-01 0.00000E+00
 4.20000E+00 1.64169E+02 7.20586E+00 0.00000E+00 7.20586E+00 0.00000E+00 1.71375E+02 1.62217E+02 1.52021E+00 4.32437E-01 0.00000E+00
 4.40000E+00 1.93922E+02 7.85298E+00 0.00000E+00 7.85298E+00 0.00000E+00 2.01775E+02 1.91322E+02 1.92330E+00 6.76300E-01 0.00000E+00
 4.60000E+00 2.24567E+02 8.29095E+00 0.00000E+00 8.29095E+00 0.00000E+00 2.32858E+02 2.21183E+02 2.39882E+00 9.85355E-01 0.00000E+00
 4.80000E+00 2.55744E+02 8.53125E+00 0.00000E+00 8.53125E+00 0.00000E+00 2.64275E+02 2.51438E+02 2.95374E+00 1.35246E+00 0.00000E+00
 5.00000E+00 2.87086E+02 8.59069E+00 0.00000E+00 8.59069E+00 0.00000E+00 2.95677E+02 2.81650E+02 3.66433E+00 1.77168E+00 0.00000E+00
 5.20000E+00 3.18246E+02 8.48901E+00 0.00000E+00 8.48901E+00 0.00000E+00 3.26735E+02 3.11495E+02 4.50219E+00 2.24903E+00 0.00000E+00
 5.40000E+00 3.48894E+02 8.24883E+00 0.00000E+00 8.24883E+00 0.00000E+00 3.57143E+02 3.40563E+02 5.55716E+00 2.77271E+00 0.00000E+00
 5.60000E+00 3.78763E+02 7.89607E+00 0.00000E+00 7.89607E+00 0.00000E+00 3.86659E+02 3.68640E+02 6.77737E+00 3.34306E+00 0.00000E+00
 5.80000E+00 4.07662E+02 7.45220E+00 0.00000E+00 7.45220E+00 0.00000E+00 4.15114E+02 3.95455E+02 8.22381E+00 3.97703E+00 0.00000E+00
 6.00000E+00 4.35485E+02 6.94523E+00 0.00000E+00 6.94523E+00 0.00000E+00 4.42430E+02 4.20870E+02 9.92342E+00 4.67757E+00 0.00000E+00
 6.20000E+00 4.62212E+02 6.39961E+00 0.00000E+00 6.39961E+00 0.00000E+00 4.68612E+02 4.44889E+02 1.18366E+01 5.45616E+00 0.00000E+00
 6.40000E+00 4.87894E+02 5.83836E+00 0.00000E+00 5.83836E+00 0.00000E+00 4.93732E+02 4.67493E+02 1.39949E+01 6.34606E+00 0.00000E+00
 6.60000E+00 5.12625E+02 5.28285E+00 0.00000E+00 5.28285E+00 0.00000E+00 5.17908E+02 4.88957E+02 1.62327E+01 7.32611E+00 0.00000E+00
 6.80000E+00 5.36541E+02 4.74484E+00 0.00000E+00 4.74484E+00 0.00000E+00 5.41286E+02 5.09183E+02 1.87232E+01 8.44632E+00 0.00000E+00
 7.00000E+00 5.59777E+02 4.23639E+00 0.00000E+00 4.23639E+00 0.00000E+00 5.64013E+02 5.28376E+02 2.14022E+01 9.69111E+00 0.00000E+00
 7.20000E+00 5.82460E+02 3.76658E+00 0.00000E+00 3.76658E+00 0.00000E+00 5.86227E+02 5.46985E+02 2.40402E+01 1.09602E+01 0.00000E+00
 7.40000E+00 6.04706E+02 3.33549E+00 0.00000E+00 3.33549E+00 0.00000E+00 6.08042E+02 5.64714E+02 2.70143E+01 1.22812E+01 0.00000E+00
 7.60000E+00 6.27524E+02 2.01641E+00 0.00000E+00 2.01641E+00 0.00000E+00 6.29540E+02 5.82579E+02 2.99304E+01 1.40348E+01 0.00000E+00
 7.80000E+00 6.48987E+02 1.78188E+00 0.00000E+00 1.78188E+00 0.00000E+00 6.50769E+02 5.98875E+02 3.30597E+01 1.57316E+01 0.00000E+00
 8.00000E+00 6.70171E+02 1.57137E+00 0.00000E+00 1.57137E+00 0.00000E+00 6.71742E+02 6.14411E+02 3.60586E+01 1.79830E+01 0.00000E+00
 8.50000E+00 7.21724E+02 1.14087E+00 0.00000E+00 1.14087E+00 0.00000E+00 7.22865E+02 6.50919E+02 4.38219E+01 2.40704E+01 0.00000E+00
 9.00000E+00 7.70511E+02 8.21033E-01 0.00000E+00 8.21033E-01 0.00000E+00 7.71332E+02 6.83264E+02 5.15082E+01 3.14473E+01 0.00000E+00
 9.50000E+00 8.15384E+02 5.84459E-01 0.00000E+00 5.84459E-01 0.00000E+00 8.15968E+02 7.10547E+02 5.89827E+01 4.01215E+01 0.00000E+00
 1.00000E+01 8.55472E+02 4.10714E-01 0.00000E+00 4.10714E-01 0.00000E+00 8.55883E+02 7.32322E+02 6.61599E+01 4.98417E+01 0.00000E+00
 1.05000E+01 8.90496E+02 2.84563E-01 0.00000E+00 2.84563E-01 0.00000E+00 8.90781E+02 7.48516E+02 7.29517E+01 6.05062E+01 0.00000E+00
 1.10000E+01 9.20730E+02 1.94476E-01 0.00000E+00 1.94476E-01 0.00000E+00 9.20924E+02 7.59556E+02 7.92294E+01 7.20288E+01 0.00000E+00
 1.15000E+01 9.46822E+02 1.31302E-01 0.00000E+00 1.31302E-01 0.00000E+00 9.46953E+02 7.66260E+02 8.48489E+01 8.42990E+01 0.00000E+00
 1.20000E+01 9.69544E+02 8.77969E-02 0.00000E+00 8.77969E-02 0.00000E+00 9.69632E+02 7.69799E+02 8.96782E+01 9.70374E+01 0.00000E+00
 1.25000E+01 9.89612E+02 5.82940E-02 0.00000E+00 5.82940E-02 0.00000E+00 9.89670E+02 7.70569E+02 9.37139E+01 1.10647E+02 0.00000E+00
 1.30000E+01 1.00759E+03 3.85724E-02 0.00000E+00 3.85724E-02 0.00000E+00 1.00763E+03 7.69425E+02 9.68935E+01 1.25000E+02 0.00000E+00
 1.35000E+01 1.02390E+03 2.55225E-02 0.00000E+00 2.55225E-02 0.00000E+00 1.02393E+03 7.67160E+02 9.92555E+01 1.39742E+02 0.00000E+00
 1.40000E+01 1.03880E+03 1.69156E-02 0.00000E+00 1.69156E-02 0.00000E+00 1.03882E+03 7.63727E+02 1.00950E+02 1.55057E+02 0.00000E+00
 1.45000E+01 1.05248E+03 1.12398E-02 0.00000E+00 1.12398E-02 0.00000E+00 1.05249E+03 7.58903E+02 1.02102E+02 1.71248E+02 0.00000E+00
 1.50000E+01 1.06502E+03 7.49580E-03 0.00000E+00 7.49580E-03 0.00000E+00 1.06503E+03 7.53014E+02 1.02793E+02 1.87991E+02 0.00000E+00
 1.60000E+01 1.08708E+03 3.37477E-03 0.00000E+00 3.37477E-03 0.00000E+00 1.08708E+03 7.38242E+02 1.03761E+02 2.22228E+02 0.00000E+00
 1.70000E+01 1.10558E+03 1.54606E-03 0.00000E+00 1.54606E-03 0.00000E+00 1.10558E+03 7.20451E+02 1.03767E+02 2.57234E+02 0.00000E+00
 1.80000E+01 1.12130E+03 7.20577E-04 0.00000E+00 7.20577E-04 0.00000E+00 1.12130E+03 7.00396E+02 1.03499E+02 2.92215E+02 0.00000E+00
 1.90000E+01 1.13507E+03 3.41714E-04 0.00000E+00 3.41714E-04 0.00000E+00 1.13507E+03 6.78948E+02 1.03082E+02 3.26954E+02 0.00000E+00
 2.00000E+01 1.14751E+03 1.64903E-04 0.00000E+00 1.64903E-04 0.00000E+00 1.14751E+03 6.56601E+02 1.02656E+02 3.61371E+02 0.00000E+00
 2.10000E+01 1.15878E+03 8.10071E-05 0.00000E+00 8.10071E-05 0.00000E+00 1.15878E+03 6.33915E+02 1.02377E+02 3.94816E+02 0.00000E+00
 2.20000E+01 1.16856E+03 4.04358E-05 0.00000E+00 4.04358E-05 0.00000E+00 1.16856E+03 6.10112E+02 1.01923E+02 4.28007E+02 0.00000E+00
 2.30000E+01 1.17635E+03 2.05111E-05 0.00000E+00 2.05111E-05 0.00000E+00 1.17635E+03 5.85950E+02 1.01476E+02 4.59549E+02 0.00000E+00
 2.40000E+01 1.18183E+03 1.05482E-05 0.00000E+00 1.05482E-05 0.00000E+00 1.18183E+03 5.60683E+02 1.01079E+02 4.89887E+02 0.00000E+00
 2.50000E+01 1.18498E+03 5.50763E-06 0.00000E+00 5.50763E-06 0.00000E+00 1.18498E+03 5.35160E+02 1.00660E+02 5.18211E+02 0.00000E+00
 2.60000E+01 1.18613E+03 2.93512E-06 0.00000E+00 2.93512E-06 0.00000E+00 1.18613E+03 5.11135E+02 9.80893E+01 5.45203E+02 0.00000E+00
 2.70000E+01 1.18577E+03 1.59577E-06 0.00000E+00 1.59577E-06 0.00000E+00 1.18577E+03 4.85747E+02 9.75558E+01 5.70023E+02 0.00000E+00
 2.80000E+01 1.18439E+03 8.96651E-07 0.00000E+00 8.96651E-07 0.00000E+00 1.18439E+03 4.60959E+02 9.69587E+01 5.93316E+02 0.00000E+00
 2.90000E+01 1.18239E+03 5.27662E-07 0.00000E+00 5.27662E-07 0.00000E+00 1.18239E+03 4.36296E+02 9.82092E+01 6.14052E+02 0.00000E+00
 3.00000E+01 1.17999E+03 3.32161E-07 0.00000E+00 3.32161E-07 0.00000E+00 1.17999E+03 4.13357E+02 9.75710E+01 6.34580E+02 0.00000E+00
 3.20000E+01 1.17435E+03 1.70304E-07 0.00000E+00 1.70304E-07 0.00000E+00 1.17435E+03 3.70274E+02 9.64951E+01 6.71872E+02 0.00000E+00
 3.40000E+01 1.16740E+03 1.22023E-07 0.00000E+00 1.22023E-07 0.00000E+00 1.16740E+03 3.31045E+02 9.56077E+01 7.03888E+02 0.00000E+00
 3.60000E+01 1.15887E+03 1.07102E-07 0.00000E+00 1.07102E-07 0.00000E+00 1.15887E+03 2.95183E+02 9.46691E+01 7.31007E+02 0.00000E+00
 3.80000E+01 1.14891E+03 1.02350E-07 0.00000E+00 1.02350E-07 0.00000E+00 1.14891E+03 2.62575E+02 9.35082E+01 7.53747E+02 0.00000E+00
 4.00000E+01 1.13797E+03 1.00796E-07 0.00000E+00 1.00796E-07 0.00000E+00 1.13797E+03 2.32980E+02 9.20622E+01 7.72857E+02 0.00000E+00
 4.20000E+01 1.12649E+03 1.00276E-07 0.00000E+00 1.00276E-07 0.00000E+00 1.12649E+03 2.06630E+02 9.03939E+01 7.88535E+02 0.00000E+00
 4.40000E+01 1.11477E+03 1.00098E-07 0.00000E+00 1.00098E-07 0.00000E+00 1.11477E+03 1.83066E+02 8.85857E+01 8.01530E+02 0.00000E+00
 4.60000E+01 1.10295E+03 1.00035E-07 0.00000E+00 1.00035E-07 0.00000E+00 1.10295E+03 1.61403E+02 8.67006E+01 8.12807E+02 0.00000E+00
 4.80000E+01 1.09112E+03 1.00013E-07 0.00000E+00 1.00013E-07 0.00000E+00 1.09112E+03 1.41781E+02 8.47677E+01 8.22333E+02 0.00000E+00
 5.00000E+01 1.07933E+03 1.00005E-07 0.00000E+00 1.00005E-07 0.00000E+00 1.07933E+03 1.23773E+02 8.27271E+01 8.30642E+02 0.00000E+00
 5.20000E+01 1.06763E+03 1.00002E-07 0.00000E+00 1.00002E-07 0.00000E+00 1.06763E+03 1.07708E+02 8.06471E+01 8.37317E+02 0.00000E+00
 5.40000E+01 1.05609E+03 1.00001E-07 0.00000E+00 1.00001E-07 0.00000E+00 1.05609E+03 9.33131E+01 7.84981E+01 8.42684E+02 0.00000E+00
 5.60000E+01 1.04474E+03 1.00000E-07 0.00000E+00 1.00000E-07 0.00000E+00 1.04474E+03 8.02085E+01 7.62965E+01 8.47132E+02 0.00000E+00
 5.80000E+01 1.03363E+03 1.00000E-07 0.00000E+00 1.00000E-07 0.00000E+00 1.03363E+03 6.82304E+01 7.40637E+01 8.50855E+02 0.00000E+00
 6.00000E+01 1.02279E+03 1.00000E-07 0.00000E+00 1.00000E-07 0.00000E+00 1.02279E+03 5.72655E+01 7.18181E+01 8.53958E+02 0.00000E+00
