# p +  63Cu Total cross sections
# 
# 
# # energies =   103
#     E      Non-elastic    Elastic     Total     Comp. el.   Shape el.   Reaction   Comp. nonel   Direct    Pre-equil.  Dir. Capt.
 1.00000E-11 0.00000E+00 0.00000E+00 0.00000E+00 0.00000E+00 0.00000E+00 0.00000E+00 0.00000E+00 0.00000E+00 0.00000E+00 0.00000E+00
 2.53000E-08 0.00000E+00 0.00000E+00 0.00000E+00 0.00000E+00 0.00000E+00 0.00000E+00 0.00000E+00 0.00000E+00 0.00000E+00 0.00000E+00
 2.00000E-07 0.00000E+00 0.00000E+00 0.00000E+00 0.00000E+00 0.00000E+00 0.00000E+00 0.00000E+00 0.00000E+00 0.00000E+00 0.00000E+00
 1.00000E-06 0.00000E+00 0.00000E+00 0.00000E+00 0.00000E+00 0.00000E+00 0.00000E+00 0.00000E+00 0.00000E+00 0.00000E+00 0.00000E+00
 1.00000E-05 0.00000E+00 0.00000E+00 0.00000E+00 0.00000E+00 0.00000E+00 0.00000E+00 0.00000E+00 0.00000E+00 0.00000E+00 0.00000E+00
 1.00000E-04 0.00000E+00 0.00000E+00 0.00000E+00 0.00000E+00 0.00000E+00 0.00000E+00 0.00000E+00 0.00000E+00 0.00000E+00 0.00000E+00
 1.00000E-03 0.00000E+00 0.00000E+00 0.00000E+00 0.00000E+00 0.00000E+00 0.00000E+00 0.00000E+00 0.00000E+00 0.00000E+00 0.00000E+00
 2.00000E-03 0.00000E+00 0.00000E+00 0.00000E+00 0.00000E+00 0.00000E+00 0.00000E+00 0.00000E+00 0.00000E+00 0.00000E+00 0.00000E+00
 4.00000E-03 0.00000E+00 0.00000E+00 0.00000E+00 0.00000E+00 0.00000E+00 0.00000E+00 0.00000E+00 0.00000E+00 0.00000E+00 0.00000E+00
 7.00000E-03 0.00000E+00 0.00000E+00 0.00000E+00 0.00000E+00 0.00000E+00 0.00000E+00 0.00000E+00 0.00000E+00 0.00000E+00 0.00000E+00
 1.00000E-02 0.00000E+00 0.00000E+00 0.00000E+00 0.00000E+00 0.00000E+00 0.00000E+00 0.00000E+00 0.00000E+00 0.00000E+00 0.00000E+00
 2.00000E-02 0.00000E+00 0.00000E+00 0.00000E+00 0.00000E+00 0.00000E+00 0.00000E+00 0.00000E+00 0.00000E+00 0.00000E+00 0.00000E+00
 4.00000E-02 0.00000E+00 0.00000E+00 0.00000E+00 0.00000E+00 0.00000E+00 0.00000E+00 0.00000E+00 0.00000E+00 0.00000E+00 0.00000E+00
 7.00000E-02 0.00000E+00 0.00000E+00 0.00000E+00 0.00000E+00 0.00000E+00 0.00000E+00 0.00000E+00 0.00000E+00 0.00000E+00 0.00000E+00
 1.00000E-01 0.00000E+00 0.00000E+00 0.00000E+00 0.00000E+00 0.00000E+00 0.00000E+00 0.00000E+00 0.00000E+00 0.00000E+00 0.00000E+00
 2.00000E-01 0.00000E+00 0.00000E+00 0.00000E+00 0.00000E+00 0.00000E+00 6.71664E-19 0.00000E+00 0.00000E+00 0.00000E+00 0.00000E+00
 3.00000E-01 0.00000E+00 0.00000E+00 0.00000E+00 0.00000E+00 0.00000E+00 6.04534E-14 0.00000E+00 0.00000E+00 0.00000E+00 0.00000E+00
 4.00000E-01 0.00000E+00 0.00000E+00 0.00000E+00 0.00000E+00 0.00000E+00 5.17888E-11 0.00000E+00 0.00000E+00 0.00000E+00 0.00000E+00
 5.00000E-01 0.00000E+00 0.00000E+00 0.00000E+00 0.00000E+00 0.00000E+00 5.05470E-09 0.00000E+00 0.00000E+00 0.00000E+00 0.00000E+00
 6.00000E-01 0.00000E+00 0.00000E+00 0.00000E+00 0.00000E+00 0.00000E+00 1.46002E-07 0.00000E+00 0.00000E+00 0.00000E+00 0.00000E+00
 7.00000E-01 0.00000E+00 0.00000E+00 0.00000E+00 0.00000E+00 0.00000E+00 1.96790E-06 0.00000E+00 0.00000E+00 0.00000E+00 0.00000E+00
 8.00000E-01 1.58624E-05 1.68846E-09 0.00000E+00 1.68846E-09 0.00000E+00 1.58641E-05 1.58624E-05 6.60074E-38 0.00000E+00 0.00000E+00
 9.00000E-01 8.86776E-05 4.04445E-08 0.00000E+00 4.04445E-08 0.00000E+00 8.87180E-05 8.86776E-05 1.13445E-27 0.00000E+00 0.00000E+00
 1.00000E+00 3.77690E-04 6.74465E-07 0.00000E+00 6.74465E-07 0.00000E+00 3.78364E-04 3.77690E-04 1.75064E-22 0.00000E+00 0.00000E+00
 1.20000E+00 3.79596E-03 6.71331E-05 0.00000E+00 6.71331E-05 0.00000E+00 3.86309E-03 3.79596E-03 9.99402E-17 0.00000E+00 0.00000E+00
 1.40000E+00 2.12403E-02 1.97095E-03 0.00000E+00 1.97095E-03 0.00000E+00 2.32112E-02 2.12403E-02 2.28233E-13 0.00000E+00 0.00000E+00
 1.60000E+00 7.49074E-02 2.26880E-02 0.00000E+00 2.26880E-02 0.00000E+00 9.75954E-02 7.49074E-02 4.53953E-11 0.00000E+00 0.00000E+00
 1.80000E+00 1.86192E-01 1.32237E-01 0.00000E+00 1.32237E-01 0.00000E+00 3.18429E-01 1.86192E-01 2.33018E-09 0.00000E+00 0.00000E+00
 2.00000E+00 3.69515E-01 4.91495E-01 0.00000E+00 4.91495E-01 0.00000E+00 8.61010E-01 3.69515E-01 5.10344E-08 0.00000E+00 0.00000E+00
 2.20000E+00 6.30353E-01 1.38573E+00 0.00000E+00 1.38573E+00 0.00000E+00 2.01608E+00 6.30352E-01 6.26653E-07 0.00000E+00 0.00000E+00
 2.40000E+00 1.00571E+00 3.20832E+00 0.00000E+00 3.20832E+00 0.00000E+00 4.21403E+00 1.00570E+00 5.10266E-06 0.00000E+00 0.00000E+00
 2.60000E+00 1.56181E+00 6.47124E+00 0.00000E+00 6.47124E+00 0.00000E+00 8.03305E+00 1.56178E+00 3.08557E-05 0.00000E+00 0.00000E+00
 2.80000E+00 2.42683E+00 1.17525E+01 0.00000E+00 1.17525E+01 0.00000E+00 1.41793E+01 2.42585E+00 9.06058E-04 7.34935E-05 0.00000E+00
 3.00000E+00 3.91808E+00 1.95072E+01 0.00000E+00 1.95072E+01 0.00000E+00 2.34253E+01 3.91594E+00 2.00160E-03 1.35348E-04 0.00000E+00
 3.20000E+00 6.33467E+00 3.01612E+01 0.00000E+00 3.01612E+01 0.00000E+00 3.64959E+01 6.33039E+00 4.05019E-03 2.26327E-04 0.00000E+00
 3.40000E+00 1.02978E+01 4.36116E+01 0.00000E+00 4.36116E+01 0.00000E+00 5.39094E+01 1.02860E+01 1.14047E-02 3.66932E-04 0.00000E+00
 3.60000E+00 1.64417E+01 5.93740E+01 0.00000E+00 5.93740E+01 0.00000E+00 7.58157E+01 1.64147E+01 2.63789E-02 5.97269E-04 0.00000E+00
 3.80000E+00 2.55569E+01 7.63551E+01 0.00000E+00 7.63551E+01 0.00000E+00 1.01912E+02 2.54994E+01 5.66279E-02 8.23222E-04 0.00000E+00
 4.00000E+00 3.85104E+01 9.29786E+01 0.00000E+00 9.29786E+01 0.00000E+00 1.31489E+02 3.83760E+01 1.33149E-01 1.19999E-03 0.00000E+00
 4.20000E+00 5.58839E+01 1.07734E+02 0.00000E+00 1.07734E+02 0.00000E+00 1.63618E+02 5.56268E+01 2.55429E-01 1.63932E-03 0.00000E+00
 4.40000E+00 9.71545E+01 1.00211E+02 0.00000E+00 1.00211E+02 0.00000E+00 1.97365E+02 9.66390E+01 5.13297E-01 2.21738E-03 0.00000E+00
 4.60000E+00 1.43850E+02 8.80808E+01 0.00000E+00 8.80808E+01 0.00000E+00 2.31931E+02 1.42860E+02 9.87421E-01 3.19529E-03 0.00000E+00
 4.80000E+00 1.82266E+02 8.44213E+01 0.00000E+00 8.44213E+01 0.00000E+00 2.66687E+02 1.80542E+02 1.71961E+00 4.41868E-03 0.00000E+00
 5.00000E+00 2.28885E+02 7.22390E+01 0.00000E+00 7.22390E+01 0.00000E+00 3.01124E+02 2.26008E+02 2.86953E+00 7.19468E-03 0.00000E+00
 5.20000E+00 2.68223E+02 6.65770E+01 0.00000E+00 6.65770E+01 0.00000E+00 3.34800E+02 2.63886E+02 4.32334E+00 1.30602E-02 0.00000E+00
 5.40000E+00 3.08943E+02 5.83745E+01 0.00000E+00 5.83745E+01 0.00000E+00 3.67318E+02 3.02706E+02 6.21174E+00 2.47840E-02 0.00000E+00
 5.60000E+00 3.46902E+02 5.14272E+01 0.00000E+00 5.14272E+01 0.00000E+00 3.98329E+02 3.38388E+02 8.44871E+00 6.16614E-02 0.00000E+00
 5.80000E+00 3.81877E+02 4.56860E+01 0.00000E+00 4.56860E+01 0.00000E+00 4.27563E+02 3.70836E+02 1.08477E+01 1.84393E-01 0.00000E+00
 6.00000E+00 4.14304E+02 4.05507E+01 0.00000E+00 4.05507E+01 0.00000E+00 4.54855E+02 4.00393E+02 1.34777E+01 4.15183E-01 0.00000E+00
 6.20000E+00 4.55692E+02 2.44643E+01 0.00000E+00 2.44643E+01 0.00000E+00 4.80156E+02 4.38653E+02 1.62442E+01 7.59406E-01 0.00000E+00
 6.40000E+00 4.81873E+02 2.16606E+01 0.00000E+00 2.16606E+01 0.00000E+00 5.03534E+02 4.61534E+02 1.90420E+01 1.23236E+00 0.00000E+00
 6.60000E+00 5.06025E+02 1.91280E+01 0.00000E+00 1.91280E+01 0.00000E+00 5.25153E+02 4.82245E+02 2.18342E+01 1.83225E+00 0.00000E+00
 6.80000E+00 5.28384E+02 1.68618E+01 0.00000E+00 1.68618E+01 0.00000E+00 5.45246E+02 5.01180E+02 2.44852E+01 2.53175E+00 0.00000E+00
 7.00000E+00 5.49247E+02 1.48349E+01 0.00000E+00 1.48349E+01 0.00000E+00 5.64082E+02 5.18486E+02 2.70846E+01 3.38184E+00 0.00000E+00
 7.20000E+00 5.68908E+02 1.30282E+01 0.00000E+00 1.30282E+01 0.00000E+00 5.81936E+02 5.34586E+02 2.96262E+01 4.24959E+00 0.00000E+00
 7.40000E+00 5.87643E+02 1.14273E+01 0.00000E+00 1.14273E+01 0.00000E+00 5.99070E+02 5.49601E+02 3.20350E+01 5.35641E+00 0.00000E+00
 7.60000E+00 6.05699E+02 1.00121E+01 0.00000E+00 1.00121E+01 0.00000E+00 6.15711E+02 5.63732E+02 3.43405E+01 6.71338E+00 0.00000E+00
 7.80000E+00 6.23273E+02 8.77672E+00 0.00000E+00 8.77672E+00 0.00000E+00 6.32050E+02 5.77737E+02 3.65086E+01 7.78791E+00 0.00000E+00
 8.00000E+00 6.40534E+02 7.68643E+00 0.00000E+00 7.68643E+00 0.00000E+00 6.48220E+02 5.90700E+02 3.85872E+01 9.61472E+00 0.00000E+00
 8.50000E+00 6.82884E+02 5.53752E+00 0.00000E+00 5.53752E+00 0.00000E+00 6.88422E+02 6.22353E+02 4.31411E+01 1.45297E+01 0.00000E+00
 9.00000E+00 7.24398E+02 4.01004E+00 0.00000E+00 4.01004E+00 0.00000E+00 7.28408E+02 6.52081E+02 4.73030E+01 2.06813E+01 0.00000E+00
 9.50000E+00 7.64528E+02 2.91502E+00 0.00000E+00 2.91502E+00 0.00000E+00 7.67443E+02 6.79179E+02 5.09792E+01 2.84785E+01 0.00000E+00
 1.00000E+01 8.02279E+02 2.12076E+00 0.00000E+00 2.12076E+00 0.00000E+00 8.04400E+02 7.03397E+02 5.43995E+01 3.70712E+01 0.00000E+00
 1.05000E+01 8.36795E+02 1.53693E+00 0.00000E+00 1.53693E+00 0.00000E+00 8.38332E+02 7.23120E+02 5.75635E+01 4.72723E+01 0.00000E+00
 1.10000E+01 8.67670E+02 1.10709E+00 0.00000E+00 1.10709E+00 0.00000E+00 8.68777E+02 7.38497E+02 6.04149E+01 5.85383E+01 0.00000E+00
 1.15000E+01 8.94987E+02 7.91439E-01 0.00000E+00 7.91439E-01 0.00000E+00 8.95778E+02 7.49623E+02 6.29016E+01 7.07816E+01 0.00000E+00
 1.20000E+01 9.19163E+02 5.61686E-01 0.00000E+00 5.61686E-01 0.00000E+00 9.19725E+02 7.57196E+02 6.49768E+01 8.36695E+01 0.00000E+00
 1.25000E+01 9.40750E+02 3.95774E-01 0.00000E+00 3.95774E-01 0.00000E+00 9.41146E+02 7.61588E+02 6.66293E+01 9.74130E+01 0.00000E+00
 1.30000E+01 9.60249E+02 2.77266E-01 0.00000E+00 2.77266E-01 0.00000E+00 9.60526E+02 7.63796E+02 6.77572E+01 1.11737E+02 0.00000E+00
 1.35000E+01 9.78024E+02 1.93165E-01 0.00000E+00 1.93165E-01 0.00000E+00 9.78217E+02 7.63762E+02 6.86246E+01 1.26913E+02 0.00000E+00
 1.40000E+01 9.94280E+02 1.34009E-01 0.00000E+00 1.34009E-01 0.00000E+00 9.94414E+02 7.62140E+02 6.92121E+01 1.42584E+02 0.00000E+00
 1.45000E+01 1.00911E+03 9.26146E-02 0.00000E+00 9.26146E-02 0.00000E+00 1.00920E+03 7.58804E+02 6.95474E+01 1.58986E+02 0.00000E+00
 1.50000E+01 1.02253E+03 6.38207E-02 0.00000E+00 6.38207E-02 0.00000E+00 1.02259E+03 7.53922E+02 6.96676E+01 1.75954E+02 0.00000E+00
 1.60000E+01 1.04529E+03 3.01589E-02 0.00000E+00 3.01589E-02 0.00000E+00 1.04532E+03 7.40980E+02 6.93516E+01 2.10118E+02 0.00000E+00
 1.70000E+01 1.06310E+03 1.41826E-02 0.00000E+00 1.41826E-02 0.00000E+00 1.06311E+03 7.22898E+02 6.86084E+01 2.45406E+02 0.00000E+00
 1.80000E+01 1.07696E+03 6.67902E-03 0.00000E+00 6.67902E-03 0.00000E+00 1.07697E+03 7.01297E+02 6.76241E+01 2.80790E+02 0.00000E+00
 1.90000E+01 1.08814E+03 3.16646E-03 0.00000E+00 3.16646E-03 0.00000E+00 1.08814E+03 6.77638E+02 6.64955E+01 3.15847E+02 0.00000E+00
 2.00000E+01 1.09777E+03 1.51763E-03 0.00000E+00 1.51763E-03 0.00000E+00 1.09777E+03 6.53150E+02 6.53012E+01 3.50363E+02 0.00000E+00
 2.10000E+01 1.10660E+03 7.37840E-04 0.00000E+00 7.37840E-04 0.00000E+00 1.10660E+03 6.28791E+02 6.41072E+01 3.83959E+02 0.00000E+00
 2.20000E+01 1.11487E+03 3.63459E-04 0.00000E+00 3.63459E-04 0.00000E+00 1.11487E+03 6.03499E+02 6.33148E+01 4.17443E+02 0.00000E+00
 2.30000E+01 1.12230E+03 1.82001E-04 0.00000E+00 1.82001E-04 0.00000E+00 1.12230E+03 5.79020E+02 6.22928E+01 4.49427E+02 0.00000E+00
 2.40000E+01 1.12835E+03 9.23652E-05 0.00000E+00 9.23652E-05 0.00000E+00 1.12835E+03 5.54495E+02 6.12978E+01 4.80080E+02 0.00000E+00
 2.50000E+01 1.13256E+03 4.74308E-05 0.00000E+00 4.74308E-05 0.00000E+00 1.13256E+03 5.29429E+02 6.03461E+01 5.09474E+02 0.00000E+00
 2.60000E+01 1.13474E+03 2.47228E-05 0.00000E+00 2.47228E-05 0.00000E+00 1.13474E+03 5.06364E+02 5.73341E+01 5.36953E+02 0.00000E+00
 2.70000E+01 1.13502E+03 1.29677E-05 0.00000E+00 1.29677E-05 0.00000E+00 1.13502E+03 4.81115E+02 5.64057E+01 5.62657E+02 0.00000E+00
 2.80000E+01 1.13373E+03 6.88174E-06 0.00000E+00 6.88174E-06 0.00000E+00 1.13373E+03 4.56023E+02 5.54854E+01 5.86656E+02 0.00000E+00
 2.90000E+01 1.13133E+03 3.70269E-06 0.00000E+00 3.70269E-06 0.00000E+00 1.13133E+03 4.31390E+02 5.46934E+01 6.09001E+02 0.00000E+00
 3.00000E+01 1.12821E+03 2.02406E-06 0.00000E+00 2.02406E-06 0.00000E+00 1.12821E+03 4.06188E+02 5.52882E+01 6.29851E+02 0.00000E+00
 3.20000E+01 1.12090E+03 6.68291E-07 0.00000E+00 6.68291E-07 0.00000E+00 1.12090E+03 3.62260E+02 5.33620E+01 6.67194E+02 0.00000E+00
 3.40000E+01 1.11285E+03 2.73740E-07 0.00000E+00 2.73740E-07 0.00000E+00 1.11285E+03 3.22326E+02 5.17046E+01 6.99574E+02 0.00000E+00
 3.60000E+01 1.10406E+03 1.54805E-07 0.00000E+00 1.54805E-07 0.00000E+00 1.10406E+03 2.86124E+02 5.02384E+01 7.27328E+02 0.00000E+00
 3.80000E+01 1.09434E+03 1.17771E-07 0.00000E+00 1.17771E-07 0.00000E+00 1.09434E+03 2.53299E+02 4.89048E+01 7.50775E+02 0.00000E+00
 4.00000E+01 1.08377E+03 1.05903E-07 0.00000E+00 1.05903E-07 0.00000E+00 1.08377E+03 2.23576E+02 4.75900E+01 7.70388E+02 0.00000E+00
 4.20000E+01 1.07263E+03 1.02009E-07 0.00000E+00 1.02009E-07 0.00000E+00 1.07263E+03 1.97083E+02 4.62809E+01 7.86312E+02 0.00000E+00
 4.40000E+01 1.06123E+03 1.00697E-07 0.00000E+00 1.00697E-07 0.00000E+00 1.06123E+03 1.73239E+02 4.49756E+01 7.99531E+02 0.00000E+00
 4.60000E+01 1.04978E+03 1.00247E-07 0.00000E+00 1.00247E-07 0.00000E+00 1.04978E+03 1.51725E+02 4.36901E+01 8.10556E+02 0.00000E+00
 4.80000E+01 1.03841E+03 1.00089E-07 0.00000E+00 1.00089E-07 0.00000E+00 1.03841E+03 1.32285E+02 4.24202E+01 8.19792E+02 0.00000E+00
 5.00000E+01 1.02718E+03 1.00032E-07 0.00000E+00 1.00032E-07 0.00000E+00 1.02718E+03 1.15237E+02 4.11905E+01 8.27011E+02 0.00000E+00
 5.20000E+01 1.01614E+03 1.00012E-07 0.00000E+00 1.00012E-07 0.00000E+00 1.01614E+03 9.93906E+01 4.00879E+01 8.33330E+02 0.00000E+00
 5.40000E+01 1.00530E+03 1.00004E-07 0.00000E+00 1.00004E-07 0.00000E+00 1.00530E+03 8.50820E+01 3.88872E+01 8.38561E+02 0.00000E+00
 5.60000E+01 9.94709E+02 1.00002E-07 0.00000E+00 1.00002E-07 0.00000E+00 9.94709E+02 7.20621E+01 3.77016E+01 8.42842E+02 0.00000E+00
 5.80000E+01 9.84382E+02 1.00001E-07 0.00000E+00 1.00001E-07 0.00000E+00 9.84382E+02 6.11408E+01 3.57301E+01 8.46171E+02 0.00000E+00
 6.00000E+01 9.74340E+02 1.00000E-07 0.00000E+00 1.00000E-07 0.00000E+00 9.74340E+02 5.01913E+01 3.46587E+01 8.49008E+02 0.00000E+00
