# p +  63Cu Total triton   production
# Q-value    =-1.12566E+01
# 
# # energies =   103
#    E         xs         Yield
 1.00000E-11 0.00000E+00 0.00000E+00
 2.53000E-08 0.00000E+00 0.00000E+00
 2.00000E-07 0.00000E+00 0.00000E+00
 1.00000E-06 0.00000E+00 0.00000E+00
 1.00000E-05 0.00000E+00 0.00000E+00
 1.00000E-04 0.00000E+00 0.00000E+00
 1.00000E-03 0.00000E+00 0.00000E+00
 2.00000E-03 0.00000E+00 0.00000E+00
 4.00000E-03 0.00000E+00 0.00000E+00
 7.00000E-03 0.00000E+00 0.00000E+00
 1.00000E-02 0.00000E+00 0.00000E+00
 2.00000E-02 0.00000E+00 0.00000E+00
 4.00000E-02 0.00000E+00 0.00000E+00
 7.00000E-02 0.00000E+00 0.00000E+00
 1.00000E-01 0.00000E+00 0.00000E+00
 2.00000E-01 0.00000E+00 0.00000E+00
 3.00000E-01 0.00000E+00 0.00000E+00
 4.00000E-01 0.00000E+00 0.00000E+00
 5.00000E-01 0.00000E+00 0.00000E+00
 6.00000E-01 0.00000E+00 0.00000E+00
 7.00000E-01 0.00000E+00 0.00000E+00
 8.00000E-01 0.00000E+00 0.00000E+00
 9.00000E-01 0.00000E+00 0.00000E+00
 1.00000E+00 0.00000E+00 0.00000E+00
 1.20000E+00 0.00000E+00 0.00000E+00
 1.40000E+00 0.00000E+00 0.00000E+00
 1.60000E+00 0.00000E+00 0.00000E+00
 1.80000E+00 0.00000E+00 0.00000E+00
 2.00000E+00 0.00000E+00 0.00000E+00
 2.20000E+00 0.00000E+00 0.00000E+00
 2.40000E+00 0.00000E+00 0.00000E+00
 2.60000E+00 0.00000E+00 0.00000E+00
 2.80000E+00 0.00000E+00 0.00000E+00
 3.00000E+00 0.00000E+00 0.00000E+00
 3.20000E+00 0.00000E+00 0.00000E+00
 3.40000E+00 0.00000E+00 0.00000E+00
 3.60000E+00 0.00000E+00 0.00000E+00
 3.80000E+00 0.00000E+00 0.00000E+00
 4.00000E+00 0.00000E+00 0.00000E+00
 4.20000E+00 0.00000E+00 0.00000E+00
 4.40000E+00 0.00000E+00 0.00000E+00
 4.60000E+00 0.00000E+00 0.00000E+00
 4.80000E+00 0.00000E+00 0.00000E+00
 5.00000E+00 0.00000E+00 0.00000E+00
 5.20000E+00 0.00000E+00 0.00000E+00
 5.40000E+00 0.00000E+00 0.00000E+00
 5.60000E+00 0.00000E+00 0.00000E+00
 5.80000E+00 0.00000E+00 0.00000E+00
 6.00000E+00 0.00000E+00 0.00000E+00
 6.20000E+00 0.00000E+00 0.00000E+00
 6.40000E+00 0.00000E+00 0.00000E+00
 6.60000E+00 0.00000E+00 0.00000E+00
 6.80000E+00 0.00000E+00 0.00000E+00
 7.00000E+00 0.00000E+00 0.00000E+00
 7.20000E+00 0.00000E+00 0.00000E+00
 7.40000E+00 0.00000E+00 0.00000E+00
 7.60000E+00 0.00000E+00 0.00000E+00
 7.80000E+00 0.00000E+00 0.00000E+00
 8.00000E+00 0.00000E+00 0.00000E+00
 8.50000E+00 0.00000E+00 0.00000E+00
 9.00000E+00 0.00000E+00 0.00000E+00
 9.50000E+00 0.00000E+00 0.00000E+00
 1.00000E+01 0.00000E+00 0.00000E+00
 1.05000E+01 0.00000E+00 0.00000E+00
 1.10000E+01 0.00000E+00 0.00000E+00
 1.15000E+01 0.00000E+00 0.00000E+00
 1.20000E+01 0.00000E+00 0.00000E+00
 1.25000E+01 0.00000E+00 0.00000E+00
 1.30000E+01 6.20110E-08 6.45780E-11
 1.35000E+01 4.75171E-06 4.85848E-09
 1.40000E+01 7.75289E-05 7.79749E-08
 1.45000E+01 5.02351E-04 4.97817E-07
 1.50000E+01 1.90858E-03 1.86653E-06
 1.60000E+01 9.15138E-03 8.75487E-06
 1.70000E+01 2.15758E-02 2.02952E-05
 1.80000E+01 3.95589E-02 3.67319E-05
 1.90000E+01 7.69700E-02 7.07356E-05
 2.00000E+01 1.49435E-01 1.36126E-04
 2.10000E+01 2.66854E-01 2.41148E-04
 2.20000E+01 4.29192E-01 3.84970E-04
 2.30000E+01 6.31351E-01 5.62551E-04
 2.40000E+01 8.66387E-01 7.67835E-04
 2.50000E+01 1.12708E+00 9.95160E-04
 2.60000E+01 1.37771E+00 1.21412E-03
 2.70000E+01 1.67276E+00 1.47377E-03
 2.80000E+01 1.97777E+00 1.74448E-03
 2.90000E+01 2.28977E+00 2.02396E-03
 3.00000E+01 2.60486E+00 2.30884E-03
 3.20000E+01 3.23449E+00 2.88562E-03
 3.40000E+01 3.88745E+00 3.49324E-03
 3.60000E+01 4.46405E+00 4.04331E-03
 3.80000E+01 5.03952E+00 4.60508E-03
 4.00000E+01 5.57452E+00 5.14364E-03
 4.20000E+01 6.07487E+00 5.66353E-03
 4.40000E+01 6.53462E+00 6.15759E-03
 4.60000E+01 6.95669E+00 6.62681E-03
 4.80000E+01 7.31103E+00 7.04060E-03
 5.00000E+01 7.68602E+00 7.48264E-03
 5.20000E+01 8.04286E+00 7.91511E-03
 5.40000E+01 8.38927E+00 8.34504E-03
 5.60000E+01 8.73239E+00 8.77884E-03
 5.80000E+01 9.07918E+00 9.22323E-03
 6.00000E+01 9.42125E+00 9.66937E-03
