# p +  65Cu Total triton   production
# Q-value    =-9.34464E+00
# 
# # energies =   103
#    E         xs         Yield
 1.00000E-11 0.00000E+00 0.00000E+00
 2.53000E-08 0.00000E+00 0.00000E+00
 2.00000E-07 0.00000E+00 0.00000E+00
 1.00000E-06 0.00000E+00 0.00000E+00
 1.00000E-05 0.00000E+00 0.00000E+00
 1.00000E-04 0.00000E+00 0.00000E+00
 1.00000E-03 0.00000E+00 0.00000E+00
 2.00000E-03 0.00000E+00 0.00000E+00
 4.00000E-03 0.00000E+00 0.00000E+00
 7.00000E-03 0.00000E+00 0.00000E+00
 1.00000E-02 0.00000E+00 0.00000E+00
 2.00000E-02 0.00000E+00 0.00000E+00
 4.00000E-02 0.00000E+00 0.00000E+00
 7.00000E-02 0.00000E+00 0.00000E+00
 1.00000E-01 0.00000E+00 0.00000E+00
 2.00000E-01 0.00000E+00 0.00000E+00
 3.00000E-01 0.00000E+00 0.00000E+00
 4.00000E-01 0.00000E+00 0.00000E+00
 5.00000E-01 0.00000E+00 0.00000E+00
 6.00000E-01 0.00000E+00 0.00000E+00
 7.00000E-01 0.00000E+00 0.00000E+00
 8.00000E-01 0.00000E+00 0.00000E+00
 9.00000E-01 0.00000E+00 0.00000E+00
 1.00000E+00 0.00000E+00 0.00000E+00
 1.20000E+00 0.00000E+00 0.00000E+00
 1.40000E+00 0.00000E+00 0.00000E+00
 1.60000E+00 0.00000E+00 0.00000E+00
 1.80000E+00 0.00000E+00 0.00000E+00
 2.00000E+00 0.00000E+00 0.00000E+00
 2.20000E+00 0.00000E+00 0.00000E+00
 2.40000E+00 0.00000E+00 0.00000E+00
 2.60000E+00 0.00000E+00 0.00000E+00
 2.80000E+00 0.00000E+00 0.00000E+00
 3.00000E+00 0.00000E+00 0.00000E+00
 3.20000E+00 0.00000E+00 0.00000E+00
 3.40000E+00 0.00000E+00 0.00000E+00
 3.60000E+00 0.00000E+00 0.00000E+00
 3.80000E+00 0.00000E+00 0.00000E+00
 4.00000E+00 0.00000E+00 0.00000E+00
 4.20000E+00 0.00000E+00 0.00000E+00
 4.40000E+00 0.00000E+00 0.00000E+00
 4.60000E+00 0.00000E+00 0.00000E+00
 4.80000E+00 0.00000E+00 0.00000E+00
 5.00000E+00 0.00000E+00 0.00000E+00
 5.20000E+00 0.00000E+00 0.00000E+00
 5.40000E+00 0.00000E+00 0.00000E+00
 5.60000E+00 0.00000E+00 0.00000E+00
 5.80000E+00 0.00000E+00 0.00000E+00
 6.00000E+00 0.00000E+00 0.00000E+00
 6.20000E+00 0.00000E+00 0.00000E+00
 6.40000E+00 0.00000E+00 0.00000E+00
 6.60000E+00 0.00000E+00 0.00000E+00
 6.80000E+00 0.00000E+00 0.00000E+00
 7.00000E+00 0.00000E+00 0.00000E+00
 7.20000E+00 0.00000E+00 0.00000E+00
 7.40000E+00 0.00000E+00 0.00000E+00
 7.60000E+00 0.00000E+00 0.00000E+00
 7.80000E+00 0.00000E+00 0.00000E+00
 8.00000E+00 0.00000E+00 0.00000E+00
 8.50000E+00 0.00000E+00 0.00000E+00
 9.00000E+00 0.00000E+00 0.00000E+00
 9.50000E+00 0.00000E+00 0.00000E+00
 1.00000E+01 0.00000E+00 0.00000E+00
 1.05000E+01 0.00000E+00 0.00000E+00
 1.10000E+01 2.63201E-08 2.85862E-11
 1.15000E+01 2.55999E-06 2.70377E-09
 1.20000E+01 4.57429E-05 4.71798E-08
 1.25000E+01 3.03156E-04 3.06339E-07
 1.30000E+01 1.13801E-03 1.12944E-06
 1.35000E+01 2.83965E-03 2.77336E-06
 1.40000E+01 5.31909E-03 5.12041E-06
 1.45000E+01 8.55410E-03 8.12758E-06
 1.50000E+01 1.35239E-02 1.26982E-05
 1.60000E+01 2.89912E-02 2.66689E-05
 1.70000E+01 7.56302E-02 6.84078E-05
 1.80000E+01 1.77319E-01 1.58137E-04
 1.90000E+01 3.46238E-01 3.05037E-04
 2.00000E+01 5.79170E-01 5.04719E-04
 2.10000E+01 8.66215E-01 7.47523E-04
 2.20000E+01 1.19579E+00 1.02330E-03
 2.30000E+01 1.55690E+00 1.32350E-03
 2.40000E+01 1.93976E+00 1.64132E-03
 2.50000E+01 2.33660E+00 1.97185E-03
 2.60000E+01 2.74197E+00 2.31170E-03
 2.70000E+01 3.14999E+00 2.65649E-03
 2.80000E+01 3.55641E+00 3.00274E-03
 2.90000E+01 3.92422E+00 3.31889E-03
 3.00000E+01 4.32049E+00 3.66146E-03
 3.20000E+01 5.12617E+00 4.36511E-03
 3.40000E+01 5.85209E+00 5.01293E-03
 3.60000E+01 6.53107E+00 5.63572E-03
 3.80000E+01 7.16432E+00 6.23575E-03
 4.00000E+01 7.73500E+00 6.79720E-03
 4.20000E+01 8.24459E+00 7.31883E-03
 4.40000E+01 8.70205E+00 7.80614E-03
 4.60000E+01 9.07124E+00 8.22452E-03
 4.80000E+01 9.45809E+00 8.66824E-03
 5.00000E+01 9.81941E+00 9.09769E-03
 5.20000E+01 1.01662E+01 9.52219E-03
 5.40000E+01 1.05067E+01 9.94868E-03
 5.60000E+01 1.08369E+01 1.03728E-02
 5.80000E+01 1.11653E+01 1.08021E-02
 6.00000E+01 1.14955E+01 1.12394E-02
