# p + 118Sn Total alpha    production
# Q-value    = 2.74757E+00
# 
# # energies =   103
#    E         xs         Yield
 1.00000E-11 0.00000E+00 0.00000E+00
 2.53000E-08 0.00000E+00 0.00000E+00
 2.00000E-07 0.00000E+00 0.00000E+00
 1.00000E-06 0.00000E+00 0.00000E+00
 1.00000E-05 0.00000E+00 0.00000E+00
 1.00000E-04 0.00000E+00 0.00000E+00
 1.00000E-03 0.00000E+00 0.00000E+00
 2.00000E-03 0.00000E+00 0.00000E+00
 4.00000E-03 0.00000E+00 0.00000E+00
 7.00000E-03 0.00000E+00 0.00000E+00
 1.00000E-02 0.00000E+00 0.00000E+00
 2.00000E-02 0.00000E+00 0.00000E+00
 4.00000E-02 0.00000E+00 0.00000E+00
 7.00000E-02 0.00000E+00 0.00000E+00
 1.00000E-01 0.00000E+00 0.00000E+00
 2.00000E-01 0.00000E+00 0.00000E+00
 3.00000E-01 0.00000E+00 0.00000E+00
 4.00000E-01 0.00000E+00 0.00000E+00
 5.00000E-01 0.00000E+00 0.00000E+00
 6.00000E-01 0.00000E+00 0.00000E+00
 7.00000E-01 0.00000E+00 0.00000E+00
 8.00000E-01 0.00000E+00 0.00000E+00
 9.00000E-01 0.00000E+00 0.00000E+00
 1.00000E+00 0.00000E+00 0.00000E+00
 1.20000E+00 0.00000E+00 0.00000E+00
 1.40000E+00 0.00000E+00 0.00000E+00
 1.60000E+00 0.00000E+00 0.00000E+00
 1.80000E+00 0.00000E+00 0.00000E+00
 2.00000E+00 0.00000E+00 0.00000E+00
 2.20000E+00 0.00000E+00 0.00000E+00
 2.40000E+00 0.00000E+00 0.00000E+00
 2.60000E+00 0.00000E+00 0.00000E+00
 2.80000E+00 0.00000E+00 0.00000E+00
 3.00000E+00 1.77261E-17 2.32381E-16
 3.20000E+00 2.80299E-15 1.63511E-14
 3.40000E+00 1.88056E-15 5.30492E-15
 3.60000E+00 2.68925E-15 3.94464E-15
 3.80000E+00 1.23063E-13 1.00011E-13
 4.00000E+00 1.33074E-13 6.33452E-14
 4.20000E+00 2.37836E-12 6.96081E-13
 4.40000E+00 1.16812E-06 2.19289E-07
 4.60000E+00 1.46203E-06 1.65409E-07
 4.80000E+00 3.02349E-06 2.23646E-07
 5.00000E+00 5.52983E-06 2.81321E-07
 5.20000E+00 9.78503E-06 3.55950E-07
 5.40000E+00 1.90093E-05 5.10279E-07
 5.60000E+00 3.36057E-05 6.84836E-07
 5.80000E+00 5.75210E-05 9.13504E-07
 6.00000E+00 9.91497E-05 1.25720E-06
 6.20000E+00 1.55899E-04 1.61375E-06
 6.40000E+00 2.45355E-04 2.11557E-06
 6.60000E+00 3.67331E-04 2.68641E-06
 6.80000E+00 5.34632E-04 3.36971E-06
 7.00000E+00 7.76560E-04 4.27752E-06
 7.20000E+00 1.06769E-03 5.20215E-06
 7.40000E+00 1.47228E-03 6.41137E-06
 7.60000E+00 1.99063E-03 7.81715E-06
 7.80000E+00 2.63942E-03 9.41901E-06
 8.00000E+00 3.58576E-03 1.17065E-05
 8.50000E+00 6.98831E-03 1.87172E-05
 9.00000E+00 1.22711E-02 2.77491E-05
 9.50000E+00 1.95816E-02 3.82729E-05
 1.00000E+01 2.89262E-02 4.98276E-05
 1.05000E+01 4.07391E-02 6.28674E-05
 1.10000E+01 5.61085E-02 7.86492E-05
 1.15000E+01 7.71229E-02 9.94056E-05
 1.20000E+01 1.07464E-01 1.28802E-04
 1.25000E+01 1.47969E-01 1.66638E-04
 1.30000E+01 2.10124E-01 2.24460E-04
 1.35000E+01 2.97550E-01 3.03993E-04
 1.40000E+01 4.16377E-01 4.09639E-04
 1.45000E+01 5.72642E-01 5.45426E-04
 1.50000E+01 7.71924E-01 7.14691E-04
 1.60000E+01 1.32542E+00 1.16892E-03
 1.70000E+01 2.15525E+00 1.82307E-03
 1.80000E+01 3.45235E+00 2.81530E-03
 1.90000E+01 5.97049E+00 4.71681E-03
 2.00000E+01 1.15290E+01 8.86546E-03
 2.10000E+01 1.46054E+01 1.09781E-02
 2.20000E+01 1.73774E+01 1.28136E-02
 2.30000E+01 1.37178E+01 9.95197E-03
 2.40000E+01 1.38127E+01 9.88157E-03
 2.50000E+01 1.44825E+01 1.02337E-02
 2.60000E+01 1.54131E+01 1.07702E-02
 2.70000E+01 1.64819E+01 1.13989E-02
 2.80000E+01 1.76134E+01 1.20657E-02
 2.90000E+01 1.87462E+01 1.27307E-02
 3.00000E+01 1.98881E+01 1.34039E-02
 3.20000E+01 2.20720E+01 1.47083E-02
 3.40000E+01 2.41009E+01 1.59579E-02
 3.60000E+01 2.59851E+01 1.71483E-02
 3.80000E+01 2.76238E+01 1.81958E-02
 4.00000E+01 2.93396E+01 1.93120E-02
 4.20000E+01 3.09731E+01 2.04020E-02
 4.40000E+01 3.24888E+01 2.14493E-02
 4.60000E+01 3.39859E+01 2.25171E-02
 4.80000E+01 3.54395E+01 2.35828E-02
 5.00000E+01 3.69390E+01 2.47018E-02
 5.20000E+01 3.83461E+01 2.57801E-02
 5.40000E+01 3.97052E+01 2.68476E-02
 5.60000E+01 4.10482E+01 2.79253E-02
 5.80000E+01 4.23543E+01 2.89975E-02
 6.00000E+01 4.36145E+01 3.00563E-02
