# p + 124Sn Total alpha    production
# Q-value    = 2.46718E+00
# 
# # energies =   103
#    E         xs         Yield
 1.00000E-11 0.00000E+00 0.00000E+00
 2.53000E-08 0.00000E+00 0.00000E+00
 2.00000E-07 0.00000E+00 0.00000E+00
 1.00000E-06 0.00000E+00 0.00000E+00
 1.00000E-05 0.00000E+00 0.00000E+00
 1.00000E-04 0.00000E+00 0.00000E+00
 1.00000E-03 0.00000E+00 0.00000E+00
 2.00000E-03 0.00000E+00 0.00000E+00
 4.00000E-03 0.00000E+00 0.00000E+00
 7.00000E-03 0.00000E+00 0.00000E+00
 1.00000E-02 0.00000E+00 0.00000E+00
 2.00000E-02 0.00000E+00 0.00000E+00
 4.00000E-02 0.00000E+00 0.00000E+00
 7.00000E-02 0.00000E+00 0.00000E+00
 1.00000E-01 0.00000E+00 0.00000E+00
 2.00000E-01 0.00000E+00 0.00000E+00
 3.00000E-01 0.00000E+00 0.00000E+00
 4.00000E-01 0.00000E+00 0.00000E+00
 5.00000E-01 0.00000E+00 0.00000E+00
 6.00000E-01 0.00000E+00 0.00000E+00
 7.00000E-01 0.00000E+00 0.00000E+00
 8.00000E-01 0.00000E+00 0.00000E+00
 9.00000E-01 0.00000E+00 0.00000E+00
 1.00000E+00 0.00000E+00 0.00000E+00
 1.20000E+00 0.00000E+00 0.00000E+00
 1.40000E+00 0.00000E+00 0.00000E+00
 1.60000E+00 0.00000E+00 0.00000E+00
 1.80000E+00 0.00000E+00 0.00000E+00
 2.00000E+00 0.00000E+00 0.00000E+00
 2.20000E+00 0.00000E+00 0.00000E+00
 2.40000E+00 0.00000E+00 0.00000E+00
 2.60000E+00 0.00000E+00 0.00000E+00
 2.80000E+00 0.00000E+00 0.00000E+00
 3.00000E+00 0.00000E+00 0.00000E+00
 3.20000E+00 1.97085E-17 7.79955E-17
 3.40000E+00 1.11505E-15 2.15040E-15
 3.60000E+00 2.08874E-15 2.10823E-15
 3.80000E+00 2.68887E-15 1.51201E-15
 4.00000E+00 1.06114E-13 3.51304E-14
 4.20000E+00 1.40858E-13 2.88372E-14
 4.40000E+00 1.45891E-12 1.93008E-13
 4.60000E+00 6.46834E-11 5.75340E-12
 4.80000E+00 2.08001E-10 1.28927E-11
 5.00000E+00 2.26935E-09 1.01255E-10
 5.20000E+00 8.77971E-09 2.90405E-10
 5.40000E+00 2.15768E-08 5.43348E-10
 5.60000E+00 4.86307E-08 9.54989E-10
 5.80000E+00 1.05757E-07 1.65486E-09
 6.00000E+00 2.12526E-07 2.70148E-09
 6.20000E+00 4.16838E-07 4.37869E-09
 6.40000E+00 7.64323E-07 6.73669E-09
 6.60000E+00 1.37269E-06 1.02892E-08
 6.80000E+00 2.44991E-06 1.58042E-08
 7.00000E+00 4.21183E-06 2.36329E-08
 7.20000E+00 6.95462E-06 3.42673E-08
 7.40000E+00 1.15142E-05 5.02505E-08
 7.60000E+00 1.77480E-05 6.91484E-08
 7.80000E+00 2.73629E-05 9.58754E-08
 8.00000E+00 4.24092E-05 1.34545E-07
 8.50000E+00 1.06212E-04 2.70164E-07
 9.00000E+00 2.48238E-04 5.24306E-07
 9.50000E+00 5.06801E-04 9.15984E-07
 1.00000E+01 1.07063E-03 1.69807E-06
 1.05000E+01 2.23382E-03 3.17424E-06
 1.10000E+01 4.58718E-03 5.94173E-06
 1.15000E+01 9.20373E-03 1.10274E-05
 1.20000E+01 1.78097E-02 1.99878E-05
 1.25000E+01 3.28872E-02 3.49414E-05
 1.30000E+01 5.75540E-02 5.83925E-05
 1.35000E+01 9.53981E-02 9.30523E-05
 1.40000E+01 1.50262E-01 1.41625E-04
 1.45000E+01 2.26225E-01 2.06787E-04
 1.50000E+01 3.27751E-01 2.91337E-04
 1.60000E+01 6.30720E-01 5.33365E-04
 1.70000E+01 1.13810E+00 9.21915E-04
 1.80000E+01 2.04983E+00 1.60124E-03
 1.90000E+01 4.23649E+00 3.21129E-03
 2.00000E+01 8.95221E+00 6.61891E-03
 2.10000E+01 1.13906E+01 8.24710E-03
 2.20000E+01 1.27460E+01 9.06263E-03
 2.30000E+01 9.06814E+00 6.34455E-03
 2.40000E+01 8.56295E+00 5.90426E-03
 2.50000E+01 8.57797E+00 5.83599E-03
 2.60000E+01 8.83854E+00 5.94000E-03
 2.70000E+01 9.21835E+00 6.12686E-03
 2.80000E+01 9.66072E+00 6.35829E-03
 2.90000E+01 1.01392E+01 6.61799E-03
 3.00000E+01 1.06344E+01 6.89433E-03
 3.20000E+01 1.16333E+01 7.47059E-03
 3.40000E+01 1.26271E+01 8.05939E-03
 3.60000E+01 1.35968E+01 8.63932E-03
 3.80000E+01 1.43981E+01 9.11996E-03
 4.00000E+01 1.53317E+01 9.69957E-03
 4.20000E+01 1.62219E+01 1.02711E-02
 4.40000E+01 1.70532E+01 1.08228E-02
 4.60000E+01 1.78557E+01 1.13697E-02
 4.80000E+01 1.86346E+01 1.19129E-02
 5.00000E+01 1.93928E+01 1.24540E-02
 5.20000E+01 2.01272E+01 1.29918E-02
 5.40000E+01 2.08470E+01 1.35322E-02
 5.60000E+01 2.16462E+01 1.41355E-02
 5.80000E+01 2.24304E+01 1.47396E-02
 6.00000E+01 2.31330E+01 1.52996E-02
