# p + 114Sn Total alpha    production
# Q-value    = 2.69637E+00
# 
# # energies =   103
#    E         xs         Yield
 1.00000E-11 0.00000E+00 0.00000E+00
 2.53000E-08 0.00000E+00 0.00000E+00
 2.00000E-07 0.00000E+00 0.00000E+00
 1.00000E-06 0.00000E+00 0.00000E+00
 1.00000E-05 0.00000E+00 0.00000E+00
 1.00000E-04 0.00000E+00 0.00000E+00
 1.00000E-03 0.00000E+00 0.00000E+00
 2.00000E-03 0.00000E+00 0.00000E+00
 4.00000E-03 0.00000E+00 0.00000E+00
 7.00000E-03 0.00000E+00 0.00000E+00
 1.00000E-02 0.00000E+00 0.00000E+00
 2.00000E-02 0.00000E+00 0.00000E+00
 4.00000E-02 0.00000E+00 0.00000E+00
 7.00000E-02 0.00000E+00 0.00000E+00
 1.00000E-01 0.00000E+00 0.00000E+00
 2.00000E-01 0.00000E+00 0.00000E+00
 3.00000E-01 0.00000E+00 0.00000E+00
 4.00000E-01 0.00000E+00 0.00000E+00
 5.00000E-01 0.00000E+00 0.00000E+00
 6.00000E-01 0.00000E+00 0.00000E+00
 7.00000E-01 0.00000E+00 0.00000E+00
 8.00000E-01 0.00000E+00 0.00000E+00
 9.00000E-01 0.00000E+00 0.00000E+00
 1.00000E+00 0.00000E+00 0.00000E+00
 1.20000E+00 0.00000E+00 0.00000E+00
 1.40000E+00 0.00000E+00 0.00000E+00
 1.60000E+00 0.00000E+00 0.00000E+00
 1.80000E+00 0.00000E+00 0.00000E+00
 2.00000E+00 0.00000E+00 0.00000E+00
 2.20000E+00 0.00000E+00 0.00000E+00
 2.40000E+00 0.00000E+00 0.00000E+00
 2.60000E+00 0.00000E+00 0.00000E+00
 2.80000E+00 0.00000E+00 0.00000E+00
 3.00000E+00 0.00000E+00 0.00000E+00
 3.20000E+00 2.24344E-17 1.97806E-16
 3.40000E+00 2.66093E-15 1.21502E-14
 3.60000E+00 3.40159E-15 8.66733E-15
 3.80000E+00 1.09245E-13 1.64979E-13
 4.00000E+00 1.30817E-13 1.22877E-13
 4.20000E+00 1.51959E-13 9.22863E-14
 4.40000E+00 3.58877E-06 1.45387E-06
 4.60000E+00 1.11323E-05 3.08616E-06
 4.80000E+00 2.30408E-05 4.46363E-06
 5.00000E+00 9.41164E-05 1.29660E-05
 5.20000E+00 2.18000E-04 2.16774E-05
 5.40000E+00 4.55200E-04 3.30836E-05
 5.60000E+00 1.12167E-03 6.02066E-05
 5.80000E+00 2.11600E-03 8.50400E-05
 6.00000E+00 4.47418E-03 1.35766E-04
 6.20000E+00 8.44565E-03 1.95822E-04
 6.40000E+00 1.45294E-02 2.60856E-04
 6.60000E+00 2.66006E-02 3.73818E-04
 6.80000E+00 4.32559E-02 4.83430E-04
 7.00000E+00 5.52478E-02 4.56337E-04
 7.20000E+00 5.46006E-02 3.29228E-04
 7.40000E+00 6.29184E-02 3.13563E-04
 7.60000E+00 7.87586E-02 3.39563E-04
 7.80000E+00 9.90487E-02 3.78107E-04
 8.00000E+00 1.26198E-01 4.33290E-04
 8.50000E+00 2.24809E-01 6.11208E-04
 9.00000E+00 3.76628E-01 8.67985E-04
 9.50000E+00 5.83634E-01 1.17118E-03
 1.00000E+01 8.41261E-01 1.49942E-03
 1.05000E+01 1.12757E+00 1.81228E-03
 1.10000E+01 1.41385E+00 2.07372E-03
 1.15000E+01 1.68929E+00 2.28362E-03
 1.20000E+01 1.96621E+00 2.47164E-03
 1.25000E+01 2.25967E+00 2.66392E-03
 1.30000E+01 2.59148E+00 2.88883E-03
 1.35000E+01 2.98281E+00 3.16874E-03
 1.40000E+01 3.45145E+00 3.51898E-03
 1.45000E+01 4.01028E+00 3.94791E-03
 1.50000E+01 4.66478E+00 4.45585E-03
 1.60000E+01 6.29583E+00 5.72130E-03
 1.70000E+01 8.37275E+00 7.30122E-03
 1.80000E+01 1.10688E+01 9.31023E-03
 1.90000E+01 1.47104E+01 1.19838E-02
 2.00000E+01 2.09016E+01 1.65565E-02
 2.10000E+01 2.68854E+01 2.07860E-02
 2.20000E+01 3.19768E+01 2.42153E-02
 2.30000E+01 3.27477E+01 2.43689E-02
 2.40000E+01 3.24861E+01 2.38229E-02
 2.50000E+01 3.48513E+01 2.52449E-02
 2.60000E+01 3.75053E+01 2.68818E-02
 2.70000E+01 4.04154E+01 2.86968E-02
 2.80000E+01 4.33191E+01 3.04946E-02
 2.90000E+01 4.62052E+01 3.22664E-02
 3.00000E+01 4.88999E+01 3.38975E-02
 3.20000E+01 5.40115E+01 3.69939E-02
 3.40000E+01 5.84488E+01 3.97375E-02
 3.60000E+01 6.20854E+01 4.20661E-02
 3.80000E+01 6.52523E+01 4.41619E-02
 4.00000E+01 6.82320E+01 4.61801E-02
 4.20000E+01 7.10404E+01 4.81320E-02
 4.40000E+01 7.36275E+01 4.99997E-02
 4.60000E+01 7.59397E+01 5.17519E-02
 4.80000E+01 7.81343E+01 5.34862E-02
 5.00000E+01 8.01020E+01 5.51146E-02
 5.20000E+01 8.21870E+01 5.68634E-02
 5.40000E+01 8.42895E+01 5.86618E-02
 5.60000E+01 8.62630E+01 6.04062E-02
 5.80000E+01 8.83658E+01 6.22763E-02
 6.00000E+01 9.05743E+01 6.42544E-02
