# p + 116Sn Total alpha    production
# Q-value    = 2.70520E+00
# 
# # energies =   103
#    E         xs         Yield
 1.00000E-11 0.00000E+00 0.00000E+00
 2.53000E-08 0.00000E+00 0.00000E+00
 2.00000E-07 0.00000E+00 0.00000E+00
 1.00000E-06 0.00000E+00 0.00000E+00
 1.00000E-05 0.00000E+00 0.00000E+00
 1.00000E-04 0.00000E+00 0.00000E+00
 1.00000E-03 0.00000E+00 0.00000E+00
 2.00000E-03 0.00000E+00 0.00000E+00
 4.00000E-03 0.00000E+00 0.00000E+00
 7.00000E-03 0.00000E+00 0.00000E+00
 1.00000E-02 0.00000E+00 0.00000E+00
 2.00000E-02 0.00000E+00 0.00000E+00
 4.00000E-02 0.00000E+00 0.00000E+00
 7.00000E-02 0.00000E+00 0.00000E+00
 1.00000E-01 0.00000E+00 0.00000E+00
 2.00000E-01 0.00000E+00 0.00000E+00
 3.00000E-01 0.00000E+00 0.00000E+00
 4.00000E-01 0.00000E+00 0.00000E+00
 5.00000E-01 0.00000E+00 0.00000E+00
 6.00000E-01 0.00000E+00 0.00000E+00
 7.00000E-01 0.00000E+00 0.00000E+00
 8.00000E-01 0.00000E+00 0.00000E+00
 9.00000E-01 0.00000E+00 0.00000E+00
 1.00000E+00 0.00000E+00 0.00000E+00
 1.20000E+00 0.00000E+00 0.00000E+00
 1.40000E+00 0.00000E+00 0.00000E+00
 1.60000E+00 0.00000E+00 0.00000E+00
 1.80000E+00 0.00000E+00 0.00000E+00
 2.00000E+00 0.00000E+00 0.00000E+00
 2.20000E+00 0.00000E+00 0.00000E+00
 2.40000E+00 0.00000E+00 0.00000E+00
 2.60000E+00 0.00000E+00 0.00000E+00
 2.80000E+00 0.00000E+00 0.00000E+00
 3.00000E+00 0.00000E+00 0.00000E+00
 3.20000E+00 0.00000E+00 0.00000E+00
 3.40000E+00 2.60691E-15 8.94932E-15
 3.60000E+00 2.83966E-15 5.19471E-15
 3.80000E+00 1.30251E-13 1.35412E-13
 4.00000E+00 1.69587E-13 1.05808E-13
 4.20000E+00 1.83625E-12 7.19728E-13
 4.40000E+00 2.02503E-06 5.18162E-07
 4.60000E+00 6.25969E-06 1.08012E-06
 4.80000E+00 1.77981E-05 2.12846E-06
 5.00000E+00 6.59195E-05 5.59459E-06
 5.20000E+00 1.43697E-04 8.83552E-06
 5.40000E+00 3.24731E-04 1.47327E-05
 5.60000E+00 6.88753E-04 2.27799E-05
 5.80000E+00 7.20440E-04 1.46218E-05
 6.00000E+00 1.21530E-03 1.86213E-05
 6.20000E+00 1.56232E-03 1.85049E-05
 6.40000E+00 1.89565E-03 1.78120E-05
 6.60000E+00 2.60015E-03 2.00978E-05
 6.80000E+00 3.37470E-03 2.20396E-05
 7.00000E+00 4.55629E-03 2.56639E-05
 7.20000E+00 6.17535E-03 3.04982E-05
 7.40000E+00 8.02630E-03 3.52290E-05
 7.60000E+00 1.07929E-02 4.25776E-05
 7.80000E+00 1.38114E-02 4.94360E-05
 8.00000E+00 1.80197E-02 5.89910E-05
 8.50000E+00 3.34787E-02 9.01616E-05
 9.00000E+00 5.75218E-02 1.31424E-04
 9.50000E+00 8.97904E-02 1.78114E-04
 1.00000E+01 1.28660E-01 2.25927E-04
 1.05000E+01 1.73406E-01 2.73648E-04
 1.10000E+01 2.24576E-01 3.22510E-04
 1.15000E+01 2.84728E-01 3.76192E-04
 1.20000E+01 3.59062E-01 4.40875E-04
 1.25000E+01 4.53011E-01 5.21880E-04
 1.30000E+01 5.75360E-01 6.27530E-04
 1.35000E+01 7.33522E-01 7.63665E-04
 1.40000E+01 9.37649E-01 9.38432E-04
 1.45000E+01 1.19361E+00 1.15510E-03
 1.50000E+01 1.50956E+00 1.41893E-03
 1.60000E+01 2.34637E+00 2.10005E-03
 1.70000E+01 3.51570E+00 3.01903E-03
 1.80000E+01 5.18136E+00 4.29042E-03
 1.90000E+01 7.89495E+00 6.33182E-03
 2.00000E+01 1.36170E+01 1.06235E-02
 2.10000E+01 1.77751E+01 1.35447E-02
 2.20000E+01 2.17051E+01 1.62131E-02
 2.30000E+01 2.05078E+01 1.50639E-02
 2.40000E+01 1.95698E+01 1.41725E-02
 2.50000E+01 2.10191E+01 1.50375E-02
 2.60000E+01 2.27801E+01 1.61224E-02
 2.70000E+01 2.47189E+01 1.73232E-02
 2.80000E+01 2.67593E+01 1.85828E-02
 2.90000E+01 2.88256E+01 1.98496E-02
 3.00000E+01 3.09112E+01 2.11249E-02
 3.20000E+01 3.49196E+01 2.35843E-02
 3.40000E+01 3.86425E+01 2.59198E-02
 3.60000E+01 4.21669E+01 2.81915E-02
 3.80000E+01 4.52273E+01 3.01940E-02
 4.00000E+01 4.82237E+01 3.21828E-02
 4.20000E+01 5.09393E+01 3.40240E-02
 4.40000E+01 5.33808E+01 3.57354E-02
 4.60000E+01 5.55226E+01 3.73008E-02
 4.80000E+01 5.74238E+01 3.87496E-02
 5.00000E+01 5.88781E+01 3.99311E-02
 5.20000E+01 6.05468E+01 4.12869E-02
 5.40000E+01 6.19299E+01 4.24759E-02
 5.60000E+01 6.32631E+01 4.36571E-02
 5.80000E+01 6.45850E+01 4.48544E-02
 6.00000E+01 6.57295E+01 4.59499E-02
