# p + 119Sn Total alpha    production
# Q-value    = 3.04883E+00
# 
# # energies =   103
#    E         xs         Yield
 1.00000E-11 0.00000E+00 0.00000E+00
 2.53000E-08 0.00000E+00 0.00000E+00
 2.00000E-07 0.00000E+00 0.00000E+00
 1.00000E-06 0.00000E+00 0.00000E+00
 1.00000E-05 0.00000E+00 0.00000E+00
 1.00000E-04 0.00000E+00 0.00000E+00
 1.00000E-03 0.00000E+00 0.00000E+00
 2.00000E-03 0.00000E+00 0.00000E+00
 4.00000E-03 0.00000E+00 0.00000E+00
 7.00000E-03 0.00000E+00 0.00000E+00
 1.00000E-02 0.00000E+00 0.00000E+00
 2.00000E-02 0.00000E+00 0.00000E+00
 4.00000E-02 0.00000E+00 0.00000E+00
 7.00000E-02 0.00000E+00 0.00000E+00
 1.00000E-01 0.00000E+00 0.00000E+00
 2.00000E-01 0.00000E+00 0.00000E+00
 3.00000E-01 0.00000E+00 0.00000E+00
 4.00000E-01 0.00000E+00 0.00000E+00
 5.00000E-01 0.00000E+00 0.00000E+00
 6.00000E-01 0.00000E+00 0.00000E+00
 7.00000E-01 0.00000E+00 0.00000E+00
 8.00000E-01 0.00000E+00 0.00000E+00
 9.00000E-01 0.00000E+00 0.00000E+00
 1.00000E+00 0.00000E+00 0.00000E+00
 1.20000E+00 0.00000E+00 0.00000E+00
 1.40000E+00 0.00000E+00 0.00000E+00
 1.60000E+00 0.00000E+00 0.00000E+00
 1.80000E+00 0.00000E+00 0.00000E+00
 2.00000E+00 9.46372E-15 4.27074E-11
 2.20000E+00 8.27351E-14 8.18384E-11
 2.40000E+00 2.66518E-13 7.06931E-11
 2.60000E+00 5.03416E-13 4.21018E-11
 2.80000E+00 5.42841E-12 1.63442E-10
 3.00000E+00 1.20612E-11 1.45995E-10
 3.20000E+00 4.79538E-11 2.56154E-10
 3.40000E+00 1.33961E-10 3.41978E-10
 3.60000E+00 2.47899E-10 3.24033E-10
 3.80000E+00 1.28847E-09 9.15958E-10
 4.00000E+00 7.02296E-09 2.86432E-09
 4.20000E+00 2.23352E-08 5.48187E-09
 4.40000E+00 8.13680E-08 1.25478E-08
 4.60000E+00 2.34853E-07 2.36691E-08
 4.80000E+00 6.24823E-07 4.26737E-08
 5.00000E+00 1.33752E-06 6.40220E-08
 5.20000E+00 2.92058E-06 1.01099E-07
 5.40000E+00 5.98813E-06 1.54369E-07
 5.60000E+00 1.11770E-05 2.20531E-07
 5.80000E+00 1.99388E-05 3.08861E-07
 6.00000E+00 3.40013E-05 4.23307E-07
 6.20000E+00 5.70533E-05 5.83185E-07
 6.40000E+00 9.28422E-05 7.94288E-07
 6.60000E+00 1.42562E-04 1.03835E-06
 6.80000E+00 2.15771E-04 1.35811E-06
 7.00000E+00 3.18695E-04 1.75615E-06
 7.20000E+00 4.71382E-04 2.29969E-06
 7.40000E+00 6.93781E-04 3.02569E-06
 7.60000E+00 9.71335E-04 3.81856E-06
 7.80000E+00 1.40959E-03 5.03169E-06
 8.00000E+00 1.99890E-03 6.52064E-06
 8.50000E+00 4.64222E-03 1.23832E-05
 9.00000E+00 9.81328E-03 2.20313E-05
 9.50000E+00 1.92246E-02 3.72087E-05
 1.00000E+01 3.54508E-02 6.03644E-05
 1.05000E+01 6.23512E-02 9.50113E-05
 1.10000E+01 1.04894E-01 1.45137E-04
 1.15000E+01 1.68924E-01 2.14979E-04
 1.20000E+01 2.60733E-01 3.08784E-04
 1.25000E+01 3.86229E-01 4.30229E-04
 1.30000E+01 5.51008E-01 5.82846E-04
 1.35000E+01 7.61345E-01 7.71006E-04
 1.40000E+01 1.01880E+00 9.94302E-04
 1.45000E+01 1.32905E+00 1.25643E-03
 1.50000E+01 1.69649E+00 1.55939E-03
 1.60000E+01 2.63822E+00 2.30999E-03
 1.70000E+01 3.98641E+00 3.34703E-03
 1.80000E+01 6.28978E+00 5.09088E-03
 1.90000E+01 1.15007E+01 9.01974E-03
 2.00000E+01 1.87190E+01 1.42946E-02
 2.10000E+01 2.22544E+01 1.66181E-02
 2.20000E+01 2.14102E+01 1.56888E-02
 2.30000E+01 1.70611E+01 1.23024E-02
 2.40000E+01 1.64862E+01 1.17227E-02
 2.50000E+01 1.66668E+01 1.17041E-02
 2.60000E+01 1.71997E+01 1.19415E-02
 2.70000E+01 1.79033E+01 1.22997E-02
 2.80000E+01 1.87010E+01 1.27237E-02
 2.90000E+01 1.95307E+01 1.31728E-02
 3.00000E+01 2.03872E+01 1.36471E-02
 3.20000E+01 2.20770E+01 1.46164E-02
 3.40000E+01 2.36881E+01 1.55859E-02
 3.60000E+01 2.51882E+01 1.65161E-02
 3.80000E+01 2.64963E+01 1.73376E-02
 4.00000E+01 2.78152E+01 1.81845E-02
 4.20000E+01 2.90161E+01 1.89829E-02
 4.40000E+01 3.01260E+01 1.97543E-02
 4.60000E+01 3.12015E+01 2.05319E-02
 4.80000E+01 3.21580E+01 2.12528E-02
 5.00000E+01 3.32323E+01 2.20695E-02
 5.20000E+01 3.43504E+01 2.29333E-02
 5.40000E+01 3.55350E+01 2.38601E-02
 5.60000E+01 3.67596E+01 2.48327E-02
 5.80000E+01 3.80470E+01 2.58661E-02
 6.00000E+01 3.94082E+01 2.69670E-02
