# p + 115Sn Total alpha    production
# Q-value    = 2.82034E+00
# 
# # energies =   103
#    E         xs         Yield
 1.00000E-11 0.00000E+00 0.00000E+00
 2.53000E-08 0.00000E+00 0.00000E+00
 2.00000E-07 0.00000E+00 0.00000E+00
 1.00000E-06 0.00000E+00 0.00000E+00
 1.00000E-05 0.00000E+00 0.00000E+00
 1.00000E-04 0.00000E+00 0.00000E+00
 1.00000E-03 0.00000E+00 0.00000E+00
 2.00000E-03 0.00000E+00 0.00000E+00
 4.00000E-03 0.00000E+00 0.00000E+00
 7.00000E-03 0.00000E+00 0.00000E+00
 1.00000E-02 0.00000E+00 0.00000E+00
 2.00000E-02 0.00000E+00 0.00000E+00
 4.00000E-02 0.00000E+00 0.00000E+00
 7.00000E-02 0.00000E+00 0.00000E+00
 1.00000E-01 0.00000E+00 0.00000E+00
 2.00000E-01 0.00000E+00 0.00000E+00
 3.00000E-01 0.00000E+00 0.00000E+00
 4.00000E-01 0.00000E+00 0.00000E+00
 5.00000E-01 0.00000E+00 0.00000E+00
 6.00000E-01 0.00000E+00 0.00000E+00
 7.00000E-01 0.00000E+00 0.00000E+00
 8.00000E-01 0.00000E+00 0.00000E+00
 9.00000E-01 0.00000E+00 0.00000E+00
 1.00000E+00 0.00000E+00 0.00000E+00
 1.20000E+00 0.00000E+00 0.00000E+00
 1.40000E+00 0.00000E+00 0.00000E+00
 1.60000E+00 0.00000E+00 0.00000E+00
 1.80000E+00 0.00000E+00 0.00000E+00
 2.00000E+00 0.00000E+00 0.00000E+00
 2.20000E+00 0.00000E+00 0.00000E+00
 2.40000E+00 8.26696E-15 2.81584E-12
 2.60000E+00 1.87341E-13 2.02791E-11
 2.80000E+00 3.57897E-13 1.40639E-11
 3.00000E+00 2.59782E-12 4.14375E-11
 3.20000E+00 5.64558E-12 4.02109E-11
 3.40000E+00 9.83324E-12 3.39575E-11
 3.60000E+00 8.58774E-11 1.54448E-10
 3.80000E+00 1.53740E-10 1.53225E-10
 4.00000E+00 6.02029E-10 3.34252E-10
 4.20000E+00 1.22598E-09 4.05884E-10
 4.40000E+00 2.43677E-06 5.03436E-07
 4.60000E+00 7.90979E-06 1.06038E-06
 4.80000E+00 1.57618E-05 1.37772E-06
 5.00000E+00 4.06466E-05 2.43054E-06
 5.20000E+00 8.39345E-05 3.54478E-06
 5.40000E+00 2.00619E-04 6.18612E-06
 5.60000E+00 4.48633E-04 1.03500E-05
 5.80000E+00 8.33147E-04 1.46932E-05
 6.00000E+00 1.44450E-03 1.98947E-05
 6.20000E+00 2.27154E-03 2.50227E-05
 6.40000E+00 3.51203E-03 3.16561E-05
 6.60000E+00 5.32112E-03 4.00757E-05
 6.80000E+00 7.60331E-03 4.87624E-05
 7.00000E+00 1.06531E-02 5.91686E-05
 7.20000E+00 1.44322E-02 7.04550E-05
 7.40000E+00 1.92808E-02 8.37988E-05
 7.60000E+00 2.56426E-02 1.00318E-04
 7.80000E+00 3.31526E-02 1.17845E-04
 8.00000E+00 4.25064E-02 1.38386E-04
 8.50000E+00 7.84927E-02 2.10975E-04
 9.00000E+00 1.38657E-01 3.17149E-04
 9.50000E+00 2.29678E-01 4.57825E-04
 1.00000E+01 3.51966E-01 6.22634E-04
 1.05000E+01 5.08432E-01 8.09942E-04
 1.10000E+01 7.01598E-01 1.01858E-03
 1.15000E+01 9.39389E-01 1.25576E-03
 1.20000E+01 1.22938E+00 1.52755E-03
 1.25000E+01 1.58357E+00 1.84549E-03
 1.30000E+01 2.01473E+00 2.22134E-03
 1.35000E+01 2.53683E+00 2.66751E-03
 1.40000E+01 3.16288E+00 3.19451E-03
 1.45000E+01 3.90636E+00 3.81227E-03
 1.50000E+01 4.75619E+00 4.50623E-03
 1.60000E+01 6.69305E+00 6.03581E-03
 1.70000E+01 9.12602E+00 7.89694E-03
 1.80000E+01 1.22908E+01 1.02570E-02
 1.90000E+01 1.70600E+01 1.37889E-02
 2.00000E+01 2.64152E+01 2.07638E-02
 2.10000E+01 3.17480E+01 2.43655E-02
 2.20000E+01 3.68217E+01 2.76909E-02
 2.30000E+01 3.41676E+01 2.52590E-02
 2.40000E+01 3.26471E+01 2.37904E-02
 2.50000E+01 3.42544E+01 2.46585E-02
 2.60000E+01 3.62965E+01 2.58517E-02
 2.70000E+01 3.84998E+01 2.71588E-02
 2.80000E+01 4.08041E+01 2.85299E-02
 2.90000E+01 4.31507E+01 2.99229E-02
 3.00000E+01 4.54470E+01 3.12796E-02
 3.20000E+01 4.98347E+01 3.38922E-02
 3.40000E+01 5.37848E+01 3.63182E-02
 3.60000E+01 5.74063E+01 3.86353E-02
 3.80000E+01 6.05366E+01 4.06903E-02
 4.00000E+01 6.35067E+01 4.26795E-02
 4.20000E+01 6.61634E+01 4.45072E-02
 4.40000E+01 6.83913E+01 4.61103E-02
 4.60000E+01 7.03426E+01 4.75938E-02
 4.80000E+01 7.20069E+01 4.89377E-02
 5.00000E+01 7.37108E+01 5.03503E-02
 5.20000E+01 7.52348E+01 5.16744E-02
 5.40000E+01 7.66368E+01 5.29457E-02
 5.60000E+01 7.80637E+01 5.42641E-02
 5.80000E+01 7.94910E+01 5.56107E-02
 6.00000E+01 8.09385E+01 5.69965E-02
