# p + 122Sn Total alpha    production
# Q-value    = 2.62276E+00
# 
# # energies =   103
#    E         xs         Yield
 1.00000E-11 0.00000E+00 0.00000E+00
 2.53000E-08 0.00000E+00 0.00000E+00
 2.00000E-07 0.00000E+00 0.00000E+00
 1.00000E-06 0.00000E+00 0.00000E+00
 1.00000E-05 0.00000E+00 0.00000E+00
 1.00000E-04 0.00000E+00 0.00000E+00
 1.00000E-03 0.00000E+00 0.00000E+00
 2.00000E-03 0.00000E+00 0.00000E+00
 4.00000E-03 0.00000E+00 0.00000E+00
 7.00000E-03 0.00000E+00 0.00000E+00
 1.00000E-02 0.00000E+00 0.00000E+00
 2.00000E-02 0.00000E+00 0.00000E+00
 4.00000E-02 0.00000E+00 0.00000E+00
 7.00000E-02 0.00000E+00 0.00000E+00
 1.00000E-01 0.00000E+00 0.00000E+00
 2.00000E-01 0.00000E+00 0.00000E+00
 3.00000E-01 0.00000E+00 0.00000E+00
 4.00000E-01 0.00000E+00 0.00000E+00
 5.00000E-01 0.00000E+00 0.00000E+00
 6.00000E-01 0.00000E+00 0.00000E+00
 7.00000E-01 0.00000E+00 0.00000E+00
 8.00000E-01 0.00000E+00 0.00000E+00
 9.00000E-01 0.00000E+00 0.00000E+00
 1.00000E+00 0.00000E+00 0.00000E+00
 1.20000E+00 0.00000E+00 0.00000E+00
 1.40000E+00 0.00000E+00 0.00000E+00
 1.60000E+00 0.00000E+00 0.00000E+00
 1.80000E+00 0.00000E+00 0.00000E+00
 2.00000E+00 0.00000E+00 0.00000E+00
 2.20000E+00 0.00000E+00 0.00000E+00
 2.40000E+00 0.00000E+00 0.00000E+00
 2.60000E+00 0.00000E+00 0.00000E+00
 2.80000E+00 0.00000E+00 0.00000E+00
 3.00000E+00 0.00000E+00 0.00000E+00
 3.20000E+00 1.63912E-17 7.23103E-17
 3.40000E+00 2.13491E-15 4.54279E-15
 3.60000E+00 2.44451E-15 2.69229E-15
 3.80000E+00 8.33587E-14 5.05572E-14
 4.00000E+00 1.00159E-13 3.53386E-14
 4.20000E+00 1.42375E-13 3.06922E-14
 4.40000E+00 3.44505E-12 4.74271E-13
 4.60000E+00 2.05671E-09 1.88221E-10
 4.80000E+00 8.98074E-09 5.66728E-10
 5.00000E+00 2.52280E-08 1.13521E-09
 5.20000E+00 7.46261E-08 2.46928E-09
 5.40000E+00 1.72641E-07 4.32058E-09
 5.60000E+00 3.64424E-07 7.07762E-09
 5.80000E+00 7.26739E-07 1.12116E-08
 6.00000E+00 1.35870E-06 1.70034E-08
 6.20000E+00 2.47017E-06 2.55508E-08
 6.40000E+00 4.37188E-06 3.80031E-08
 6.60000E+00 7.39806E-06 5.48388E-08
 6.80000E+00 1.23207E-05 7.88811E-08
 7.00000E+00 1.95594E-05 1.09377E-07
 7.20000E+00 3.07968E-05 1.51906E-07
 7.40000E+00 4.79192E-05 2.10306E-07
 7.60000E+00 7.26029E-05 2.85721E-07
 7.80000E+00 1.10737E-04 3.93526E-07
 8.00000E+00 1.59386E-04 5.14796E-07
 8.50000E+00 3.76020E-04 9.80809E-07
 9.00000E+00 7.66366E-04 1.66669E-06
 9.50000E+00 1.44055E-03 2.68479E-06
 1.00000E+01 2.60997E-03 4.26654E-06
 1.05000E+01 4.70013E-03 6.87167E-06
 1.10000E+01 8.59586E-03 1.14262E-05
 1.15000E+01 1.56494E-02 1.91848E-05
 1.20000E+01 2.81555E-02 3.22347E-05
 1.25000E+01 4.92194E-02 5.32038E-05
 1.30000E+01 8.24621E-02 8.49411E-05
 1.35000E+01 1.31977E-01 1.30513E-04
 1.40000E+01 2.02030E-01 1.92907E-04
 1.45000E+01 2.97023E-01 2.75001E-04
 1.50000E+01 4.24103E-01 3.81910E-04
 1.60000E+01 7.90443E-01 6.77660E-04
 1.70000E+01 1.38821E+00 1.14046E-03
 1.80000E+01 2.42206E+00 1.91833E-03
 1.90000E+01 4.81855E+00 3.70091E-03
 2.00000E+01 9.74149E+00 7.29317E-03
 2.10000E+01 1.23522E+01 9.05190E-03
 2.20000E+01 1.36888E+01 9.84992E-03
 2.30000E+01 1.01878E+01 7.21470E-03
 2.40000E+01 9.85593E+00 6.88071E-03
 2.50000E+01 1.00606E+01 6.93267E-03
 2.60000E+01 1.05248E+01 7.16613E-03
 2.70000E+01 1.11197E+01 7.48838E-03
 2.80000E+01 1.17980E+01 7.86688E-03
 2.90000E+01 1.25190E+01 8.27620E-03
 3.00000E+01 1.32633E+01 8.70587E-03
 3.20000E+01 1.47686E+01 9.59714E-03
 3.40000E+01 1.62670E+01 1.05079E-02
 3.60000E+01 1.77411E+01 1.14143E-02
 3.80000E+01 1.90305E+01 1.22101E-02
 4.00000E+01 2.04344E+01 1.30955E-02
 4.20000E+01 2.17704E+01 1.39619E-02
 4.40000E+01 2.30087E+01 1.47909E-02
 4.60000E+01 2.41773E+01 1.55955E-02
 4.80000E+01 2.52920E+01 1.63819E-02
 5.00000E+01 2.63981E+01 1.71782E-02
 5.20000E+01 2.74366E+01 1.79466E-02
 5.40000E+01 2.84553E+01 1.87184E-02
 5.60000E+01 2.94799E+01 1.95097E-02
 5.80000E+01 3.04854E+01 2.03026E-02
 6.00000E+01 3.15574E+01 2.11532E-02
