# p + 120Sn Total alpha    production
# Q-value    = 2.70935E+00
# 
# # energies =   103
#    E         xs         Yield
 1.00000E-11 0.00000E+00 0.00000E+00
 2.53000E-08 0.00000E+00 0.00000E+00
 2.00000E-07 0.00000E+00 0.00000E+00
 1.00000E-06 0.00000E+00 0.00000E+00
 1.00000E-05 0.00000E+00 0.00000E+00
 1.00000E-04 0.00000E+00 0.00000E+00
 1.00000E-03 0.00000E+00 0.00000E+00
 2.00000E-03 0.00000E+00 0.00000E+00
 4.00000E-03 0.00000E+00 0.00000E+00
 7.00000E-03 0.00000E+00 0.00000E+00
 1.00000E-02 0.00000E+00 0.00000E+00
 2.00000E-02 0.00000E+00 0.00000E+00
 4.00000E-02 0.00000E+00 0.00000E+00
 7.00000E-02 0.00000E+00 0.00000E+00
 1.00000E-01 0.00000E+00 0.00000E+00
 2.00000E-01 0.00000E+00 0.00000E+00
 3.00000E-01 0.00000E+00 0.00000E+00
 4.00000E-01 0.00000E+00 0.00000E+00
 5.00000E-01 0.00000E+00 0.00000E+00
 6.00000E-01 0.00000E+00 0.00000E+00
 7.00000E-01 0.00000E+00 0.00000E+00
 8.00000E-01 0.00000E+00 0.00000E+00
 9.00000E-01 0.00000E+00 0.00000E+00
 1.00000E+00 0.00000E+00 0.00000E+00
 1.20000E+00 0.00000E+00 0.00000E+00
 1.40000E+00 0.00000E+00 0.00000E+00
 1.60000E+00 0.00000E+00 0.00000E+00
 1.80000E+00 0.00000E+00 0.00000E+00
 2.00000E+00 0.00000E+00 0.00000E+00
 2.20000E+00 0.00000E+00 0.00000E+00
 2.40000E+00 0.00000E+00 0.00000E+00
 2.60000E+00 0.00000E+00 0.00000E+00
 2.80000E+00 0.00000E+00 0.00000E+00
 3.00000E+00 1.65538E-17 1.94336E-16
 3.20000E+00 1.50393E-15 7.88551E-15
 3.40000E+00 1.66073E-15 4.21326E-15
 3.60000E+00 2.59645E-15 3.36996E-15
 3.80000E+00 1.08976E-13 7.70239E-14
 4.00000E+00 1.33095E-13 5.40324E-14
 4.20000E+00 2.44518E-12 5.97848E-13
 4.40000E+00 1.38228E-08 2.12270E-09
 4.60000E+00 3.19223E-08 3.19806E-09
 4.80000E+00 1.05751E-07 7.15630E-09
 5.00000E+00 3.47794E-07 1.64186E-08
 5.20000E+00 7.93445E-07 2.69290E-08
 5.40000E+00 1.68948E-06 4.24070E-08
 5.60000E+00 3.34966E-06 6.38627E-08
 5.80000E+00 6.26104E-06 9.29737E-08
 6.00000E+00 1.11655E-05 1.32210E-07
 6.20000E+00 1.93541E-05 1.86768E-07
 6.40000E+00 3.17640E-05 2.54860E-07
 6.60000E+00 5.12627E-05 3.48234E-07
 6.80000E+00 8.00406E-05 4.67846E-07
 7.00000E+00 1.20158E-04 6.12999E-07
 7.20000E+00 1.78413E-04 8.04361E-07
 7.40000E+00 2.57054E-04 1.03529E-06
 7.60000E+00 3.71733E-04 1.35004E-06
 7.80000E+00 5.29107E-04 1.74688E-06
 8.00000E+00 7.35224E-04 2.22243E-06
 8.50000E+00 1.58784E-03 3.95093E-06
 9.00000E+00 3.02396E-03 6.38299E-06
 9.50000E+00 5.12912E-03 9.40675E-06
 1.00000E+01 7.99840E-03 1.29949E-05
 1.05000E+01 1.22052E-02 1.78475E-05
 1.10000E+01 1.85853E-02 2.47878E-05
 1.15000E+01 2.87711E-02 3.54085E-05
 1.20000E+01 4.53202E-02 5.20122E-05
 1.25000E+01 7.20479E-02 7.78580E-05
 1.30000E+01 1.13328E-01 1.16326E-04
 1.35000E+01 1.74026E-01 1.70960E-04
 1.40000E+01 2.59068E-01 2.45111E-04
 1.45000E+01 3.73422E-01 3.41964E-04
 1.50000E+01 5.22221E-01 4.64655E-04
 1.60000E+01 9.48163E-01 8.02889E-04
 1.70000E+01 1.61723E+00 1.31294E-03
 1.80000E+01 2.75861E+00 2.15928E-03
 1.90000E+01 5.24191E+00 3.97590E-03
 2.00000E+01 1.04359E+01 7.70523E-03
 2.10000E+01 1.32142E+01 9.53553E-03
 2.20000E+01 1.50198E+01 1.06293E-02
 2.30000E+01 1.14182E+01 7.94743E-03
 2.40000E+01 1.11879E+01 7.67656E-03
 2.50000E+01 1.15181E+01 7.80465E-03
 2.60000E+01 1.21096E+01 8.11393E-03
 2.70000E+01 1.28405E+01 8.51640E-03
 2.80000E+01 1.36451E+01 8.96666E-03
 2.90000E+01 1.44872E+01 9.44151E-03
 3.00000E+01 1.53425E+01 9.92752E-03
 3.20000E+01 1.70343E+01 1.09042E-02
 3.40000E+01 1.86776E+01 1.18776E-02
 3.60000E+01 2.02527E+01 1.28295E-02
 3.80000E+01 2.16042E+01 1.36555E-02
 4.00000E+01 2.30459E+01 1.45558E-02
 4.20000E+01 2.43956E+01 1.54201E-02
 4.40000E+01 2.56178E+01 1.62279E-02
 4.60000E+01 2.67578E+01 1.70056E-02
 4.80000E+01 2.78119E+01 1.77478E-02
 5.00000E+01 2.88427E+01 1.84920E-02
 5.20000E+01 2.97820E+01 1.91938E-02
 5.40000E+01 3.07036E+01 1.98997E-02
 5.60000E+01 3.16321E+01 2.06251E-02
 5.80000E+01 3.25485E+01 2.13566E-02
 6.00000E+01 3.35452E+01 2.21542E-02
