# p + 112Sn Total alpha    production
# Q-value    = 2.69853E+00
# 
# # energies =   103
#    E         xs         Yield
 1.00000E-11 0.00000E+00 0.00000E+00
 2.53000E-08 0.00000E+00 0.00000E+00
 2.00000E-07 0.00000E+00 0.00000E+00
 1.00000E-06 0.00000E+00 0.00000E+00
 1.00000E-05 0.00000E+00 0.00000E+00
 1.00000E-04 0.00000E+00 0.00000E+00
 1.00000E-03 0.00000E+00 0.00000E+00
 2.00000E-03 0.00000E+00 0.00000E+00
 4.00000E-03 0.00000E+00 0.00000E+00
 7.00000E-03 0.00000E+00 0.00000E+00
 1.00000E-02 0.00000E+00 0.00000E+00
 2.00000E-02 0.00000E+00 0.00000E+00
 4.00000E-02 0.00000E+00 0.00000E+00
 7.00000E-02 0.00000E+00 0.00000E+00
 1.00000E-01 0.00000E+00 0.00000E+00
 2.00000E-01 0.00000E+00 0.00000E+00
 3.00000E-01 0.00000E+00 0.00000E+00
 4.00000E-01 0.00000E+00 0.00000E+00
 5.00000E-01 0.00000E+00 0.00000E+00
 6.00000E-01 0.00000E+00 0.00000E+00
 7.00000E-01 0.00000E+00 0.00000E+00
 8.00000E-01 0.00000E+00 0.00000E+00
 9.00000E-01 0.00000E+00 0.00000E+00
 1.00000E+00 0.00000E+00 0.00000E+00
 1.20000E+00 0.00000E+00 0.00000E+00
 1.40000E+00 0.00000E+00 0.00000E+00
 1.60000E+00 0.00000E+00 0.00000E+00
 1.80000E+00 0.00000E+00 0.00000E+00
 2.00000E+00 0.00000E+00 0.00000E+00
 2.20000E+00 0.00000E+00 0.00000E+00
 2.40000E+00 0.00000E+00 0.00000E+00
 2.60000E+00 0.00000E+00 0.00000E+00
 2.80000E+00 0.00000E+00 0.00000E+00
 3.00000E+00 0.00000E+00 0.00000E+00
 3.20000E+00 0.00000E+00 0.00000E+00
 3.40000E+00 2.60249E-15 1.74642E-14
 3.60000E+00 4.08878E-15 1.61172E-14
 3.80000E+00 1.42432E-13 3.47236E-13
 4.00000E+00 1.27073E-13 1.99341E-13
 4.20000E+00 2.03216E-13 2.11491E-13
 4.40000E+00 2.36568E-06 1.67188E-06
 4.60000E+00 7.33499E-06 3.58301E-06
 4.80000E+00 1.53057E-05 5.23661E-06
 5.00000E+00 1.36604E-04 3.30637E-05
 5.20000E+00 2.93466E-04 5.06466E-05
 5.40000E+00 6.05104E-04 7.47841E-05
 5.60000E+00 1.45213E-03 1.29252E-04
 5.80000E+00 2.60976E-03 1.69751E-04
 6.00000E+00 5.63094E-03 2.66755E-04
 6.20000E+00 1.06349E-02 3.72797E-04
 6.40000E+00 1.81739E-02 4.75612E-04
 6.60000E+00 3.46184E-02 6.83409E-04
 6.80000E+00 5.54503E-02 8.40373E-04
 7.00000E+00 9.05431E-02 1.06629E-03
 7.20000E+00 1.42802E-01 1.33281E-03
 7.40000E+00 2.05868E-01 1.55014E-03
 7.60000E+00 3.47127E-01 1.79822E-03
 7.80000E+00 4.75570E-01 2.11347E-03
 8.00000E+00 6.16667E-01 2.38476E-03
 8.50000E+00 8.21436E-01 2.34947E-03
 9.00000E+00 1.11288E+00 2.61770E-03
 9.50000E+00 1.54641E+00 3.14250E-03
 1.00000E+01 2.14021E+00 3.86184E-03
 1.05000E+01 2.89438E+00 4.72055E-03
 1.10000E+01 3.76307E+00 5.61722E-03
 1.15000E+01 4.68420E+00 6.46098E-03
 1.20000E+01 5.61690E+00 7.21642E-03
 1.25000E+01 6.54465E+00 7.89029E-03
 1.30000E+01 7.45484E+00 8.49537E-03
 1.35000E+01 8.36491E+00 9.07478E-03
 1.40000E+01 9.31907E+00 9.68947E-03
 1.45000E+01 1.03582E+01 1.03845E-02
 1.50000E+01 1.15107E+01 1.11841E-02
 1.60000E+01 1.42102E+01 1.31179E-02
 1.70000E+01 1.74130E+01 1.54227E-02
 1.80000E+01 2.13682E+01 1.82609E-02
 1.90000E+01 2.63388E+01 2.18042E-02
 2.00000E+01 3.35300E+01 2.69842E-02
 2.10000E+01 4.14930E+01 3.25752E-02
 2.20000E+01 4.79922E+01 3.68774E-02
 2.30000E+01 5.08934E+01 3.83971E-02
 2.40000E+01 5.13097E+01 3.81221E-02
 2.50000E+01 5.44755E+01 3.99638E-02
 2.60000E+01 5.76694E+01 4.18613E-02
 2.70000E+01 6.09234E+01 4.38235E-02
 2.80000E+01 6.40969E+01 4.57332E-02
 2.90000E+01 6.72352E+01 4.76143E-02
 3.00000E+01 7.02752E+01 4.94214E-02
 3.20000E+01 7.61221E+01 5.29019E-02
 3.40000E+01 8.12529E+01 5.60252E-02
 3.60000E+01 8.53916E+01 5.86602E-02
 3.80000E+01 8.86999E+01 6.08730E-02
 4.00000E+01 9.18237E+01 6.30432E-02
 4.20000E+01 9.47993E+01 6.51738E-02
 4.40000E+01 9.78982E+01 6.74662E-02
 4.60000E+01 1.00968E+02 6.98277E-02
 4.80000E+01 1.03938E+02 7.22059E-02
 5.00000E+01 1.06625E+02 7.44566E-02
 5.20000E+01 1.09254E+02 7.67235E-02
 5.40000E+01 1.11670E+02 7.88877E-02
 5.60000E+01 1.13872E+02 8.09448E-02
 5.80000E+01 1.16129E+02 8.30812E-02
 6.00000E+01 1.18220E+02 8.51370E-02
