# p + 117Sn Total alpha    production
# Q-value    = 3.03612E+00
# 
# # energies =   103
#    E         xs         Yield
 1.00000E-11 0.00000E+00 0.00000E+00
 2.53000E-08 0.00000E+00 0.00000E+00
 2.00000E-07 0.00000E+00 0.00000E+00
 1.00000E-06 0.00000E+00 0.00000E+00
 1.00000E-05 0.00000E+00 0.00000E+00
 1.00000E-04 0.00000E+00 0.00000E+00
 1.00000E-03 0.00000E+00 0.00000E+00
 2.00000E-03 0.00000E+00 0.00000E+00
 4.00000E-03 0.00000E+00 0.00000E+00
 7.00000E-03 0.00000E+00 0.00000E+00
 1.00000E-02 0.00000E+00 0.00000E+00
 2.00000E-02 0.00000E+00 0.00000E+00
 4.00000E-02 0.00000E+00 0.00000E+00
 7.00000E-02 0.00000E+00 0.00000E+00
 1.00000E-01 0.00000E+00 0.00000E+00
 2.00000E-01 0.00000E+00 0.00000E+00
 3.00000E-01 0.00000E+00 0.00000E+00
 4.00000E-01 0.00000E+00 0.00000E+00
 5.00000E-01 0.00000E+00 0.00000E+00
 6.00000E-01 0.00000E+00 0.00000E+00
 7.00000E-01 0.00000E+00 0.00000E+00
 8.00000E-01 0.00000E+00 0.00000E+00
 9.00000E-01 0.00000E+00 0.00000E+00
 1.00000E+00 0.00000E+00 0.00000E+00
 1.20000E+00 0.00000E+00 0.00000E+00
 1.40000E+00 0.00000E+00 0.00000E+00
 1.60000E+00 0.00000E+00 0.00000E+00
 1.80000E+00 0.00000E+00 0.00000E+00
 2.00000E+00 0.00000E+00 0.00000E+00
 2.20000E+00 9.76199E-15 1.09985E-11
 2.40000E+00 2.31117E-13 7.00071E-11
 2.60000E+00 3.89720E-13 3.72898E-11
 2.80000E+00 4.87238E-12 1.67999E-10
 3.00000E+00 6.31233E-12 8.75288E-11
 3.20000E+00 1.19819E-11 7.32919E-11
 3.40000E+00 1.11804E-10 3.26055E-10
 3.60000E+00 1.80412E-10 2.68530E-10
 3.80000E+00 1.12570E-09 9.07761E-10
 4.00000E+00 4.77577E-08 2.19902E-08
 4.20000E+00 1.80528E-07 4.97045E-08
 4.40000E+00 5.58695E-07 9.59189E-08
 4.60000E+00 1.34990E-06 1.50148E-07
 4.80000E+00 3.49639E-06 2.60991E-07
 5.00000E+00 7.58472E-06 3.92611E-07
 5.20000E+00 1.64261E-05 6.08014E-07
 5.40000E+00 3.32010E-05 9.04639E-07
 5.60000E+00 6.19166E-05 1.27639E-06
 5.80000E+00 1.09670E-04 1.75532E-06
 6.00000E+00 1.85387E-04 2.36046E-06
 6.20000E+00 3.01085E-04 3.11938E-06
 6.40000E+00 4.76719E-04 4.10305E-06
 6.60000E+00 7.19254E-04 5.23996E-06
 6.80000E+00 1.05029E-03 6.58565E-06
 7.00000E+00 1.50547E-03 8.24429E-06
 7.20000E+00 2.11156E-03 1.02277E-05
 7.40000E+00 2.95265E-03 1.27881E-05
 7.60000E+00 4.00645E-03 1.56610E-05
 7.80000E+00 5.35519E-03 1.90445E-05
 8.00000E+00 7.30153E-03 2.37869E-05
 8.50000E+00 1.45973E-02 3.91580E-05
 9.00000E+00 2.75030E-02 6.25101E-05
 9.50000E+00 4.80485E-02 9.46639E-05
 1.00000E+01 7.91547E-02 1.37750E-04
 1.05000E+01 1.24520E-01 1.94413E-04
 1.10000E+01 1.88956E-01 2.68181E-04
 1.15000E+01 2.78018E-01 3.62865E-04
 1.20000E+01 3.97236E-01 4.81896E-04
 1.25000E+01 5.52996E-01 6.29811E-04
 1.30000E+01 7.51300E-01 8.10808E-04
 1.35000E+01 9.96008E-01 1.02701E-03
 1.40000E+01 1.28999E+00 1.27981E-03
 1.45000E+01 1.63805E+00 1.57240E-03
 1.50000E+01 2.04397E+00 1.90655E-03
 1.60000E+01 3.04831E+00 2.70812E-03
 1.70000E+01 4.45668E+00 3.79816E-03
 1.80000E+01 6.65189E+00 5.46581E-03
 1.90000E+01 1.12746E+01 8.97382E-03
 2.00000E+01 1.91652E+01 1.48429E-02
 2.10000E+01 2.27734E+01 1.72334E-02
 2.20000E+01 2.34504E+01 1.74024E-02
 2.30000E+01 1.82961E+01 1.33554E-02
 2.40000E+01 1.77265E+01 1.27590E-02
 2.50000E+01 1.79639E+01 1.27725E-02
 2.60000E+01 1.85816E+01 1.30676E-02
 2.70000E+01 1.93993E+01 1.35058E-02
 2.80000E+01 2.03409E+01 1.40296E-02
 2.90000E+01 2.13500E+01 1.45997E-02
 3.00000E+01 2.24024E+01 1.52030E-02
 3.20000E+01 2.45583E+01 1.64741E-02
 3.40000E+01 2.67490E+01 1.78252E-02
 3.60000E+01 2.89715E+01 1.92431E-02
 3.80000E+01 3.10147E+01 2.05665E-02
 4.00000E+01 3.32008E+01 2.20040E-02
 4.20000E+01 3.52917E+01 2.34078E-02
 4.40000E+01 3.72674E+01 2.47744E-02
 4.60000E+01 3.90740E+01 2.60674E-02
 4.80000E+01 4.07903E+01 2.73325E-02
 5.00000E+01 4.25127E+01 2.86287E-02
 5.20000E+01 4.41200E+01 2.98718E-02
 5.40000E+01 4.56688E+01 3.10994E-02
 5.60000E+01 4.71533E+01 3.23070E-02
 5.80000E+01 4.86103E+01 3.35181E-02
 6.00000E+01 5.00223E+01 3.47184E-02
