# p + 122Sn Total deuteron production
# Q-value    =-6.59008E+00
# 
# # energies =   103
#    E         xs         Yield
 1.00000E-11 0.00000E+00 0.00000E+00
 2.53000E-08 0.00000E+00 0.00000E+00
 2.00000E-07 0.00000E+00 0.00000E+00
 1.00000E-06 0.00000E+00 0.00000E+00
 1.00000E-05 0.00000E+00 0.00000E+00
 1.00000E-04 0.00000E+00 0.00000E+00
 1.00000E-03 0.00000E+00 0.00000E+00
 2.00000E-03 0.00000E+00 0.00000E+00
 4.00000E-03 0.00000E+00 0.00000E+00
 7.00000E-03 0.00000E+00 0.00000E+00
 1.00000E-02 0.00000E+00 0.00000E+00
 2.00000E-02 0.00000E+00 0.00000E+00
 4.00000E-02 0.00000E+00 0.00000E+00
 7.00000E-02 0.00000E+00 0.00000E+00
 1.00000E-01 0.00000E+00 0.00000E+00
 2.00000E-01 0.00000E+00 0.00000E+00
 3.00000E-01 0.00000E+00 0.00000E+00
 4.00000E-01 0.00000E+00 0.00000E+00
 5.00000E-01 0.00000E+00 0.00000E+00
 6.00000E-01 0.00000E+00 0.00000E+00
 7.00000E-01 0.00000E+00 0.00000E+00
 8.00000E-01 0.00000E+00 0.00000E+00
 9.00000E-01 0.00000E+00 0.00000E+00
 1.00000E+00 0.00000E+00 0.00000E+00
 1.20000E+00 0.00000E+00 0.00000E+00
 1.40000E+00 0.00000E+00 0.00000E+00
 1.60000E+00 0.00000E+00 0.00000E+00
 1.80000E+00 0.00000E+00 0.00000E+00
 2.00000E+00 0.00000E+00 0.00000E+00
 2.20000E+00 0.00000E+00 0.00000E+00
 2.40000E+00 0.00000E+00 0.00000E+00
 2.60000E+00 0.00000E+00 0.00000E+00
 2.80000E+00 0.00000E+00 0.00000E+00
 3.00000E+00 0.00000E+00 0.00000E+00
 3.20000E+00 0.00000E+00 0.00000E+00
 3.40000E+00 0.00000E+00 0.00000E+00
 3.60000E+00 0.00000E+00 0.00000E+00
 3.80000E+00 0.00000E+00 0.00000E+00
 4.00000E+00 0.00000E+00 0.00000E+00
 4.20000E+00 0.00000E+00 0.00000E+00
 4.40000E+00 0.00000E+00 0.00000E+00
 4.60000E+00 0.00000E+00 0.00000E+00
 4.80000E+00 0.00000E+00 0.00000E+00
 5.00000E+00 0.00000E+00 0.00000E+00
 5.20000E+00 0.00000E+00 0.00000E+00
 5.40000E+00 0.00000E+00 0.00000E+00
 5.60000E+00 0.00000E+00 0.00000E+00
 5.80000E+00 0.00000E+00 0.00000E+00
 6.00000E+00 0.00000E+00 0.00000E+00
 6.20000E+00 0.00000E+00 0.00000E+00
 6.40000E+00 0.00000E+00 0.00000E+00
 6.60000E+00 0.00000E+00 0.00000E+00
 6.80000E+00 0.00000E+00 0.00000E+00
 7.00000E+00 4.20390E-45 0.00000E+00
 7.20000E+00 6.70137E-32 3.30547E-34
 7.40000E+00 1.80882E-25 7.93848E-28
 7.60000E+00 3.16558E-21 1.24578E-23
 7.80000E+00 3.28258E-18 1.16653E-20
 8.00000E+00 6.25973E-16 2.02181E-18
 8.50000E+00 4.95288E-12 1.29191E-14
 9.00000E+00 1.40060E-09 3.04601E-12
 9.50000E+00 6.05943E-08 1.12931E-10
 1.00000E+01 1.53526E-06 2.50970E-09
 1.05000E+01 1.69585E-05 2.47936E-08
 1.10000E+01 9.40458E-05 1.25012E-07
 1.15000E+01 4.45184E-04 5.45760E-07
 1.20000E+01 2.54194E-03 2.91021E-06
 1.25000E+01 1.09305E-02 1.18154E-05
 1.30000E+01 3.74975E-02 3.86247E-05
 1.35000E+01 6.48085E-02 6.40895E-05
 1.40000E+01 1.54886E-01 1.47892E-04
 1.45000E+01 3.27896E-01 3.03585E-04
 1.50000E+01 6.23457E-01 5.61430E-04
 1.60000E+01 1.70074E+00 1.45807E-03
 1.70000E+01 3.44908E+00 2.83353E-03
 1.80000E+01 5.72272E+00 4.53253E-03
 1.90000E+01 8.40585E+00 6.45615E-03
 2.00000E+01 1.13364E+01 8.48720E-03
 2.10000E+01 1.43993E+01 1.05520E-02
 2.20000E+01 1.75160E+01 1.26038E-02
 2.30000E+01 2.06227E+01 1.46044E-02
 2.40000E+01 2.36845E+01 1.65349E-02
 2.50000E+01 2.66756E+01 1.83819E-02
 2.60000E+01 2.95875E+01 2.01455E-02
 2.70000E+01 3.24086E+01 2.18250E-02
 2.80000E+01 3.49959E+01 2.33352E-02
 2.90000E+01 3.66381E+01 2.42211E-02
 3.00000E+01 3.91693E+01 2.57103E-02
 3.20000E+01 4.39307E+01 2.85476E-02
 3.40000E+01 4.83271E+01 3.12174E-02
 3.60000E+01 5.24094E+01 3.37194E-02
 3.80000E+01 5.62102E+01 3.60648E-02
 4.00000E+01 5.97476E+01 3.82897E-02
 4.20000E+01 6.30235E+01 4.04186E-02
 4.40000E+01 6.60756E+01 4.24760E-02
 4.60000E+01 6.89136E+01 4.44526E-02
 4.80000E+01 7.14933E+01 4.63069E-02
 5.00000E+01 7.27654E+01 4.73511E-02
 5.20000E+01 7.51589E+01 4.91623E-02
 5.40000E+01 7.74038E+01 5.09176E-02
 5.60000E+01 7.95145E+01 5.26224E-02
 5.80000E+01 8.15090E+01 5.42832E-02
 6.00000E+01 8.34213E+01 5.59180E-02
