# p + 117Sn Total deuteron production
# Q-value    =-4.71851E+00
# 
# # energies =   103
#    E         xs         Yield
 1.00000E-11 0.00000E+00 0.00000E+00
 2.53000E-08 0.00000E+00 0.00000E+00
 2.00000E-07 0.00000E+00 0.00000E+00
 1.00000E-06 0.00000E+00 0.00000E+00
 1.00000E-05 0.00000E+00 0.00000E+00
 1.00000E-04 0.00000E+00 0.00000E+00
 1.00000E-03 0.00000E+00 0.00000E+00
 2.00000E-03 0.00000E+00 0.00000E+00
 4.00000E-03 0.00000E+00 0.00000E+00
 7.00000E-03 0.00000E+00 0.00000E+00
 1.00000E-02 0.00000E+00 0.00000E+00
 2.00000E-02 0.00000E+00 0.00000E+00
 4.00000E-02 0.00000E+00 0.00000E+00
 7.00000E-02 0.00000E+00 0.00000E+00
 1.00000E-01 0.00000E+00 0.00000E+00
 2.00000E-01 0.00000E+00 0.00000E+00
 3.00000E-01 0.00000E+00 0.00000E+00
 4.00000E-01 0.00000E+00 0.00000E+00
 5.00000E-01 0.00000E+00 0.00000E+00
 6.00000E-01 0.00000E+00 0.00000E+00
 7.00000E-01 0.00000E+00 0.00000E+00
 8.00000E-01 0.00000E+00 0.00000E+00
 9.00000E-01 0.00000E+00 0.00000E+00
 1.00000E+00 0.00000E+00 0.00000E+00
 1.20000E+00 0.00000E+00 0.00000E+00
 1.40000E+00 0.00000E+00 0.00000E+00
 1.60000E+00 0.00000E+00 0.00000E+00
 1.80000E+00 0.00000E+00 0.00000E+00
 2.00000E+00 0.00000E+00 0.00000E+00
 2.20000E+00 0.00000E+00 0.00000E+00
 2.40000E+00 0.00000E+00 0.00000E+00
 2.60000E+00 0.00000E+00 0.00000E+00
 2.80000E+00 0.00000E+00 0.00000E+00
 3.00000E+00 0.00000E+00 0.00000E+00
 3.20000E+00 0.00000E+00 0.00000E+00
 3.40000E+00 0.00000E+00 0.00000E+00
 3.60000E+00 0.00000E+00 0.00000E+00
 3.80000E+00 0.00000E+00 0.00000E+00
 4.00000E+00 0.00000E+00 0.00000E+00
 4.20000E+00 0.00000E+00 0.00000E+00
 4.40000E+00 0.00000E+00 0.00000E+00
 4.60000E+00 0.00000E+00 0.00000E+00
 4.80000E+00 0.00000E+00 0.00000E+00
 5.00000E+00 0.00000E+00 0.00000E+00
 5.20000E+00 5.38999E-38 1.99511E-39
 5.40000E+00 2.05652E-28 5.60348E-30
 5.60000E+00 4.99580E-23 1.02986E-24
 5.80000E+00 2.44562E-19 3.91434E-21
 6.00000E+00 1.30846E-16 1.66602E-18
 6.20000E+00 7.83894E-15 8.12151E-17
 6.40000E+00 3.52155E-13 3.03094E-15
 6.60000E+00 8.08907E-12 5.89311E-14
 6.80000E+00 1.12761E-10 7.07045E-13
 7.00000E+00 1.06889E-09 5.85348E-12
 7.20000E+00 3.03795E-08 1.47149E-10
 7.40000E+00 1.34771E-07 5.83702E-10
 7.60000E+00 4.90998E-07 1.91929E-09
 7.80000E+00 1.55270E-06 5.52184E-09
 8.00000E+00 4.37524E-06 1.42537E-08
 8.50000E+00 3.12569E-05 8.38479E-08
 9.00000E+00 1.53369E-04 3.48584E-07
 9.50000E+00 8.38555E-04 1.65210E-06
 1.00000E+01 3.48274E-03 6.06089E-06
 1.05000E+01 1.17152E-02 1.82909E-05
 1.10000E+01 3.28698E-02 4.66513E-05
 1.15000E+01 7.86130E-02 1.02604E-04
 1.20000E+01 1.63898E-01 1.98829E-04
 1.25000E+01 3.04007E-01 3.46236E-04
 1.30000E+01 5.15768E-01 5.56620E-04
 1.35000E+01 8.32334E-01 8.58243E-04
 1.40000E+01 1.27984E+00 1.26974E-03
 1.45000E+01 1.89505E+00 1.81910E-03
 1.50000E+01 2.69450E+00 2.51334E-03
 1.60000E+01 4.71679E+00 4.19039E-03
 1.70000E+01 7.38264E+00 6.29177E-03
 1.80000E+01 1.03971E+01 8.54321E-03
 1.90000E+01 1.36155E+01 1.08370E-02
 2.00000E+01 1.69315E+01 1.31130E-02
 2.10000E+01 2.02640E+01 1.53344E-02
 2.20000E+01 2.35624E+01 1.74855E-02
 2.30000E+01 2.67830E+01 1.95505E-02
 2.40000E+01 2.99134E+01 2.15308E-02
 2.50000E+01 3.34752E+01 2.38012E-02
 2.60000E+01 3.63970E+01 2.55964E-02
 2.70000E+01 3.91906E+01 2.72845E-02
 2.80000E+01 4.07229E+01 2.80875E-02
 2.90000E+01 4.33696E+01 2.96573E-02
 3.00000E+01 4.59226E+01 3.11646E-02
 3.20000E+01 5.07394E+01 3.40369E-02
 3.40000E+01 5.51822E+01 3.67727E-02
 3.60000E+01 5.93318E+01 3.94087E-02
 3.80000E+01 6.32233E+01 4.19247E-02
 4.00000E+01 6.68923E+01 4.43333E-02
 4.20000E+01 7.03415E+01 4.66552E-02
 4.40000E+01 7.35844E+01 4.89170E-02
 4.60000E+01 7.72802E+01 5.15559E-02
 4.80000E+01 8.11068E+01 5.43477E-02
 5.00000E+01 8.35930E+01 5.62927E-02
 5.20000E+01 8.59945E+01 5.82232E-02
 5.40000E+01 8.82695E+01 6.01095E-02
 5.60000E+01 9.04139E+01 6.19469E-02
 5.80000E+01 9.24475E+01 6.37450E-02
 6.00000E+01 9.43714E+01 6.54993E-02
