# p + 119Sn Total deuteron production
# Q-value    =-4.25889E+00
# 
# # energies =   103
#    E         xs         Yield
 1.00000E-11 0.00000E+00 0.00000E+00
 2.53000E-08 0.00000E+00 0.00000E+00
 2.00000E-07 0.00000E+00 0.00000E+00
 1.00000E-06 0.00000E+00 0.00000E+00
 1.00000E-05 0.00000E+00 0.00000E+00
 1.00000E-04 0.00000E+00 0.00000E+00
 1.00000E-03 0.00000E+00 0.00000E+00
 2.00000E-03 0.00000E+00 0.00000E+00
 4.00000E-03 0.00000E+00 0.00000E+00
 7.00000E-03 0.00000E+00 0.00000E+00
 1.00000E-02 0.00000E+00 0.00000E+00
 2.00000E-02 0.00000E+00 0.00000E+00
 4.00000E-02 0.00000E+00 0.00000E+00
 7.00000E-02 0.00000E+00 0.00000E+00
 1.00000E-01 0.00000E+00 0.00000E+00
 2.00000E-01 0.00000E+00 0.00000E+00
 3.00000E-01 0.00000E+00 0.00000E+00
 4.00000E-01 0.00000E+00 0.00000E+00
 5.00000E-01 0.00000E+00 0.00000E+00
 6.00000E-01 0.00000E+00 0.00000E+00
 7.00000E-01 0.00000E+00 0.00000E+00
 8.00000E-01 0.00000E+00 0.00000E+00
 9.00000E-01 0.00000E+00 0.00000E+00
 1.00000E+00 0.00000E+00 0.00000E+00
 1.20000E+00 0.00000E+00 0.00000E+00
 1.40000E+00 0.00000E+00 0.00000E+00
 1.60000E+00 0.00000E+00 0.00000E+00
 1.80000E+00 0.00000E+00 0.00000E+00
 2.00000E+00 0.00000E+00 0.00000E+00
 2.20000E+00 0.00000E+00 0.00000E+00
 2.40000E+00 0.00000E+00 0.00000E+00
 2.60000E+00 0.00000E+00 0.00000E+00
 2.80000E+00 0.00000E+00 0.00000E+00
 3.00000E+00 0.00000E+00 0.00000E+00
 3.20000E+00 0.00000E+00 0.00000E+00
 3.40000E+00 0.00000E+00 0.00000E+00
 3.60000E+00 0.00000E+00 0.00000E+00
 3.80000E+00 0.00000E+00 0.00000E+00
 4.00000E+00 0.00000E+00 0.00000E+00
 4.20000E+00 0.00000E+00 0.00000E+00
 4.40000E+00 0.00000E+00 0.00000E+00
 4.60000E+00 0.00000E+00 0.00000E+00
 4.80000E+00 1.23831E-32 8.45729E-34
 5.00000E+00 1.13558E-28 5.43559E-30
 5.20000E+00 2.83526E-23 9.81459E-25
 5.40000E+00 1.42907E-19 3.68400E-21
 5.60000E+00 3.75836E-17 7.41552E-19
 5.80000E+00 4.45452E-15 6.90025E-17
 6.00000E+00 2.06962E-13 2.57662E-15
 6.20000E+00 4.90294E-12 5.01167E-14
 6.40000E+00 7.02365E-11 6.00891E-13
 6.60000E+00 6.82429E-10 4.97049E-12
 6.80000E+00 1.41663E-08 8.91661E-11
 7.00000E+00 6.30025E-08 3.47170E-10
 7.20000E+00 2.36691E-07 1.15472E-09
 7.40000E+00 7.86370E-07 3.42948E-09
 7.60000E+00 2.35958E-06 9.27609E-09
 7.80000E+00 6.49543E-06 2.31862E-08
 8.00000E+00 1.65901E-05 5.41187E-08
 8.50000E+00 9.26919E-05 2.47258E-07
 9.00000E+00 5.98640E-04 1.34397E-06
 9.50000E+00 2.70235E-03 5.23033E-06
 1.00000E+01 9.56076E-03 1.62798E-05
 1.05000E+01 2.78172E-02 4.23880E-05
 1.10000E+01 6.84371E-02 9.46934E-05
 1.15000E+01 1.45873E-01 1.85644E-04
 1.20000E+01 2.75522E-01 3.26298E-04
 1.25000E+01 4.75928E-01 5.30147E-04
 1.30000E+01 7.74955E-01 8.19732E-04
 1.35000E+01 1.21044E+00 1.22580E-03
 1.40000E+01 1.81835E+00 1.77462E-03
 1.45000E+01 2.63225E+00 2.48842E-03
 1.50000E+01 3.53424E+00 3.24862E-03
 1.60000E+01 6.00704E+00 5.25969E-03
 1.70000E+01 8.95160E+00 7.51585E-03
 1.80000E+01 1.21879E+01 9.86474E-03
 1.90000E+01 1.57060E+01 1.23178E-02
 2.00000E+01 1.91627E+01 1.46335E-02
 2.10000E+01 2.25943E+01 1.68719E-02
 2.20000E+01 2.59564E+01 1.90201E-02
 2.30000E+01 2.96089E+01 2.13504E-02
 2.40000E+01 3.27583E+01 2.32931E-02
 2.50000E+01 3.57741E+01 2.51219E-02
 2.60000E+01 3.86595E+01 2.68407E-02
 2.70000E+01 4.27988E+01 2.94032E-02
 2.80000E+01 4.53722E+01 3.08703E-02
 2.90000E+01 5.03772E+01 3.39776E-02
 3.00000E+01 5.27000E+01 3.52771E-02
 3.20000E+01 5.70226E+01 3.77525E-02
 3.40000E+01 6.09587E+01 4.01086E-02
 3.60000E+01 6.45739E+01 4.23416E-02
 3.80000E+01 6.25235E+01 4.09116E-02
 4.00000E+01 6.60236E+01 4.31637E-02
 4.20000E+01 6.92720E+01 4.53191E-02
 4.40000E+01 7.23040E+01 4.74115E-02
 4.60000E+01 7.51199E+01 4.94320E-02
 4.80000E+01 8.14249E+01 5.38126E-02
 5.00000E+01 8.37302E+01 5.56051E-02
 5.20000E+01 8.58965E+01 5.73469E-02
 5.40000E+01 8.79396E+01 5.90472E-02
 5.60000E+01 8.98712E+01 6.07119E-02
 5.80000E+01 9.17092E+01 6.23482E-02
 6.00000E+01 9.34667E+01 6.39591E-02
