# p + 116Sn Total deuteron production
# Q-value    =-7.33888E+00
# 
# # energies =   103
#    E         xs         Yield
 1.00000E-11 0.00000E+00 0.00000E+00
 2.53000E-08 0.00000E+00 0.00000E+00
 2.00000E-07 0.00000E+00 0.00000E+00
 1.00000E-06 0.00000E+00 0.00000E+00
 1.00000E-05 0.00000E+00 0.00000E+00
 1.00000E-04 0.00000E+00 0.00000E+00
 1.00000E-03 0.00000E+00 0.00000E+00
 2.00000E-03 0.00000E+00 0.00000E+00
 4.00000E-03 0.00000E+00 0.00000E+00
 7.00000E-03 0.00000E+00 0.00000E+00
 1.00000E-02 0.00000E+00 0.00000E+00
 2.00000E-02 0.00000E+00 0.00000E+00
 4.00000E-02 0.00000E+00 0.00000E+00
 7.00000E-02 0.00000E+00 0.00000E+00
 1.00000E-01 0.00000E+00 0.00000E+00
 2.00000E-01 0.00000E+00 0.00000E+00
 3.00000E-01 0.00000E+00 0.00000E+00
 4.00000E-01 0.00000E+00 0.00000E+00
 5.00000E-01 0.00000E+00 0.00000E+00
 6.00000E-01 0.00000E+00 0.00000E+00
 7.00000E-01 0.00000E+00 0.00000E+00
 8.00000E-01 0.00000E+00 0.00000E+00
 9.00000E-01 0.00000E+00 0.00000E+00
 1.00000E+00 0.00000E+00 0.00000E+00
 1.20000E+00 0.00000E+00 0.00000E+00
 1.40000E+00 0.00000E+00 0.00000E+00
 1.60000E+00 0.00000E+00 0.00000E+00
 1.80000E+00 0.00000E+00 0.00000E+00
 2.00000E+00 0.00000E+00 0.00000E+00
 2.20000E+00 0.00000E+00 0.00000E+00
 2.40000E+00 0.00000E+00 0.00000E+00
 2.60000E+00 0.00000E+00 0.00000E+00
 2.80000E+00 0.00000E+00 0.00000E+00
 3.00000E+00 0.00000E+00 0.00000E+00
 3.20000E+00 0.00000E+00 0.00000E+00
 3.40000E+00 0.00000E+00 0.00000E+00
 3.60000E+00 0.00000E+00 0.00000E+00
 3.80000E+00 0.00000E+00 0.00000E+00
 4.00000E+00 0.00000E+00 0.00000E+00
 4.20000E+00 0.00000E+00 0.00000E+00
 4.40000E+00 0.00000E+00 0.00000E+00
 4.60000E+00 0.00000E+00 0.00000E+00
 4.80000E+00 0.00000E+00 0.00000E+00
 5.00000E+00 0.00000E+00 0.00000E+00
 5.20000E+00 0.00000E+00 0.00000E+00
 5.40000E+00 0.00000E+00 0.00000E+00
 5.60000E+00 0.00000E+00 0.00000E+00
 5.80000E+00 0.00000E+00 0.00000E+00
 6.00000E+00 0.00000E+00 0.00000E+00
 6.20000E+00 0.00000E+00 0.00000E+00
 6.40000E+00 0.00000E+00 0.00000E+00
 6.60000E+00 0.00000E+00 0.00000E+00
 6.80000E+00 0.00000E+00 0.00000E+00
 7.00000E+00 0.00000E+00 0.00000E+00
 7.20000E+00 0.00000E+00 0.00000E+00
 7.40000E+00 0.00000E+00 0.00000E+00
 7.60000E+00 0.00000E+00 0.00000E+00
 7.80000E+00 9.80909E-45 0.00000E+00
 8.00000E+00 5.73706E-32 1.87814E-34
 8.50000E+00 1.54223E-19 4.15337E-22
 9.00000E+00 4.48034E-14 1.02365E-16
 9.50000E+00 8.02614E-11 1.59212E-13
 1.00000E+01 7.57203E-08 1.32965E-10
 1.05000E+01 1.65011E-06 2.60400E-09
 1.10000E+01 1.35147E-05 1.94082E-08
 1.15000E+01 1.19633E-04 1.58062E-07
 1.20000E+01 5.01055E-04 6.15222E-07
 1.25000E+01 1.76550E-03 2.03391E-06
 1.30000E+01 6.37955E-03 6.95802E-06
 1.35000E+01 2.05939E-02 2.14402E-05
 1.40000E+01 5.79433E-02 5.79917E-05
 1.45000E+01 1.43257E-01 1.38635E-04
 1.50000E+01 3.13753E-01 2.94916E-04
 1.60000E+01 1.07179E+00 9.59273E-04
 1.70000E+01 2.52129E+00 2.16511E-03
 1.80000E+01 4.56870E+00 3.78310E-03
 1.90000E+01 7.01754E+00 5.62813E-03
 2.00000E+01 9.74352E+00 7.60156E-03
 2.10000E+01 1.26265E+01 9.62146E-03
 2.20000E+01 1.55945E+01 1.16486E-02
 2.30000E+01 1.85791E+01 1.36471E-02
 2.40000E+01 2.15415E+01 1.56004E-02
 2.50000E+01 2.44532E+01 1.74943E-02
 2.60000E+01 2.73016E+01 1.93224E-02
 2.70000E+01 3.00799E+01 2.10803E-02
 2.80000E+01 3.27829E+01 2.27659E-02
 2.90000E+01 3.69584E+01 2.54500E-02
 3.00000E+01 3.93098E+01 2.68645E-02
 3.20000E+01 4.41642E+01 2.98280E-02
 3.40000E+01 4.86790E+01 3.26518E-02
 3.60000E+01 4.93573E+01 3.29988E-02
 3.80000E+01 5.35324E+01 3.57385E-02
 4.00000E+01 5.74748E+01 3.83566E-02
 4.20000E+01 6.11877E+01 4.08692E-02
 4.40000E+01 6.48740E+01 4.34294E-02
 4.60000E+01 6.81471E+01 4.57821E-02
 4.80000E+01 7.12330E+01 4.80681E-02
 5.00000E+01 7.71789E+01 5.23428E-02
 5.20000E+01 7.97094E+01 5.43539E-02
 5.40000E+01 8.20961E+01 5.63073E-02
 5.60000E+01 8.43579E+01 5.82144E-02
 5.80000E+01 8.64896E+01 6.00672E-02
 6.00000E+01 8.85218E+01 6.18835E-02
