# p + 114Sn Total deuteron production
# Q-value    =-8.07836E+00
# 
# # energies =   103
#    E         xs         Yield
 1.00000E-11 0.00000E+00 0.00000E+00
 2.53000E-08 0.00000E+00 0.00000E+00
 2.00000E-07 0.00000E+00 0.00000E+00
 1.00000E-06 0.00000E+00 0.00000E+00
 1.00000E-05 0.00000E+00 0.00000E+00
 1.00000E-04 0.00000E+00 0.00000E+00
 1.00000E-03 0.00000E+00 0.00000E+00
 2.00000E-03 0.00000E+00 0.00000E+00
 4.00000E-03 0.00000E+00 0.00000E+00
 7.00000E-03 0.00000E+00 0.00000E+00
 1.00000E-02 0.00000E+00 0.00000E+00
 2.00000E-02 0.00000E+00 0.00000E+00
 4.00000E-02 0.00000E+00 0.00000E+00
 7.00000E-02 0.00000E+00 0.00000E+00
 1.00000E-01 0.00000E+00 0.00000E+00
 2.00000E-01 0.00000E+00 0.00000E+00
 3.00000E-01 0.00000E+00 0.00000E+00
 4.00000E-01 0.00000E+00 0.00000E+00
 5.00000E-01 0.00000E+00 0.00000E+00
 6.00000E-01 0.00000E+00 0.00000E+00
 7.00000E-01 0.00000E+00 0.00000E+00
 8.00000E-01 0.00000E+00 0.00000E+00
 9.00000E-01 0.00000E+00 0.00000E+00
 1.00000E+00 0.00000E+00 0.00000E+00
 1.20000E+00 0.00000E+00 0.00000E+00
 1.40000E+00 0.00000E+00 0.00000E+00
 1.60000E+00 0.00000E+00 0.00000E+00
 1.80000E+00 0.00000E+00 0.00000E+00
 2.00000E+00 0.00000E+00 0.00000E+00
 2.20000E+00 0.00000E+00 0.00000E+00
 2.40000E+00 0.00000E+00 0.00000E+00
 2.60000E+00 0.00000E+00 0.00000E+00
 2.80000E+00 0.00000E+00 0.00000E+00
 3.00000E+00 0.00000E+00 0.00000E+00
 3.20000E+00 0.00000E+00 0.00000E+00
 3.40000E+00 0.00000E+00 0.00000E+00
 3.60000E+00 0.00000E+00 0.00000E+00
 3.80000E+00 0.00000E+00 0.00000E+00
 4.00000E+00 0.00000E+00 0.00000E+00
 4.20000E+00 0.00000E+00 0.00000E+00
 4.40000E+00 0.00000E+00 0.00000E+00
 4.60000E+00 0.00000E+00 0.00000E+00
 4.80000E+00 0.00000E+00 0.00000E+00
 5.00000E+00 0.00000E+00 0.00000E+00
 5.20000E+00 0.00000E+00 0.00000E+00
 5.40000E+00 0.00000E+00 0.00000E+00
 5.60000E+00 0.00000E+00 0.00000E+00
 5.80000E+00 0.00000E+00 0.00000E+00
 6.00000E+00 0.00000E+00 0.00000E+00
 6.20000E+00 0.00000E+00 0.00000E+00
 6.40000E+00 0.00000E+00 0.00000E+00
 6.60000E+00 0.00000E+00 0.00000E+00
 6.80000E+00 0.00000E+00 0.00000E+00
 7.00000E+00 0.00000E+00 0.00000E+00
 7.20000E+00 0.00000E+00 0.00000E+00
 7.40000E+00 0.00000E+00 0.00000E+00
 7.60000E+00 0.00000E+00 0.00000E+00
 7.80000E+00 0.00000E+00 0.00000E+00
 8.00000E+00 0.00000E+00 0.00000E+00
 8.50000E+00 1.26117E-44 0.00000E+00
 9.00000E+00 6.03170E-23 1.39008E-25
 9.50000E+00 1.89992E-16 3.81257E-19
 1.00000E+01 2.30564E-12 4.10945E-15
 1.05000E+01 8.76311E-10 1.40844E-12
 1.10000E+01 1.58171E-06 2.31993E-09
 1.15000E+01 1.84780E-05 2.49789E-08
 1.20000E+01 1.07730E-04 1.35423E-07
 1.25000E+01 4.97299E-04 5.86264E-07
 1.30000E+01 1.65648E-03 1.84655E-06
 1.35000E+01 5.00348E-03 5.31537E-06
 1.40000E+01 1.38819E-02 1.41536E-05
 1.45000E+01 3.58647E-02 3.53069E-05
 1.50000E+01 8.39577E-02 8.01974E-05
 1.60000E+01 3.45687E-01 3.14142E-04
 1.70000E+01 1.01390E+00 8.84140E-04
 1.80000E+01 2.24944E+00 1.89205E-03
 1.90000E+01 4.02652E+00 3.28021E-03
 2.00000E+01 6.22233E+00 4.92881E-03
 2.10000E+01 8.68250E+00 6.71272E-03
 2.20000E+01 1.13532E+01 8.59749E-03
 2.30000E+01 1.41300E+01 1.05147E-02
 2.40000E+01 1.69563E+01 1.24345E-02
 2.50000E+01 1.97876E+01 1.43334E-02
 2.60000E+01 2.25981E+01 1.61971E-02
 2.70000E+01 2.53682E+01 1.80126E-02
 2.80000E+01 2.80834E+01 1.97694E-02
 2.90000E+01 3.07460E+01 2.14708E-02
 3.00000E+01 3.48548E+01 2.41614E-02
 3.20000E+01 3.98755E+01 2.73118E-02
 3.40000E+01 4.45869E+01 3.03133E-02
 3.60000E+01 4.95659E+01 3.35835E-02
 3.80000E+01 5.36923E+01 3.63383E-02
 4.00000E+01 5.75852E+01 3.89742E-02
 4.20000E+01 6.12558E+01 4.15026E-02
 4.40000E+01 6.47374E+01 4.39625E-02
 4.60000E+01 6.79595E+01 4.63135E-02
 4.80000E+01 7.09456E+01 4.85652E-02
 5.00000E+01 7.40172E+01 5.09280E-02
 5.20000E+01 7.65863E+01 5.29884E-02
 5.40000E+01 7.91202E+01 5.50643E-02
 5.60000E+01 8.15318E+01 5.70931E-02
 5.80000E+01 8.38069E+01 5.90635E-02
 6.00000E+01 8.59740E+01 6.09909E-02
