# p + 120Sn Total deuteron production
# Q-value    =-6.87951E+00
# 
# # energies =   103
#    E         xs         Yield
 1.00000E-11 0.00000E+00 0.00000E+00
 2.53000E-08 0.00000E+00 0.00000E+00
 2.00000E-07 0.00000E+00 0.00000E+00
 1.00000E-06 0.00000E+00 0.00000E+00
 1.00000E-05 0.00000E+00 0.00000E+00
 1.00000E-04 0.00000E+00 0.00000E+00
 1.00000E-03 0.00000E+00 0.00000E+00
 2.00000E-03 0.00000E+00 0.00000E+00
 4.00000E-03 0.00000E+00 0.00000E+00
 7.00000E-03 0.00000E+00 0.00000E+00
 1.00000E-02 0.00000E+00 0.00000E+00
 2.00000E-02 0.00000E+00 0.00000E+00
 4.00000E-02 0.00000E+00 0.00000E+00
 7.00000E-02 0.00000E+00 0.00000E+00
 1.00000E-01 0.00000E+00 0.00000E+00
 2.00000E-01 0.00000E+00 0.00000E+00
 3.00000E-01 0.00000E+00 0.00000E+00
 4.00000E-01 0.00000E+00 0.00000E+00
 5.00000E-01 0.00000E+00 0.00000E+00
 6.00000E-01 0.00000E+00 0.00000E+00
 7.00000E-01 0.00000E+00 0.00000E+00
 8.00000E-01 0.00000E+00 0.00000E+00
 9.00000E-01 0.00000E+00 0.00000E+00
 1.00000E+00 0.00000E+00 0.00000E+00
 1.20000E+00 0.00000E+00 0.00000E+00
 1.40000E+00 0.00000E+00 0.00000E+00
 1.60000E+00 0.00000E+00 0.00000E+00
 1.80000E+00 0.00000E+00 0.00000E+00
 2.00000E+00 0.00000E+00 0.00000E+00
 2.20000E+00 0.00000E+00 0.00000E+00
 2.40000E+00 0.00000E+00 0.00000E+00
 2.60000E+00 0.00000E+00 0.00000E+00
 2.80000E+00 0.00000E+00 0.00000E+00
 3.00000E+00 0.00000E+00 0.00000E+00
 3.20000E+00 0.00000E+00 0.00000E+00
 3.40000E+00 0.00000E+00 0.00000E+00
 3.60000E+00 0.00000E+00 0.00000E+00
 3.80000E+00 0.00000E+00 0.00000E+00
 4.00000E+00 0.00000E+00 0.00000E+00
 4.20000E+00 0.00000E+00 0.00000E+00
 4.40000E+00 0.00000E+00 0.00000E+00
 4.60000E+00 0.00000E+00 0.00000E+00
 4.80000E+00 0.00000E+00 0.00000E+00
 5.00000E+00 0.00000E+00 0.00000E+00
 5.20000E+00 0.00000E+00 0.00000E+00
 5.40000E+00 0.00000E+00 0.00000E+00
 5.60000E+00 0.00000E+00 0.00000E+00
 5.80000E+00 0.00000E+00 0.00000E+00
 6.00000E+00 0.00000E+00 0.00000E+00
 6.20000E+00 0.00000E+00 0.00000E+00
 6.40000E+00 0.00000E+00 0.00000E+00
 6.60000E+00 0.00000E+00 0.00000E+00
 6.80000E+00 0.00000E+00 0.00000E+00
 7.00000E+00 0.00000E+00 0.00000E+00
 7.20000E+00 0.00000E+00 0.00000E+00
 7.40000E+00 1.90246E-37 7.66222E-40
 7.60000E+00 6.07769E-28 2.20726E-30
 7.80000E+00 9.55575E-24 3.15489E-26
 8.00000E+00 3.67659E-20 1.11136E-22
 8.50000E+00 1.73395E-14 4.31451E-17
 9.00000E+00 4.20574E-11 8.87749E-14
 9.50000E+00 1.61984E-08 2.97076E-11
 1.00000E+01 3.61019E-07 5.86543E-10
 1.05000E+01 6.70998E-06 9.81188E-09
 1.10000E+01 4.65240E-05 6.20504E-08
 1.15000E+01 2.40129E-04 2.95525E-07
 1.20000E+01 1.22449E-03 1.40530E-06
 1.25000E+01 5.10000E-03 5.51128E-06
 1.30000E+01 1.70611E-02 1.75124E-05
 1.35000E+01 5.07556E-02 4.98616E-05
 1.40000E+01 1.29192E-01 1.22232E-04
 1.45000E+01 2.86099E-01 2.61998E-04
 1.50000E+01 5.62978E-01 5.00919E-04
 1.60000E+01 1.61528E+00 1.36779E-03
 1.70000E+01 3.34601E+00 2.71645E-03
 1.80000E+01 5.63182E+00 4.40826E-03
 1.90000E+01 8.30527E+00 6.29941E-03
 2.00000E+01 1.14247E+01 8.43534E-03
 2.10000E+01 1.45057E+01 1.04675E-02
 2.20000E+01 1.76153E+01 1.24661E-02
 2.30000E+01 2.07417E+01 1.44370E-02
 2.40000E+01 2.38193E+01 1.63436E-02
 2.50000E+01 2.68237E+01 1.81757E-02
 2.60000E+01 2.97438E+01 1.99295E-02
 2.70000E+01 3.25753E+01 2.16054E-02
 2.80000E+01 3.52903E+01 2.31905E-02
 2.90000E+01 3.68590E+01 2.40216E-02
 3.00000E+01 3.94223E+01 2.55086E-02
 3.20000E+01 4.51105E+01 2.88766E-02
 3.40000E+01 4.95500E+01 3.15103E-02
 3.60000E+01 5.36673E+01 3.39968E-02
 3.80000E+01 5.74986E+01 3.63435E-02
 4.00000E+01 6.10694E+01 3.85714E-02
 4.20000E+01 6.43873E+01 4.06984E-02
 4.40000E+01 6.74974E+01 4.27569E-02
 4.60000E+01 7.03812E+01 4.47299E-02
 4.80000E+01 7.30660E+01 4.66262E-02
 5.00000E+01 7.42871E+01 4.76279E-02
 5.20000E+01 7.67176E+01 4.94426E-02
 5.40000E+01 7.90008E+01 5.12021E-02
 5.60000E+01 8.11459E+01 5.29096E-02
 5.80000E+01 8.31708E+01 5.45722E-02
 6.00000E+01 8.50922E+01 5.61972E-02
