# p + 118Sn Total deuteron production
# Q-value    =-7.10185E+00
# 
# # energies =   103
#    E         xs         Yield
 1.00000E-11 0.00000E+00 0.00000E+00
 2.53000E-08 0.00000E+00 0.00000E+00
 2.00000E-07 0.00000E+00 0.00000E+00
 1.00000E-06 0.00000E+00 0.00000E+00
 1.00000E-05 0.00000E+00 0.00000E+00
 1.00000E-04 0.00000E+00 0.00000E+00
 1.00000E-03 0.00000E+00 0.00000E+00
 2.00000E-03 0.00000E+00 0.00000E+00
 4.00000E-03 0.00000E+00 0.00000E+00
 7.00000E-03 0.00000E+00 0.00000E+00
 1.00000E-02 0.00000E+00 0.00000E+00
 2.00000E-02 0.00000E+00 0.00000E+00
 4.00000E-02 0.00000E+00 0.00000E+00
 7.00000E-02 0.00000E+00 0.00000E+00
 1.00000E-01 0.00000E+00 0.00000E+00
 2.00000E-01 0.00000E+00 0.00000E+00
 3.00000E-01 0.00000E+00 0.00000E+00
 4.00000E-01 0.00000E+00 0.00000E+00
 5.00000E-01 0.00000E+00 0.00000E+00
 6.00000E-01 0.00000E+00 0.00000E+00
 7.00000E-01 0.00000E+00 0.00000E+00
 8.00000E-01 0.00000E+00 0.00000E+00
 9.00000E-01 0.00000E+00 0.00000E+00
 1.00000E+00 0.00000E+00 0.00000E+00
 1.20000E+00 0.00000E+00 0.00000E+00
 1.40000E+00 0.00000E+00 0.00000E+00
 1.60000E+00 0.00000E+00 0.00000E+00
 1.80000E+00 0.00000E+00 0.00000E+00
 2.00000E+00 0.00000E+00 0.00000E+00
 2.20000E+00 0.00000E+00 0.00000E+00
 2.40000E+00 0.00000E+00 0.00000E+00
 2.60000E+00 0.00000E+00 0.00000E+00
 2.80000E+00 0.00000E+00 0.00000E+00
 3.00000E+00 0.00000E+00 0.00000E+00
 3.20000E+00 0.00000E+00 0.00000E+00
 3.40000E+00 0.00000E+00 0.00000E+00
 3.60000E+00 0.00000E+00 0.00000E+00
 3.80000E+00 0.00000E+00 0.00000E+00
 4.00000E+00 0.00000E+00 0.00000E+00
 4.20000E+00 0.00000E+00 0.00000E+00
 4.40000E+00 0.00000E+00 0.00000E+00
 4.60000E+00 0.00000E+00 0.00000E+00
 4.80000E+00 0.00000E+00 0.00000E+00
 5.00000E+00 0.00000E+00 0.00000E+00
 5.20000E+00 0.00000E+00 0.00000E+00
 5.40000E+00 0.00000E+00 0.00000E+00
 5.60000E+00 0.00000E+00 0.00000E+00
 5.80000E+00 0.00000E+00 0.00000E+00
 6.00000E+00 0.00000E+00 0.00000E+00
 6.20000E+00 0.00000E+00 0.00000E+00
 6.40000E+00 0.00000E+00 0.00000E+00
 6.60000E+00 0.00000E+00 0.00000E+00
 6.80000E+00 0.00000E+00 0.00000E+00
 7.00000E+00 0.00000E+00 0.00000E+00
 7.20000E+00 0.00000E+00 0.00000E+00
 7.40000E+00 0.00000E+00 0.00000E+00
 7.60000E+00 3.40538E-38 1.33729E-40
 7.80000E+00 7.58855E-29 2.70804E-31
 8.00000E+00 1.21343E-23 3.96151E-26
 8.50000E+00 2.37997E-16 6.37441E-19
 9.00000E+00 2.49919E-12 5.65150E-15
 9.50000E+00 7.52279E-10 1.47035E-12
 1.00000E+01 1.60223E-07 2.75996E-10
 1.05000E+01 2.83974E-06 4.38221E-09
 1.10000E+01 2.62431E-05 3.67859E-08
 1.15000E+01 1.47360E-04 1.89936E-07
 1.20000E+01 6.96165E-04 8.34390E-07
 1.25000E+01 2.96461E-03 3.33866E-06
 1.30000E+01 9.94358E-03 1.06220E-05
 1.35000E+01 2.93708E-02 3.00068E-05
 1.40000E+01 7.49720E-02 7.37587E-05
 1.45000E+01 1.68704E-01 1.60686E-04
 1.50000E+01 3.40118E-01 3.14901E-04
 1.60000E+01 1.04953E+00 9.25607E-04
 1.70000E+01 2.38879E+00 2.02062E-03
 1.80000E+01 4.32486E+00 3.52681E-03
 1.90000E+01 6.69638E+00 5.29027E-03
 2.00000E+01 9.38047E+00 7.21330E-03
 2.10000E+01 1.22475E+01 9.20578E-03
 2.20000E+01 1.52154E+01 1.12194E-02
 2.30000E+01 1.82107E+01 1.32115E-02
 2.40000E+01 2.11832E+01 1.51545E-02
 2.50000E+01 2.41129E+01 1.70387E-02
 2.60000E+01 2.69785E+01 1.88517E-02
 2.70000E+01 2.97692E+01 2.05884E-02
 2.80000E+01 3.24503E+01 2.22294E-02
 2.90000E+01 3.61862E+01 2.45743E-02
 3.00000E+01 3.87195E+01 2.60955E-02
 3.20000E+01 4.34979E+01 2.89860E-02
 3.40000E+01 4.79122E+01 3.17240E-02
 3.60000E+01 5.20140E+01 3.43254E-02
 3.80000E+01 5.58505E+01 3.67887E-02
 4.00000E+01 5.94501E+01 3.91314E-02
 4.20000E+01 6.28196E+01 4.13793E-02
 4.40000E+01 6.64400E+01 4.38641E-02
 4.60000E+01 6.93831E+01 4.59692E-02
 4.80000E+01 7.21597E+01 4.80178E-02
 5.00000E+01 7.35434E+01 4.91798E-02
 5.20000E+01 7.61145E+01 5.11718E-02
 5.40000E+01 7.85585E+01 5.31192E-02
 5.60000E+01 8.08812E+01 5.50238E-02
 5.80000E+01 8.30969E+01 5.68915E-02
 6.00000E+01 8.52151E+01 5.87249E-02
