# p + 124Sn Total deuteron production
# Q-value    =-6.26354E+00
# 
# # energies =   103
#    E         xs         Yield
 1.00000E-11 0.00000E+00 0.00000E+00
 2.53000E-08 0.00000E+00 0.00000E+00
 2.00000E-07 0.00000E+00 0.00000E+00
 1.00000E-06 0.00000E+00 0.00000E+00
 1.00000E-05 0.00000E+00 0.00000E+00
 1.00000E-04 0.00000E+00 0.00000E+00
 1.00000E-03 0.00000E+00 0.00000E+00
 2.00000E-03 0.00000E+00 0.00000E+00
 4.00000E-03 0.00000E+00 0.00000E+00
 7.00000E-03 0.00000E+00 0.00000E+00
 1.00000E-02 0.00000E+00 0.00000E+00
 2.00000E-02 0.00000E+00 0.00000E+00
 4.00000E-02 0.00000E+00 0.00000E+00
 7.00000E-02 0.00000E+00 0.00000E+00
 1.00000E-01 0.00000E+00 0.00000E+00
 2.00000E-01 0.00000E+00 0.00000E+00
 3.00000E-01 0.00000E+00 0.00000E+00
 4.00000E-01 0.00000E+00 0.00000E+00
 5.00000E-01 0.00000E+00 0.00000E+00
 6.00000E-01 0.00000E+00 0.00000E+00
 7.00000E-01 0.00000E+00 0.00000E+00
 8.00000E-01 0.00000E+00 0.00000E+00
 9.00000E-01 0.00000E+00 0.00000E+00
 1.00000E+00 0.00000E+00 0.00000E+00
 1.20000E+00 0.00000E+00 0.00000E+00
 1.40000E+00 0.00000E+00 0.00000E+00
 1.60000E+00 0.00000E+00 0.00000E+00
 1.80000E+00 0.00000E+00 0.00000E+00
 2.00000E+00 0.00000E+00 0.00000E+00
 2.20000E+00 0.00000E+00 0.00000E+00
 2.40000E+00 0.00000E+00 0.00000E+00
 2.60000E+00 0.00000E+00 0.00000E+00
 2.80000E+00 0.00000E+00 0.00000E+00
 3.00000E+00 0.00000E+00 0.00000E+00
 3.20000E+00 0.00000E+00 0.00000E+00
 3.40000E+00 0.00000E+00 0.00000E+00
 3.60000E+00 0.00000E+00 0.00000E+00
 3.80000E+00 0.00000E+00 0.00000E+00
 4.00000E+00 0.00000E+00 0.00000E+00
 4.20000E+00 0.00000E+00 0.00000E+00
 4.40000E+00 0.00000E+00 0.00000E+00
 4.60000E+00 0.00000E+00 0.00000E+00
 4.80000E+00 0.00000E+00 0.00000E+00
 5.00000E+00 0.00000E+00 0.00000E+00
 5.20000E+00 0.00000E+00 0.00000E+00
 5.40000E+00 0.00000E+00 0.00000E+00
 5.60000E+00 0.00000E+00 0.00000E+00
 5.80000E+00 0.00000E+00 0.00000E+00
 6.00000E+00 0.00000E+00 0.00000E+00
 6.20000E+00 0.00000E+00 0.00000E+00
 6.40000E+00 0.00000E+00 0.00000E+00
 6.60000E+00 0.00000E+00 0.00000E+00
 6.80000E+00 1.88486E-38 1.21591E-40
 7.00000E+00 4.40175E-29 2.46986E-31
 7.20000E+00 7.32905E-24 3.61122E-26
 7.40000E+00 2.78327E-20 1.21468E-22
 7.60000E+00 1.28622E-17 5.01128E-20
 7.80000E+00 1.56628E-15 5.48802E-18
 8.00000E+00 7.58159E-14 2.40530E-16
 8.50000E+00 6.53817E-11 1.66307E-13
 9.00000E+00 1.24112E-08 2.62138E-11
 9.50000E+00 4.40884E-07 7.96846E-10
 1.00000E+01 6.51096E-06 1.03267E-08
 1.05000E+01 6.49269E-05 9.22607E-08
 1.10000E+01 3.71562E-04 4.81282E-07
 1.15000E+01 1.76510E-03 2.11485E-06
 1.20000E+01 6.33887E-03 7.11409E-06
 1.25000E+01 2.09346E-02 2.22422E-05
 1.30000E+01 5.90625E-02 5.99229E-05
 1.35000E+01 1.45665E-01 1.42083E-04
 1.40000E+01 3.18233E-01 2.99939E-04
 1.45000E+01 6.21049E-01 5.67686E-04
 1.50000E+01 1.09020E+00 9.69072E-04
 1.60000E+01 2.57156E+00 2.17463E-03
 1.70000E+01 4.70513E+00 3.81140E-03
 1.80000E+01 7.32725E+00 5.72375E-03
 1.90000E+01 1.02612E+01 7.77807E-03
 2.00000E+01 1.33985E+01 9.90632E-03
 2.10000E+01 1.66151E+01 1.20297E-02
 2.20000E+01 1.98446E+01 1.41098E-02
 2.30000E+01 2.30345E+01 1.61162E-02
 2.40000E+01 2.61564E+01 1.80352E-02
 2.50000E+01 2.91929E+01 1.98613E-02
 2.60000E+01 3.21363E+01 2.15974E-02
 2.70000E+01 3.49750E+01 2.32457E-02
 2.80000E+01 4.01246E+01 2.64084E-02
 2.90000E+01 4.27304E+01 2.78907E-02
 3.00000E+01 4.52218E+01 2.93176E-02
 3.20000E+01 4.98858E+01 3.20352E-02
 3.40000E+01 5.41782E+01 3.45800E-02
 3.60000E+01 5.81559E+01 3.69519E-02
 3.80000E+01 6.18563E+01 3.91806E-02
 4.00000E+01 6.52044E+01 4.12514E-02
 4.20000E+01 6.82805E+01 4.32325E-02
 4.40000E+01 7.20578E+01 4.57315E-02
 4.60000E+01 7.46929E+01 4.75612E-02
 4.80000E+01 7.68773E+01 4.91467E-02
 5.00000E+01 7.90699E+01 5.07786E-02
 5.20000E+01 8.12761E+01 5.24626E-02
 5.40000E+01 8.33442E+01 5.41003E-02
 5.60000E+01 8.16332E+01 5.33083E-02
 5.80000E+01 8.36844E+01 5.49911E-02
 6.00000E+01 8.56187E+01 5.66261E-02
