# p + 115Sn Total deuteron production
# Q-value    =-5.32086E+00
# 
# # energies =   103
#    E         xs         Yield
 1.00000E-11 0.00000E+00 0.00000E+00
 2.53000E-08 0.00000E+00 0.00000E+00
 2.00000E-07 0.00000E+00 0.00000E+00
 1.00000E-06 0.00000E+00 0.00000E+00
 1.00000E-05 0.00000E+00 0.00000E+00
 1.00000E-04 0.00000E+00 0.00000E+00
 1.00000E-03 0.00000E+00 0.00000E+00
 2.00000E-03 0.00000E+00 0.00000E+00
 4.00000E-03 0.00000E+00 0.00000E+00
 7.00000E-03 0.00000E+00 0.00000E+00
 1.00000E-02 0.00000E+00 0.00000E+00
 2.00000E-02 0.00000E+00 0.00000E+00
 4.00000E-02 0.00000E+00 0.00000E+00
 7.00000E-02 0.00000E+00 0.00000E+00
 1.00000E-01 0.00000E+00 0.00000E+00
 2.00000E-01 0.00000E+00 0.00000E+00
 3.00000E-01 0.00000E+00 0.00000E+00
 4.00000E-01 0.00000E+00 0.00000E+00
 5.00000E-01 0.00000E+00 0.00000E+00
 6.00000E-01 0.00000E+00 0.00000E+00
 7.00000E-01 0.00000E+00 0.00000E+00
 8.00000E-01 0.00000E+00 0.00000E+00
 9.00000E-01 0.00000E+00 0.00000E+00
 1.00000E+00 0.00000E+00 0.00000E+00
 1.20000E+00 0.00000E+00 0.00000E+00
 1.40000E+00 0.00000E+00 0.00000E+00
 1.60000E+00 0.00000E+00 0.00000E+00
 1.80000E+00 0.00000E+00 0.00000E+00
 2.00000E+00 0.00000E+00 0.00000E+00
 2.20000E+00 0.00000E+00 0.00000E+00
 2.40000E+00 0.00000E+00 0.00000E+00
 2.60000E+00 0.00000E+00 0.00000E+00
 2.80000E+00 0.00000E+00 0.00000E+00
 3.00000E+00 0.00000E+00 0.00000E+00
 3.20000E+00 0.00000E+00 0.00000E+00
 3.40000E+00 0.00000E+00 0.00000E+00
 3.60000E+00 0.00000E+00 0.00000E+00
 3.80000E+00 0.00000E+00 0.00000E+00
 4.00000E+00 0.00000E+00 0.00000E+00
 4.20000E+00 0.00000E+00 0.00000E+00
 4.40000E+00 0.00000E+00 0.00000E+00
 4.60000E+00 0.00000E+00 0.00000E+00
 4.80000E+00 0.00000E+00 0.00000E+00
 5.00000E+00 0.00000E+00 0.00000E+00
 5.20000E+00 0.00000E+00 0.00000E+00
 5.40000E+00 0.00000E+00 0.00000E+00
 5.60000E+00 0.00000E+00 0.00000E+00
 5.80000E+00 1.28856E-37 2.27248E-39
 6.00000E+00 4.34825E-28 5.98870E-30
 6.20000E+00 9.89677E-23 1.09020E-24
 6.40000E+00 4.56837E-19 4.11775E-21
 6.60000E+00 2.32264E-16 1.74928E-18
 6.80000E+00 1.34346E-14 8.61600E-17
 7.00000E+00 5.75757E-13 3.19783E-15
 7.20000E+00 1.27036E-11 6.20163E-14
 7.40000E+00 1.71254E-10 7.44312E-13
 7.60000E+00 1.57644E-09 6.16732E-12
 7.80000E+00 8.90872E-08 3.16671E-10
 8.00000E+00 3.77667E-07 1.22955E-09
 8.50000E+00 5.85933E-06 1.57489E-08
 9.00000E+00 5.39430E-05 1.23383E-07
 9.50000E+00 2.61975E-04 5.22203E-07
 1.00000E+01 1.07136E-03 1.89526E-06
 1.05000E+01 3.33791E-03 5.31736E-06
 1.10000E+01 9.97976E-03 1.44886E-05
 1.15000E+01 2.59012E-02 3.46243E-05
 1.20000E+01 6.00850E-02 7.46578E-05
 1.25000E+01 1.25237E-01 1.45951E-04
 1.30000E+01 2.38414E-01 2.62863E-04
 1.35000E+01 4.22293E-01 4.44048E-04
 1.40000E+01 7.06241E-01 7.13304E-04
 1.45000E+01 1.18454E+00 1.15601E-03
 1.50000E+01 1.82358E+00 1.72774E-03
 1.60000E+01 3.68486E+00 3.32302E-03
 1.70000E+01 6.16851E+00 5.33775E-03
 1.80000E+01 9.04626E+00 7.54937E-03
 1.90000E+01 1.21460E+01 9.81709E-03
 2.00000E+01 1.53626E+01 1.20758E-02
 2.10000E+01 1.85904E+01 1.42675E-02
 2.20000E+01 2.17998E+01 1.63940E-02
 2.30000E+01 2.17814E+01 1.61023E-02
 2.40000E+01 2.47987E+01 1.80712E-02
 2.50000E+01 2.77451E+01 1.99727E-02
 2.60000E+01 3.06147E+01 2.18049E-02
 2.70000E+01 3.33672E+01 2.35382E-02
 2.80000E+01 3.59242E+01 2.51180E-02
 2.90000E+01 3.76428E+01 2.61035E-02
 3.00000E+01 4.02157E+01 2.76791E-02
 3.20000E+01 4.51090E+01 3.06782E-02
 3.40000E+01 4.96637E+01 3.35355E-02
 3.60000E+01 5.39120E+01 3.62836E-02
 3.80000E+01 5.79037E+01 3.89206E-02
 4.00000E+01 6.16685E+01 4.14441E-02
 4.20000E+01 6.52182E+01 4.38713E-02
 4.40000E+01 6.85603E+01 4.62243E-02
 4.60000E+01 7.17041E+01 4.85150E-02
 4.80000E+01 7.45952E+01 5.06968E-02
 5.00000E+01 7.62783E+01 5.21041E-02
 5.20000E+01 7.89725E+01 5.42416E-02
 5.40000E+01 8.15785E+01 5.63598E-02
 5.60000E+01 8.39743E+01 5.83727E-02
 5.80000E+01 8.63719E+01 6.04245E-02
 6.00000E+01 8.85148E+01 6.23318E-02
