# p + 112Sn Total deuteron production
# Q-value    =-8.56322E+00
# 
# # energies =   103
#    E         xs         Yield
 1.00000E-11 0.00000E+00 0.00000E+00
 2.53000E-08 0.00000E+00 0.00000E+00
 2.00000E-07 0.00000E+00 0.00000E+00
 1.00000E-06 0.00000E+00 0.00000E+00
 1.00000E-05 0.00000E+00 0.00000E+00
 1.00000E-04 0.00000E+00 0.00000E+00
 1.00000E-03 0.00000E+00 0.00000E+00
 2.00000E-03 0.00000E+00 0.00000E+00
 4.00000E-03 0.00000E+00 0.00000E+00
 7.00000E-03 0.00000E+00 0.00000E+00
 1.00000E-02 0.00000E+00 0.00000E+00
 2.00000E-02 0.00000E+00 0.00000E+00
 4.00000E-02 0.00000E+00 0.00000E+00
 7.00000E-02 0.00000E+00 0.00000E+00
 1.00000E-01 0.00000E+00 0.00000E+00
 2.00000E-01 0.00000E+00 0.00000E+00
 3.00000E-01 0.00000E+00 0.00000E+00
 4.00000E-01 0.00000E+00 0.00000E+00
 5.00000E-01 0.00000E+00 0.00000E+00
 6.00000E-01 0.00000E+00 0.00000E+00
 7.00000E-01 0.00000E+00 0.00000E+00
 8.00000E-01 0.00000E+00 0.00000E+00
 9.00000E-01 0.00000E+00 0.00000E+00
 1.00000E+00 0.00000E+00 0.00000E+00
 1.20000E+00 0.00000E+00 0.00000E+00
 1.40000E+00 0.00000E+00 0.00000E+00
 1.60000E+00 0.00000E+00 0.00000E+00
 1.80000E+00 0.00000E+00 0.00000E+00
 2.00000E+00 0.00000E+00 0.00000E+00
 2.20000E+00 0.00000E+00 0.00000E+00
 2.40000E+00 0.00000E+00 0.00000E+00
 2.60000E+00 0.00000E+00 0.00000E+00
 2.80000E+00 0.00000E+00 0.00000E+00
 3.00000E+00 0.00000E+00 0.00000E+00
 3.20000E+00 0.00000E+00 0.00000E+00
 3.40000E+00 0.00000E+00 0.00000E+00
 3.60000E+00 0.00000E+00 0.00000E+00
 3.80000E+00 0.00000E+00 0.00000E+00
 4.00000E+00 0.00000E+00 0.00000E+00
 4.20000E+00 0.00000E+00 0.00000E+00
 4.40000E+00 0.00000E+00 0.00000E+00
 4.60000E+00 0.00000E+00 0.00000E+00
 4.80000E+00 0.00000E+00 0.00000E+00
 5.00000E+00 0.00000E+00 0.00000E+00
 5.20000E+00 0.00000E+00 0.00000E+00
 5.40000E+00 0.00000E+00 0.00000E+00
 5.60000E+00 0.00000E+00 0.00000E+00
 5.80000E+00 0.00000E+00 0.00000E+00
 6.00000E+00 0.00000E+00 0.00000E+00
 6.20000E+00 0.00000E+00 0.00000E+00
 6.40000E+00 0.00000E+00 0.00000E+00
 6.60000E+00 0.00000E+00 0.00000E+00
 6.80000E+00 0.00000E+00 0.00000E+00
 7.00000E+00 0.00000E+00 0.00000E+00
 7.20000E+00 0.00000E+00 0.00000E+00
 7.40000E+00 0.00000E+00 0.00000E+00
 7.60000E+00 0.00000E+00 0.00000E+00
 7.80000E+00 0.00000E+00 0.00000E+00
 8.00000E+00 0.00000E+00 0.00000E+00
 8.50000E+00 0.00000E+00 0.00000E+00
 9.00000E+00 2.80260E-45 0.00000E+00
 9.50000E+00 1.89653E-23 3.85399E-26
 1.00000E+01 3.38379E-16 6.10579E-19
 1.05000E+01 3.57751E-12 5.83468E-15
 1.10000E+01 9.16301E-10 1.36778E-12
 1.15000E+01 3.37184E-06 4.65083E-09
 1.20000E+01 3.99452E-05 5.13203E-08
 1.25000E+01 2.51565E-04 3.03289E-07
 1.30000E+01 1.06158E-03 1.20975E-06
 1.35000E+01 3.17533E-03 3.44480E-06
 1.40000E+01 8.21269E-03 8.53911E-06
 1.45000E+01 1.96514E-02 1.97013E-05
 1.50000E+01 4.48683E-02 4.35952E-05
 1.60000E+01 1.93070E-01 1.78229E-04
 1.70000E+01 6.22287E-01 5.51160E-04
 1.80000E+01 1.52366E+00 1.30209E-03
 1.90000E+01 2.97178E+00 2.46014E-03
 2.00000E+01 4.89284E+00 3.93765E-03
 2.10000E+01 7.15627E+00 5.61823E-03
 2.20000E+01 9.65492E+00 7.41888E-03
 2.30000E+01 1.22967E+01 9.27740E-03
 2.40000E+01 1.50017E+01 1.11460E-02
 2.50000E+01 1.77325E+01 1.30088E-02
 2.60000E+01 2.04468E+01 1.48420E-02
 2.70000E+01 2.31339E+01 1.66407E-02
 2.80000E+01 2.57890E+01 1.84005E-02
 2.90000E+01 2.83793E+01 2.00975E-02
 3.00000E+01 3.07887E+01 2.16523E-02
 3.20000E+01 3.49594E+01 2.42954E-02
 3.40000E+01 3.96192E+01 2.73181E-02
 3.60000E+01 4.39917E+01 3.02203E-02
 3.80000E+01 4.81029E+01 3.30121E-02
 4.00000E+01 5.19856E+01 3.56916E-02
 4.20000E+01 5.56559E+01 3.82630E-02
 4.40000E+01 5.91511E+01 4.07638E-02
 4.60000E+01 6.24313E+01 4.31764E-02
 4.80000E+01 6.55442E+01 4.55336E-02
 5.00000E+01 6.84166E+01 4.77756E-02
 5.20000E+01 7.03266E+01 4.93867E-02
 5.40000E+01 7.30362E+01 5.15956E-02
 5.60000E+01 7.56188E+01 5.37527E-02
 5.80000E+01 7.80680E+01 5.58514E-02
 6.00000E+01 8.04055E+01 5.79045E-02
