# p + 122Sn Elastic cross sections
# 
# 
# # energies =   103
#    E      Cross section
 1.00000E-11 0.00000E+00
 2.53000E-08 0.00000E+00
 2.00000E-07 0.00000E+00
 1.00000E-06 0.00000E+00
 1.00000E-05 0.00000E+00
 1.00000E-04 0.00000E+00
 1.00000E-03 0.00000E+00
 2.00000E-03 0.00000E+00
 4.00000E-03 0.00000E+00
 7.00000E-03 0.00000E+00
 1.00000E-02 0.00000E+00
 2.00000E-02 0.00000E+00
 4.00000E-02 0.00000E+00
 7.00000E-02 0.00000E+00
 1.00000E-01 0.00000E+00
 2.00000E-01 0.00000E+00
 3.00000E-01 0.00000E+00
 4.00000E-01 0.00000E+00
 5.00000E-01 0.00000E+00
 6.00000E-01 0.00000E+00
 7.00000E-01 0.00000E+00
 8.00000E-01 0.00000E+00
 9.00000E-01 0.00000E+00
 1.00000E+00 0.00000E+00
 1.20000E+00 0.00000E+00
 1.40000E+00 0.00000E+00
 1.60000E+00 0.00000E+00
 1.80000E+00 2.34826E-10
 2.00000E+00 6.05801E-09
 2.20000E+00 9.55347E-08
 2.40000E+00 1.07325E-06
 2.60000E+00 2.04784E-06
 2.80000E+00 3.23024E-06
 3.00000E+00 6.85861E-06
 3.20000E+00 1.70357E-05
 3.40000E+00 4.25232E-05
 3.60000E+00 1.02334E-04
 3.80000E+00 2.31415E-04
 4.00000E+00 4.86914E-04
 4.20000E+00 9.51382E-04
 4.40000E+00 1.72927E-03
 4.60000E+00 2.93247E-03
 4.80000E+00 4.65359E-03
 5.00000E+00 6.93093E-03
 5.20000E+00 9.71816E-03
 5.40000E+00 1.28664E-02
 5.60000E+00 1.61369E-02
 5.80000E+00 1.92398E-02
 6.00000E+00 2.18899E-02
 6.20000E+00 2.38633E-02
 6.40000E+00 2.50311E-02
 6.60000E+00 2.53725E-02
 6.80000E+00 2.49592E-02
 7.00000E+00 2.39104E-02
 7.20000E+00 2.24205E-02
 7.40000E+00 2.06209E-02
 7.60000E+00 1.86377E-02
 7.80000E+00 1.66230E-02
 8.00000E+00 1.46258E-02
 8.50000E+00 1.01783E-02
 9.00000E+00 6.74693E-03
 9.50000E+00 4.31167E-03
 1.00000E+01 2.67934E-03
 1.05000E+01 1.63201E-03
 1.10000E+01 9.81354E-04
 1.15000E+01 2.75949E-04
 1.20000E+01 1.64235E-04
 1.25000E+01 9.76408E-05
 1.30000E+01 5.80633E-05
 1.35000E+01 3.45957E-05
 1.40000E+01 2.06595E-05
 1.45000E+01 1.23950E-05
 1.50000E+01 7.48779E-06
 1.60000E+01 2.81747E-06
 1.70000E+01 1.12809E-06
 1.80000E+01 4.99745E-07
 1.90000E+01 2.59077E-07
 2.00000E+01 1.64519E-07
 2.10000E+01 1.26769E-07
 2.20000E+01 1.11335E-07
 2.30000E+01 1.04917E-07
 2.40000E+01 1.02168E-07
 2.50000E+01 1.00971E-07
 2.60000E+01 1.00442E-07
 2.70000E+01 1.00205E-07
 2.80000E+01 1.00096E-07
 2.90000E+01 1.00046E-07
 3.00000E+01 1.00022E-07
 3.20000E+01 1.00005E-07
 3.40000E+01 1.00001E-07
 3.60000E+01 1.00000E-07
 3.80000E+01 1.00000E-07
 4.00000E+01 1.00000E-07
 4.20000E+01 1.00000E-07
 4.40000E+01 1.00000E-07
 4.60000E+01 1.00000E-07
 4.80000E+01 1.00000E-07
 5.00000E+01 1.00000E-07
 5.20000E+01 1.00000E-07
 5.40000E+01 1.00000E-07
 5.60000E+01 1.00000E-07
 5.80000E+01 1.00000E-07
 6.00000E+01 1.00000E-07
