# p + 124Sn Elastic cross sections
# 
# 
# # energies =   103
#    E      Cross section
 1.00000E-11 0.00000E+00
 2.53000E-08 0.00000E+00
 2.00000E-07 0.00000E+00
 1.00000E-06 0.00000E+00
 1.00000E-05 0.00000E+00
 1.00000E-04 0.00000E+00
 1.00000E-03 0.00000E+00
 2.00000E-03 0.00000E+00
 4.00000E-03 0.00000E+00
 7.00000E-03 0.00000E+00
 1.00000E-02 0.00000E+00
 2.00000E-02 0.00000E+00
 4.00000E-02 0.00000E+00
 7.00000E-02 0.00000E+00
 1.00000E-01 0.00000E+00
 2.00000E-01 0.00000E+00
 3.00000E-01 0.00000E+00
 4.00000E-01 0.00000E+00
 5.00000E-01 0.00000E+00
 6.00000E-01 0.00000E+00
 7.00000E-01 0.00000E+00
 8.00000E-01 0.00000E+00
 9.00000E-01 0.00000E+00
 1.00000E+00 0.00000E+00
 1.20000E+00 0.00000E+00
 1.40000E+00 0.00000E+00
 1.60000E+00 0.00000E+00
 1.80000E+00 4.43993E-12
 2.00000E+00 4.53593E-11
 2.20000E+00 4.71840E-10
 2.40000E+00 3.90441E-09
 2.60000E+00 2.56272E-08
 2.80000E+00 1.36594E-07
 3.00000E+00 6.02472E-07
 3.20000E+00 2.34297E-06
 3.40000E+00 7.30706E-06
 3.60000E+00 2.04042E-05
 3.80000E+00 5.09710E-05
 4.00000E+00 1.14774E-04
 4.20000E+00 2.35030E-04
 4.40000E+00 4.41146E-04
 4.60000E+00 7.64314E-04
 4.80000E+00 1.22998E-03
 5.00000E+00 1.84878E-03
 5.20000E+00 2.60893E-03
 5.40000E+00 3.47304E-03
 5.60000E+00 4.38227E-03
 5.80000E+00 5.26563E-03
 6.00000E+00 6.05044E-03
 6.20000E+00 6.68675E-03
 6.40000E+00 7.13245E-03
 6.60000E+00 7.36743E-03
 6.80000E+00 7.41110E-03
 7.00000E+00 7.27231E-03
 7.20000E+00 6.99482E-03
 7.40000E+00 6.60407E-03
 7.60000E+00 6.12906E-03
 7.80000E+00 5.61104E-03
 8.00000E+00 5.06818E-03
 8.50000E+00 3.75312E-03
 9.00000E+00 2.62805E-03
 9.50000E+00 1.75893E-03
 1.00000E+01 1.13593E-03
 1.05000E+01 7.14616E-04
 1.10000E+01 4.41909E-04
 1.15000E+01 2.70447E-04
 1.20000E+01 1.64553E-04
 1.25000E+01 4.70548E-05
 1.30000E+01 2.85264E-05
 1.35000E+01 1.73145E-05
 1.40000E+01 1.05350E-05
 1.45000E+01 6.44429E-06
 1.50000E+01 3.97408E-06
 1.60000E+01 1.56943E-06
 1.70000E+01 6.71524E-07
 1.80000E+01 3.27534E-07
 1.90000E+01 1.92333E-07
 2.00000E+01 1.38065E-07
 2.10000E+01 1.16011E-07
 2.20000E+01 1.06859E-07
 2.30000E+01 1.03006E-07
 2.40000E+01 1.01337E-07
 2.50000E+01 1.00603E-07
 2.60000E+01 1.00276E-07
 2.70000E+01 1.00128E-07
 2.80000E+01 1.00060E-07
 2.90000E+01 1.00029E-07
 3.00000E+01 1.00014E-07
 3.20000E+01 1.00003E-07
 3.40000E+01 1.00001E-07
 3.60000E+01 1.00000E-07
 3.80000E+01 1.00000E-07
 4.00000E+01 1.00000E-07
 4.20000E+01 1.00000E-07
 4.40000E+01 1.00000E-07
 4.60000E+01 1.00000E-07
 4.80000E+01 1.00000E-07
 5.00000E+01 1.00000E-07
 5.20000E+01 1.00000E-07
 5.40000E+01 1.00000E-07
 5.60000E+01 1.00000E-07
 5.80000E+01 1.00000E-07
 6.00000E+01 1.00000E-07
