# p + 114Sn Elastic cross sections
# 
# 
# # energies =   103
#    E      Cross section
 1.00000E-11 0.00000E+00
 2.53000E-08 0.00000E+00
 2.00000E-07 0.00000E+00
 1.00000E-06 0.00000E+00
 1.00000E-05 0.00000E+00
 1.00000E-04 0.00000E+00
 1.00000E-03 0.00000E+00
 2.00000E-03 0.00000E+00
 4.00000E-03 0.00000E+00
 7.00000E-03 0.00000E+00
 1.00000E-02 0.00000E+00
 2.00000E-02 0.00000E+00
 4.00000E-02 0.00000E+00
 7.00000E-02 0.00000E+00
 1.00000E-01 0.00000E+00
 2.00000E-01 0.00000E+00
 3.00000E-01 0.00000E+00
 4.00000E-01 0.00000E+00
 5.00000E-01 0.00000E+00
 6.00000E-01 0.00000E+00
 7.00000E-01 0.00000E+00
 8.00000E-01 0.00000E+00
 9.00000E-01 0.00000E+00
 1.00000E+00 0.00000E+00
 1.20000E+00 0.00000E+00
 1.40000E+00 0.00000E+00
 1.60000E+00 0.00000E+00
 1.80000E+00 1.12287E-08
 2.00000E+00 2.52799E-07
 2.20000E+00 3.67447E-06
 2.40000E+00 3.77438E-05
 2.60000E+00 2.75125E-04
 2.80000E+00 1.51006E-03
 3.00000E+00 6.46641E-03
 3.20000E+00 2.24367E-02
 3.40000E+00 6.52210E-02
 3.60000E+00 1.63874E-01
 3.80000E+00 3.65596E-01
 4.00000E+00 7.40204E-01
 4.20000E+00 1.38326E+00
 4.40000E+00 2.41731E+00
 4.60000E+00 3.98941E+00
 4.80000E+00 6.26241E+00
 5.00000E+00 9.39967E+00
 5.20000E+00 1.35413E+01
 5.40000E+00 1.87654E+01
 5.60000E+00 2.50391E+01
 5.80000E+00 3.22952E+01
 6.00000E+00 4.01230E+01
 6.20000E+00 4.81388E+01
 6.40000E+00 5.58209E+01
 6.60000E+00 6.23520E+01
 6.80000E+00 6.73910E+01
 7.00000E+00 6.01490E+01
 7.20000E+00 4.03835E+01
 7.40000E+00 3.09857E+01
 7.60000E+00 2.53322E+01
 7.80000E+00 2.10418E+01
 8.00000E+00 1.75045E+01
 8.50000E+00 5.24479E+00
 9.00000E+00 3.02030E+00
 9.50000E+00 1.68513E+00
 1.00000E+01 9.16464E-01
 1.05000E+01 4.87009E-01
 1.10000E+01 2.53700E-01
 1.15000E+01 1.30849E-01
 1.20000E+01 6.76190E-02
 1.25000E+01 3.52105E-02
 1.30000E+01 1.85224E-02
 1.35000E+01 9.84349E-03
 1.40000E+01 5.28226E-03
 1.45000E+01 2.86233E-03
 1.50000E+01 1.56448E-03
 1.60000E+01 4.80875E-04
 1.70000E+01 1.54013E-04
 1.80000E+01 5.15006E-05
 1.90000E+01 1.79671E-05
 2.00000E+01 6.52745E-06
 2.10000E+01 2.49074E-06
 2.20000E+01 1.01566E-06
 2.30000E+01 4.61879E-07
 2.40000E+01 2.46712E-07
 2.50000E+01 1.60658E-07
 2.60000E+01 1.25604E-07
 2.70000E+01 1.11030E-07
 2.80000E+01 1.04838E-07
 2.90000E+01 1.02162E-07
 3.00000E+01 1.00981E-07
 3.20000E+01 1.00212E-07
 3.40000E+01 1.00048E-07
 3.60000E+01 1.00011E-07
 3.80000E+01 1.00003E-07
 4.00000E+01 1.00001E-07
 4.20000E+01 1.00000E-07
 4.40000E+01 1.00000E-07
 4.60000E+01 1.00000E-07
 4.80000E+01 1.00000E-07
 5.00000E+01 1.00000E-07
 5.20000E+01 1.00000E-07
 5.40000E+01 1.00000E-07
 5.60000E+01 1.00000E-07
 5.80000E+01 1.00000E-07
 6.00000E+01 1.00000E-07
