# p + 120Sn Elastic cross sections
# 
# 
# # energies =   103
#    E      Cross section
 1.00000E-11 0.00000E+00
 2.53000E-08 0.00000E+00
 2.00000E-07 0.00000E+00
 1.00000E-06 0.00000E+00
 1.00000E-05 0.00000E+00
 1.00000E-04 0.00000E+00
 1.00000E-03 0.00000E+00
 2.00000E-03 0.00000E+00
 4.00000E-03 0.00000E+00
 7.00000E-03 0.00000E+00
 1.00000E-02 0.00000E+00
 2.00000E-02 0.00000E+00
 4.00000E-02 0.00000E+00
 7.00000E-02 0.00000E+00
 1.00000E-01 0.00000E+00
 2.00000E-01 0.00000E+00
 3.00000E-01 0.00000E+00
 4.00000E-01 0.00000E+00
 5.00000E-01 0.00000E+00
 6.00000E-01 0.00000E+00
 7.00000E-01 0.00000E+00
 8.00000E-01 0.00000E+00
 9.00000E-01 0.00000E+00
 1.00000E+00 0.00000E+00
 1.20000E+00 0.00000E+00
 1.40000E+00 0.00000E+00
 1.60000E+00 0.00000E+00
 1.80000E+00 5.17868E-10
 2.00000E+00 1.21664E-08
 2.20000E+00 1.82600E-07
 2.40000E+00 1.95511E-06
 2.60000E+00 1.50516E-05
 2.80000E+00 8.92046E-05
 3.00000E+00 4.23298E-04
 3.20000E+00 1.66553E-03
 3.40000E+00 5.57692E-03
 3.60000E+00 5.80319E-03
 3.80000E+00 6.28104E-03
 4.00000E+00 6.64470E-03
 4.20000E+00 8.67988E-03
 4.40000E+00 1.24322E-02
 4.60000E+00 1.83203E-02
 4.80000E+00 2.68610E-02
 5.00000E+00 3.84073E-02
 5.20000E+00 5.29443E-02
 5.40000E+00 6.99446E-02
 5.60000E+00 8.83184E-02
 5.80000E+00 1.06469E-01
 6.00000E+00 1.22554E-01
 6.20000E+00 1.34822E-01
 6.40000E+00 1.41998E-01
 6.60000E+00 1.43567E-01
 6.80000E+00 1.39802E-01
 7.00000E+00 1.31605E-01
 7.20000E+00 1.20234E-01
 7.40000E+00 1.07025E-01
 7.60000E+00 9.31656E-02
 7.80000E+00 7.95870E-02
 8.00000E+00 6.69107E-02
 8.50000E+00 4.11936E-02
 9.00000E+00 2.42234E-02
 9.50000E+00 1.39199E-02
 1.00000E+01 7.91306E-03
 1.05000E+01 4.47975E-03
 1.10000E+01 1.19473E-03
 1.15000E+01 6.78905E-04
 1.20000E+01 3.87646E-04
 1.25000E+01 2.22442E-04
 1.30000E+01 1.28251E-04
 1.35000E+01 7.42710E-05
 1.40000E+01 4.32079E-05
 1.45000E+01 2.52690E-05
 1.50000E+01 1.48723E-05
 1.60000E+01 5.28676E-06
 1.70000E+01 1.97535E-06
 1.80000E+01 7.98890E-07
 1.90000E+01 3.67762E-07
 2.00000E+01 2.05021E-07
 2.10000E+01 1.42296E-07
 2.20000E+01 1.17427E-07
 2.30000E+01 1.07374E-07
 2.40000E+01 1.03175E-07
 2.50000E+01 1.01390E-07
 2.60000E+01 1.00620E-07
 2.70000E+01 1.00281E-07
 2.80000E+01 1.00129E-07
 2.90000E+01 1.00060E-07
 3.00000E+01 1.00029E-07
 3.20000E+01 1.00007E-07
 3.40000E+01 1.00002E-07
 3.60000E+01 1.00000E-07
 3.80000E+01 1.00000E-07
 4.00000E+01 1.00000E-07
 4.20000E+01 1.00000E-07
 4.40000E+01 1.00000E-07
 4.60000E+01 1.00000E-07
 4.80000E+01 1.00000E-07
 5.00000E+01 1.00000E-07
 5.20000E+01 1.00000E-07
 5.40000E+01 1.00000E-07
 5.60000E+01 1.00000E-07
 5.80000E+01 1.00000E-07
 6.00000E+01 1.00000E-07
