# p + 115Sn Elastic cross sections
# 
# 
# # energies =   103
#    E      Cross section
 1.00000E-11 0.00000E+00
 2.53000E-08 0.00000E+00
 2.00000E-07 0.00000E+00
 1.00000E-06 0.00000E+00
 1.00000E-05 0.00000E+00
 1.00000E-04 0.00000E+00
 1.00000E-03 0.00000E+00
 2.00000E-03 0.00000E+00
 4.00000E-03 0.00000E+00
 7.00000E-03 0.00000E+00
 1.00000E-02 0.00000E+00
 2.00000E-02 0.00000E+00
 4.00000E-02 0.00000E+00
 7.00000E-02 0.00000E+00
 1.00000E-01 0.00000E+00
 2.00000E-01 0.00000E+00
 3.00000E-01 0.00000E+00
 4.00000E-01 0.00000E+00
 5.00000E-01 0.00000E+00
 6.00000E-01 0.00000E+00
 7.00000E-01 0.00000E+00
 8.00000E-01 0.00000E+00
 9.00000E-01 0.00000E+00
 1.00000E+00 0.00000E+00
 1.20000E+00 0.00000E+00
 1.40000E+00 0.00000E+00
 1.60000E+00 0.00000E+00
 1.80000E+00 1.14986E-09
 2.00000E+00 2.74936E-08
 2.20000E+00 4.15139E-07
 2.40000E+00 4.54742E-06
 2.60000E+00 3.44347E-05
 2.80000E+00 2.03698E-04
 3.00000E+00 9.63900E-04
 3.20000E+00 3.76965E-03
 3.40000E+00 1.24942E-02
 3.60000E+00 3.58612E-02
 3.80000E+00 9.08007E-02
 4.00000E+00 1.20415E-01
 4.20000E+00 2.03998E-01
 4.40000E+00 3.54339E-01
 4.60000E+00 6.04828E-01
 4.80000E+00 6.60469E-01
 5.00000E+00 8.71034E-01
 5.20000E+00 1.15689E+00
 5.40000E+00 1.65558E+00
 5.60000E+00 2.20101E+00
 5.80000E+00 2.62068E+00
 6.00000E+00 2.79387E+00
 6.20000E+00 2.86290E+00
 6.40000E+00 2.85471E+00
 6.60000E+00 2.77142E+00
 6.80000E+00 2.61933E+00
 7.00000E+00 2.41263E+00
 7.20000E+00 2.17029E+00
 7.40000E+00 1.91089E+00
 7.60000E+00 1.65150E+00
 7.80000E+00 1.40494E+00
 8.00000E+00 1.17919E+00
 8.50000E+00 7.28201E-01
 9.00000E+00 2.55625E-01
 9.50000E+00 1.47583E-01
 1.00000E+01 8.33804E-02
 1.05000E+01 4.64927E-02
 1.10000E+01 2.58153E-02
 1.15000E+01 1.43639E-02
 1.20000E+01 8.03805E-03
 1.25000E+01 4.52887E-03
 1.30000E+01 2.56832E-03
 1.35000E+01 1.46471E-03
 1.40000E+01 8.39239E-04
 1.45000E+01 4.82941E-04
 1.50000E+01 2.79250E-04
 1.60000E+01 9.49983E-05
 1.70000E+01 3.32678E-05
 1.80000E+01 1.20575E-05
 1.90000E+01 4.54181E-06
 2.00000E+01 1.79051E-06
 2.10000E+01 7.63197E-07
 2.20000E+01 3.66611E-07
 2.30000E+01 2.10832E-07
 2.40000E+01 1.46896E-07
 2.50000E+01 1.20156E-07
 2.60000E+01 1.08823E-07
 2.70000E+01 1.03923E-07
 2.80000E+01 1.01773E-07
 2.90000E+01 1.00815E-07
 3.00000E+01 1.00379E-07
 3.20000E+01 1.00086E-07
 3.40000E+01 1.00020E-07
 3.60000E+01 1.00005E-07
 3.80000E+01 1.00001E-07
 4.00000E+01 1.00000E-07
 4.20000E+01 1.00000E-07
 4.40000E+01 1.00000E-07
 4.60000E+01 1.00000E-07
 4.80000E+01 1.00000E-07
 5.00000E+01 1.00000E-07
 5.20000E+01 1.00000E-07
 5.40000E+01 1.00000E-07
 5.60000E+01 1.00000E-07
 5.80000E+01 1.00000E-07
 6.00000E+01 1.00000E-07
