# p + 112Sn Elastic cross sections
# 
# 
# # energies =   103
#    E      Cross section
 1.00000E-11 0.00000E+00
 2.53000E-08 0.00000E+00
 2.00000E-07 0.00000E+00
 1.00000E-06 0.00000E+00
 1.00000E-05 0.00000E+00
 1.00000E-04 0.00000E+00
 1.00000E-03 0.00000E+00
 2.00000E-03 0.00000E+00
 4.00000E-03 0.00000E+00
 7.00000E-03 0.00000E+00
 1.00000E-02 0.00000E+00
 2.00000E-02 0.00000E+00
 4.00000E-02 0.00000E+00
 7.00000E-02 0.00000E+00
 1.00000E-01 0.00000E+00
 2.00000E-01 0.00000E+00
 3.00000E-01 0.00000E+00
 4.00000E-01 0.00000E+00
 5.00000E-01 0.00000E+00
 6.00000E-01 0.00000E+00
 7.00000E-01 0.00000E+00
 8.00000E-01 0.00000E+00
 9.00000E-01 0.00000E+00
 1.00000E+00 0.00000E+00
 1.20000E+00 0.00000E+00
 1.40000E+00 0.00000E+00
 1.60000E+00 0.00000E+00
 1.80000E+00 4.34135E-08
 2.00000E+00 8.90439E-07
 2.20000E+00 1.20019E-05
 2.40000E+00 1.12083E-04
 2.60000E+00 7.28816E-04
 2.80000E+00 3.51809E-03
 3.00000E+00 1.32109E-02
 3.20000E+00 4.05223E-02
 3.40000E+00 1.05756E-01
 3.60000E+00 2.42899E-01
 3.80000E+00 5.04117E-01
 4.00000E+00 9.64102E-01
 4.20000E+00 1.72365E+00
 4.40000E+00 2.91171E+00
 4.60000E+00 4.68436E+00
 4.80000E+00 7.21918E+00
 5.00000E+00 1.07037E+01
 5.20000E+00 1.53166E+01
 5.40000E+00 2.11802E+01
 5.60000E+00 2.83586E+01
 5.80000E+00 3.69196E+01
 6.00000E+00 4.63831E+01
 6.20000E+00 5.66562E+01
 6.40000E+00 6.70104E+01
 6.60000E+00 7.66746E+01
 6.80000E+00 8.51491E+01
 7.00000E+00 9.12889E+01
 7.20000E+00 9.49805E+01
 7.40000E+00 9.57231E+01
 7.60000E+00 6.20878E+01
 7.80000E+00 5.66948E+01
 8.00000E+00 4.95714E+01
 8.50000E+00 2.36122E+01
 9.00000E+00 1.14141E+01
 9.50000E+00 5.82734E+00
 1.00000E+01 3.10342E+00
 1.05000E+01 1.69254E+00
 1.10000E+01 9.33507E-01
 1.15000E+01 5.16794E-01
 1.20000E+01 2.86061E-01
 1.25000E+01 1.57867E-01
 1.30000E+01 8.68232E-02
 1.35000E+01 4.75277E-02
 1.40000E+01 2.59680E-02
 1.45000E+01 1.41923E-02
 1.50000E+01 7.78335E-03
 1.60000E+01 2.38459E-03
 1.70000E+01 7.55821E-04
 1.80000E+01 2.49168E-04
 1.90000E+01 8.54804E-05
 2.00000E+01 3.04172E-05
 2.10000E+01 1.12281E-05
 2.20000E+01 4.30769E-06
 2.30000E+01 1.74236E-06
 2.40000E+01 7.57922E-07
 2.50000E+01 3.68989E-07
 2.60000E+01 2.12104E-07
 2.70000E+01 1.47712E-07
 2.80000E+01 1.20664E-07
 2.90000E+01 1.09116E-07
 3.00000E+01 1.04093E-07
 3.20000E+01 1.00865E-07
 3.40000E+01 1.00192E-07
 3.60000E+01 1.00045E-07
 3.80000E+01 1.00011E-07
 4.00000E+01 1.00003E-07
 4.20000E+01 1.00001E-07
 4.40000E+01 1.00000E-07
 4.60000E+01 1.00000E-07
 4.80000E+01 1.00000E-07
 5.00000E+01 1.00000E-07
 5.20000E+01 1.00000E-07
 5.40000E+01 1.00000E-07
 5.60000E+01 1.00000E-07
 5.80000E+01 1.00000E-07
 6.00000E+01 1.00000E-07
