# p + 116Sn Elastic cross sections
# 
# 
# # energies =   103
#    E      Cross section
 1.00000E-11 0.00000E+00
 2.53000E-08 0.00000E+00
 2.00000E-07 0.00000E+00
 1.00000E-06 0.00000E+00
 1.00000E-05 0.00000E+00
 1.00000E-04 0.00000E+00
 1.00000E-03 0.00000E+00
 2.00000E-03 0.00000E+00
 4.00000E-03 0.00000E+00
 7.00000E-03 0.00000E+00
 1.00000E-02 0.00000E+00
 2.00000E-02 0.00000E+00
 4.00000E-02 0.00000E+00
 7.00000E-02 0.00000E+00
 1.00000E-01 0.00000E+00
 2.00000E-01 0.00000E+00
 3.00000E-01 0.00000E+00
 4.00000E-01 0.00000E+00
 5.00000E-01 0.00000E+00
 6.00000E-01 0.00000E+00
 7.00000E-01 0.00000E+00
 8.00000E-01 0.00000E+00
 9.00000E-01 0.00000E+00
 1.00000E+00 0.00000E+00
 1.20000E+00 0.00000E+00
 1.40000E+00 0.00000E+00
 1.60000E+00 0.00000E+00
 1.80000E+00 3.01881E-09
 2.00000E+00 7.21609E-08
 2.20000E+00 1.09318E-06
 2.40000E+00 1.17995E-05
 2.60000E+00 9.11933E-05
 2.80000E+00 5.37632E-04
 3.00000E+00 2.50732E-03
 3.20000E+00 9.56128E-03
 3.40000E+00 3.06156E-02
 3.60000E+00 8.43355E-02
 3.80000E+00 2.04362E-01
 4.00000E+00 4.43997E-01
 4.20000E+00 8.79215E-01
 4.40000E+00 1.60853E+00
 4.60000E+00 2.74817E+00
 4.80000E+00 4.41916E+00
 5.00000E+00 6.73197E+00
 5.20000E+00 9.75812E+00
 5.40000E+00 1.34989E+01
 5.60000E+00 1.70026E+01
 5.80000E+00 1.19086E+01
 6.00000E+00 1.20555E+01
 6.20000E+00 1.10652E+01
 6.40000E+00 9.02229E+00
 6.60000E+00 7.50728E+00
 6.80000E+00 6.36304E+00
 7.00000E+00 5.43423E+00
 7.20000E+00 4.63545E+00
 7.40000E+00 3.92565E+00
 7.60000E+00 3.29304E+00
 7.80000E+00 2.73482E+00
 8.00000E+00 2.24994E+00
 8.50000E+00 1.33281E+00
 9.00000E+00 7.57004E-01
 9.50000E+00 1.95002E-01
 1.00000E+01 1.03797E-01
 1.05000E+01 5.47060E-02
 1.10000E+01 2.88555E-02
 1.15000E+01 1.53261E-02
 1.20000E+01 8.22174E-03
 1.25000E+01 4.45705E-03
 1.30000E+01 2.43906E-03
 1.35000E+01 1.34540E-03
 1.40000E+01 7.47723E-04
 1.45000E+01 4.18417E-04
 1.50000E+01 2.35816E-04
 1.60000E+01 7.67501E-05
 1.70000E+01 2.59289E-05
 1.80000E+01 9.13575E-06
 1.90000E+01 3.37434E-06
 2.00000E+01 1.32184E-06
 2.10000E+01 5.70070E-07
 2.20000E+01 2.85561E-07
 2.30000E+01 1.75451E-07
 2.40000E+01 1.31364E-07
 2.50000E+01 1.13284E-07
 2.60000E+01 1.05739E-07
 2.70000E+01 1.02526E-07
 2.80000E+01 1.01132E-07
 2.90000E+01 1.00515E-07
 3.00000E+01 1.00238E-07
 3.20000E+01 1.00053E-07
 3.40000E+01 1.00012E-07
 3.60000E+01 1.00003E-07
 3.80000E+01 1.00001E-07
 4.00000E+01 1.00000E-07
 4.20000E+01 1.00000E-07
 4.40000E+01 1.00000E-07
 4.60000E+01 1.00000E-07
 4.80000E+01 1.00000E-07
 5.00000E+01 1.00000E-07
 5.20000E+01 1.00000E-07
 5.40000E+01 1.00000E-07
 5.60000E+01 1.00000E-07
 5.80000E+01 1.00000E-07
 6.00000E+01 1.00000E-07
