# p + 119Sn Elastic cross sections
# 
# 
# # energies =   103
#    E      Cross section
 1.00000E-11 0.00000E+00
 2.53000E-08 0.00000E+00
 2.00000E-07 0.00000E+00
 1.00000E-06 0.00000E+00
 1.00000E-05 0.00000E+00
 1.00000E-04 0.00000E+00
 1.00000E-03 0.00000E+00
 2.00000E-03 0.00000E+00
 4.00000E-03 0.00000E+00
 7.00000E-03 0.00000E+00
 1.00000E-02 0.00000E+00
 2.00000E-02 0.00000E+00
 4.00000E-02 0.00000E+00
 7.00000E-02 0.00000E+00
 1.00000E-01 0.00000E+00
 2.00000E-01 0.00000E+00
 3.00000E-01 0.00000E+00
 4.00000E-01 0.00000E+00
 5.00000E-01 0.00000E+00
 6.00000E-01 0.00000E+00
 7.00000E-01 0.00000E+00
 8.00000E-01 0.00000E+00
 9.00000E-01 0.00000E+00
 1.00000E+00 0.00000E+00
 1.20000E+00 0.00000E+00
 1.40000E+00 0.00000E+00
 1.60000E+00 0.00000E+00
 1.80000E+00 3.01072E-11
 2.00000E+00 1.00614E-07
 2.20000E+00 1.03078E-07
 2.40000E+00 1.25806E-07
 2.60000E+00 2.96842E-07
 2.80000E+00 1.17036E-06
 3.00000E+00 4.10212E-06
 3.20000E+00 1.33783E-05
 3.40000E+00 3.94938E-05
 3.60000E+00 1.05548E-04
 3.80000E+00 2.56690E-04
 4.00000E+00 5.71209E-04
 4.20000E+00 1.17002E-03
 4.40000E+00 2.21821E-03
 4.60000E+00 3.91021E-03
 4.80000E+00 6.43234E-03
 5.00000E+00 9.90412E-03
 5.20000E+00 1.43100E-02
 5.40000E+00 1.94512E-02
 5.60000E+00 2.49315E-02
 5.80000E+00 3.02151E-02
 6.00000E+00 3.47226E-02
 6.20000E+00 3.79682E-02
 6.40000E+00 3.96575E-02
 6.60000E+00 3.97339E-02
 6.80000E+00 3.83725E-02
 7.00000E+00 3.58506E-02
 7.20000E+00 3.25992E-02
 7.40000E+00 2.89591E-02
 7.60000E+00 2.52575E-02
 7.80000E+00 2.17150E-02
 8.00000E+00 1.84557E-02
 8.50000E+00 1.18996E-02
 9.00000E+00 7.46020E-03
 9.50000E+00 4.59906E-03
 1.00000E+01 2.80187E-03
 1.05000E+01 1.01848E-03
 1.10000E+01 6.14363E-04
 1.15000E+01 3.69329E-04
 1.20000E+01 2.21743E-04
 1.25000E+01 1.33076E-04
 1.30000E+01 7.98516E-05
 1.35000E+01 4.79222E-05
 1.40000E+01 2.87849E-05
 1.45000E+01 1.73302E-05
 1.50000E+01 1.04796E-05
 1.60000E+01 3.91711E-06
 1.70000E+01 1.53785E-06
 1.80000E+01 6.55939E-07
 1.90000E+01 3.19885E-07
 2.00000E+01 1.88834E-07
 2.10000E+01 1.36810E-07
 2.20000E+01 1.15634E-07
 2.30000E+01 1.06793E-07
 2.40000E+01 1.02994E-07
 2.50000E+01 1.01341E-07
 2.60000E+01 1.00610E-07
 2.70000E+01 1.00281E-07
 2.80000E+01 1.00132E-07
 2.90000E+01 1.00062E-07
 3.00000E+01 1.00030E-07
 3.20000E+01 1.00007E-07
 3.40000E+01 1.00002E-07
 3.60000E+01 1.00000E-07
 3.80000E+01 1.00000E-07
 4.00000E+01 1.00000E-07
 4.20000E+01 1.00000E-07
 4.40000E+01 1.00000E-07
 4.60000E+01 1.00000E-07
 4.80000E+01 1.00000E-07
 5.00000E+01 1.00000E-07
 5.20000E+01 1.00000E-07
 5.40000E+01 1.00000E-07
 5.60000E+01 1.00000E-07
 5.80000E+01 1.00000E-07
 6.00000E+01 1.00000E-07
