# p + 117Sn Elastic cross sections
# 
# 
# # energies =   103
#    E      Cross section
 1.00000E-11 0.00000E+00
 2.53000E-08 0.00000E+00
 2.00000E-07 0.00000E+00
 1.00000E-06 0.00000E+00
 1.00000E-05 0.00000E+00
 1.00000E-04 0.00000E+00
 1.00000E-03 0.00000E+00
 2.00000E-03 0.00000E+00
 4.00000E-03 0.00000E+00
 7.00000E-03 0.00000E+00
 1.00000E-02 0.00000E+00
 2.00000E-02 0.00000E+00
 4.00000E-02 0.00000E+00
 7.00000E-02 0.00000E+00
 1.00000E-01 0.00000E+00
 2.00000E-01 0.00000E+00
 3.00000E-01 0.00000E+00
 4.00000E-01 0.00000E+00
 5.00000E-01 0.00000E+00
 6.00000E-01 0.00000E+00
 7.00000E-01 0.00000E+00
 8.00000E-01 0.00000E+00
 9.00000E-01 0.00000E+00
 1.00000E+00 0.00000E+00
 1.20000E+00 0.00000E+00
 1.40000E+00 0.00000E+00
 1.60000E+00 0.00000E+00
 1.80000E+00 2.72958E-10
 2.00000E+00 6.75496E-09
 2.20000E+00 2.03965E-07
 2.40000E+00 1.24693E-06
 2.60000E+00 7.07604E-06
 2.80000E+00 2.73199E-05
 3.00000E+00 1.07242E-04
 3.20000E+00 3.73721E-04
 3.40000E+00 7.07020E-04
 3.60000E+00 1.36812E-03
 3.80000E+00 3.08601E-03
 4.00000E+00 6.83069E-03
 4.20000E+00 1.20607E-02
 4.40000E+00 2.00496E-02
 4.60000E+00 3.19674E-02
 4.80000E+00 4.90099E-02
 5.00000E+00 7.21221E-02
 5.20000E+00 1.01563E-01
 5.40000E+00 1.36518E-01
 5.60000E+00 1.74909E-01
 5.80000E+00 2.13447E-01
 6.00000E+00 2.48179E-01
 6.20000E+00 2.75182E-01
 6.40000E+00 2.91512E-01
 6.60000E+00 2.95928E-01
 6.80000E+00 2.88881E-01
 7.00000E+00 2.72246E-01
 7.20000E+00 2.48736E-01
 7.40000E+00 2.21232E-01
 7.60000E+00 1.92380E-01
 7.80000E+00 1.64047E-01
 8.00000E+00 1.37700E-01
 8.50000E+00 8.46935E-02
 9.00000E+00 5.00634E-02
 9.50000E+00 1.73261E-02
 1.00000E+01 1.00442E-02
 1.05000E+01 5.80520E-03
 1.10000E+01 3.35527E-03
 1.15000E+01 1.94363E-03
 1.20000E+01 1.13001E-03
 1.25000E+01 6.59349E-04
 1.30000E+01 3.85938E-04
 1.35000E+01 2.26489E-04
 1.40000E+01 1.33233E-04
 1.45000E+01 7.85995E-05
 1.50000E+01 4.65451E-05
 1.60000E+01 1.66000E-05
 1.70000E+01 6.11360E-06
 1.80000E+01 2.35521E-06
 1.90000E+01 9.68118E-07
 2.00000E+01 4.41881E-07
 2.10000E+01 2.38495E-07
 2.20000E+01 1.57524E-07
 2.30000E+01 1.24566E-07
 2.40000E+01 1.10641E-07
 2.50000E+01 1.04688E-07
 2.60000E+01 1.02100E-07
 2.70000E+01 1.00956E-07
 2.80000E+01 1.00442E-07
 2.90000E+01 1.00207E-07
 3.00000E+01 1.00099E-07
 3.20000E+01 1.00023E-07
 3.40000E+01 1.00006E-07
 3.60000E+01 1.00001E-07
 3.80000E+01 1.00000E-07
 4.00000E+01 1.00000E-07
 4.20000E+01 1.00000E-07
 4.40000E+01 1.00000E-07
 4.60000E+01 1.00000E-07
 4.80000E+01 1.00000E-07
 5.00000E+01 1.00000E-07
 5.20000E+01 1.00000E-07
 5.40000E+01 1.00000E-07
 5.60000E+01 1.00000E-07
 5.80000E+01 1.00000E-07
 6.00000E+01 1.00000E-07
