# p + 118Sn Elastic cross sections
# 
# 
# # energies =   103
#    E      Cross section
 1.00000E-11 0.00000E+00
 2.53000E-08 0.00000E+00
 2.00000E-07 0.00000E+00
 1.00000E-06 0.00000E+00
 1.00000E-05 0.00000E+00
 1.00000E-04 0.00000E+00
 1.00000E-03 0.00000E+00
 2.00000E-03 0.00000E+00
 4.00000E-03 0.00000E+00
 7.00000E-03 0.00000E+00
 1.00000E-02 0.00000E+00
 2.00000E-02 0.00000E+00
 4.00000E-02 0.00000E+00
 7.00000E-02 0.00000E+00
 1.00000E-01 0.00000E+00
 2.00000E-01 0.00000E+00
 3.00000E-01 0.00000E+00
 4.00000E-01 0.00000E+00
 5.00000E-01 0.00000E+00
 6.00000E-01 0.00000E+00
 7.00000E-01 0.00000E+00
 8.00000E-01 0.00000E+00
 9.00000E-01 0.00000E+00
 1.00000E+00 0.00000E+00
 1.20000E+00 0.00000E+00
 1.40000E+00 0.00000E+00
 1.60000E+00 0.00000E+00
 1.80000E+00 9.14492E-10
 2.00000E+00 2.27686E-08
 2.20000E+00 3.53543E-07
 2.40000E+00 3.92438E-06
 2.60000E+00 3.12365E-05
 2.80000E+00 1.90387E-04
 3.00000E+00 9.23847E-04
 3.20000E+00 3.69295E-03
 3.40000E+00 1.24783E-02
 3.60000E+00 3.63988E-02
 3.80000E+00 9.33832E-02
 4.00000E+00 2.14000E-01
 4.20000E+00 4.44064E-01
 4.40000E+00 8.44291E-01
 4.60000E+00 6.49174E-01
 4.80000E+00 5.55701E-01
 5.00000E+00 5.38631E-01
 5.20000E+00 5.98176E-01
 5.40000E+00 6.84870E-01
 5.60000E+00 7.77364E-01
 5.80000E+00 8.62357E-01
 6.00000E+00 9.28186E-01
 6.20000E+00 9.65283E-01
 6.40000E+00 9.67981E-01
 6.60000E+00 9.36432E-01
 6.80000E+00 8.75900E-01
 7.00000E+00 7.94719E-01
 7.20000E+00 7.01925E-01
 7.40000E+00 6.05718E-01
 7.60000E+00 5.12474E-01
 7.80000E+00 4.26465E-01
 8.00000E+00 3.50050E-01
 8.50000E+00 2.04207E-01
 9.00000E+00 1.14588E-01
 9.50000E+00 6.32060E-02
 1.00000E+01 1.63056E-02
 1.05000E+01 8.92380E-03
 1.10000E+01 4.89741E-03
 1.15000E+01 2.70212E-03
 1.20000E+01 1.50070E-03
 1.25000E+01 8.39028E-04
 1.30000E+01 4.71924E-04
 1.35000E+01 2.66831E-04
 1.40000E+01 1.51661E-04
 1.45000E+01 8.66904E-05
 1.50000E+01 4.98749E-05
 1.60000E+01 1.69129E-05
 1.70000E+01 5.97319E-06
 1.80000E+01 2.22466E-06
 1.90000E+01 8.93306E-07
 2.00000E+01 4.04025E-07
 2.10000E+01 2.19909E-07
 2.20000E+01 1.48428E-07
 2.30000E+01 1.20143E-07
 2.40000E+01 1.08537E-07
 2.50000E+01 1.03685E-07
 2.60000E+01 1.01621E-07
 2.70000E+01 1.00726E-07
 2.80000E+01 1.00331E-07
 2.90000E+01 1.00153E-07
 3.00000E+01 1.00072E-07
 3.20000E+01 1.00016E-07
 3.40000E+01 1.00004E-07
 3.60000E+01 1.00001E-07
 3.80000E+01 1.00000E-07
 4.00000E+01 1.00000E-07
 4.20000E+01 1.00000E-07
 4.40000E+01 1.00000E-07
 4.60000E+01 1.00000E-07
 4.80000E+01 1.00000E-07
 5.00000E+01 1.00000E-07
 5.20000E+01 1.00000E-07
 5.40000E+01 1.00000E-07
 5.60000E+01 1.00000E-07
 5.80000E+01 1.00000E-07
 6.00000E+01 1.00000E-07
