# p + 124Sn Total gamma    production
# Q-value    = 7.31259E+00
# 
# # energies =   103
#    E         xs         Yield
 1.00000E-11 0.00000E+00 0.00000E+00
 2.53000E-08 0.00000E+00 0.00000E+00
 2.00000E-07 0.00000E+00 0.00000E+00
 1.00000E-06 0.00000E+00 0.00000E+00
 1.00000E-05 0.00000E+00 0.00000E+00
 1.00000E-04 0.00000E+00 0.00000E+00
 1.00000E-03 0.00000E+00 0.00000E+00
 2.00000E-03 0.00000E+00 0.00000E+00
 4.00000E-03 0.00000E+00 0.00000E+00
 7.00000E-03 0.00000E+00 0.00000E+00
 1.00000E-02 0.00000E+00 0.00000E+00
 2.00000E-02 0.00000E+00 0.00000E+00
 4.00000E-02 0.00000E+00 0.00000E+00
 7.00000E-02 0.00000E+00 0.00000E+00
 1.00000E-01 0.00000E+00 0.00000E+00
 2.00000E-01 0.00000E+00 0.00000E+00
 3.00000E-01 0.00000E+00 0.00000E+00
 4.00000E-01 0.00000E+00 0.00000E+00
 5.00000E-01 0.00000E+00 0.00000E+00
 6.00000E-01 0.00000E+00 0.00000E+00
 7.00000E-01 0.00000E+00 0.00000E+00
 8.00000E-01 0.00000E+00 0.00000E+00
 9.00000E-01 0.00000E+00 0.00000E+00
 1.00000E+00 0.00000E+00 0.00000E+00
 1.20000E+00 0.00000E+00 0.00000E+00
 1.40000E+00 0.00000E+00 0.00000E+00
 1.60000E+00 0.00000E+00 0.00000E+00
 1.80000E+00 1.64109E-06 3.03032E-02
 2.00000E+00 4.46572E-06 1.40201E-02
 2.20000E+00 1.38682E-03 9.58442E-01
 2.40000E+00 5.91682E-03 1.10370E+00
 2.60000E+00 2.06421E-02 1.22510E+00
 2.80000E+00 6.17235E-02 1.33433E+00
 3.00000E+00 1.62792E-01 1.43528E+00
 3.20000E+00 3.88886E-01 1.53900E+00
 3.40000E+00 8.44128E-01 1.62792E+00
 3.60000E+00 1.69640E+00 1.71223E+00
 3.80000E+00 3.18787E+00 1.79261E+00
 4.00000E+00 5.64475E+00 1.86876E+00
 4.20000E+00 9.48092E+00 1.94098E+00
 4.40000E+00 1.51873E+01 2.00922E+00
 4.60000E+00 2.33181E+01 2.07407E+00
 4.80000E+00 3.44592E+01 2.13591E+00
 5.00000E+00 4.92064E+01 2.19552E+00
 5.20000E+00 6.81232E+01 2.25330E+00
 5.40000E+00 9.17213E+01 2.30973E+00
 5.60000E+00 1.20426E+02 2.36488E+00
 5.80000E+00 1.54596E+02 2.41907E+00
 6.00000E+00 1.94408E+02 2.47118E+00
 6.20000E+00 2.40274E+02 2.52397E+00
 6.40000E+00 2.92179E+02 2.57525E+00
 6.60000E+00 3.50117E+02 2.62434E+00
 6.80000E+00 4.14490E+02 2.67385E+00
 7.00000E+00 4.84861E+02 2.72060E+00
 7.20000E+00 5.61896E+02 2.76862E+00
 7.40000E+00 6.45093E+02 2.81532E+00
 7.60000E+00 7.34075E+02 2.86005E+00
 7.80000E+00 8.29211E+02 2.90543E+00
 8.00000E+00 9.20235E+02 2.91949E+00
 8.50000E+00 9.95789E+02 2.53292E+00
 9.00000E+00 9.35841E+02 1.97660E+00
 9.50000E+00 8.05352E+02 1.45558E+00
 1.00000E+01 6.75420E+02 1.07125E+00
 1.05000E+01 6.03593E+02 8.57701E-01
 1.10000E+01 6.24775E+02 8.09266E-01
 1.15000E+01 6.97260E+02 8.35419E-01
 1.20000E+01 8.28838E+02 9.30202E-01
 1.25000E+01 9.90188E+02 1.05204E+00
 1.30000E+01 1.17551E+03 1.19264E+00
 1.35000E+01 1.37887E+03 1.34497E+00
 1.40000E+01 1.59643E+03 1.50466E+00
 1.45000E+01 1.82498E+03 1.66818E+00
 1.50000E+01 2.06127E+03 1.83225E+00
 1.60000E+01 2.54410E+03 2.15140E+00
 1.70000E+01 3.02864E+03 2.45335E+00
 1.80000E+01 3.39594E+03 2.65277E+00
 1.90000E+01 3.42937E+03 2.59948E+00
 2.00000E+01 3.28052E+03 2.42549E+00
 2.10000E+01 3.15486E+03 2.28419E+00
 2.20000E+01 3.14045E+03 2.23291E+00
 2.30000E+01 3.24696E+03 2.27175E+00
 2.40000E+01 3.45356E+03 2.38128E+00
 2.50000E+01 3.61512E+03 2.45953E+00
 2.60000E+01 3.83066E+03 2.57442E+00
 2.70000E+01 3.95953E+03 2.63165E+00
 2.80000E+01 3.92294E+03 2.58192E+00
 2.90000E+01 3.83885E+03 2.50566E+00
 3.00000E+01 3.75384E+03 2.43364E+00
 3.20000E+01 3.67477E+03 2.35983E+00
 3.40000E+01 3.73082E+03 2.38125E+00
 3.60000E+01 3.94723E+03 2.50804E+00
 3.80000E+01 4.09935E+03 2.59658E+00
 4.00000E+01 4.15919E+03 2.63130E+00
 4.20000E+01 4.07227E+03 2.57840E+00
 4.40000E+01 4.00996E+03 2.54492E+00
 4.60000E+01 4.00597E+03 2.55083E+00
 4.80000E+01 3.98674E+03 2.54867E+00
 5.00000E+01 3.90726E+03 2.50924E+00
 5.20000E+01 3.89931E+03 2.51695E+00
 5.40000E+01 3.82685E+03 2.48408E+00
 5.60000E+01 3.80115E+03 2.48224E+00
 5.80000E+01 3.76034E+03 2.47101E+00
 6.00000E+01 3.71564E+03 2.45744E+00
