# p + 112Sn Total gamma    production
# Q-value    = 3.05089E+00
# 
# # energies =   103
#    E         xs         Yield
 1.00000E-11 0.00000E+00 0.00000E+00
 2.53000E-08 0.00000E+00 0.00000E+00
 2.00000E-07 0.00000E+00 0.00000E+00
 1.00000E-06 0.00000E+00 0.00000E+00
 1.00000E-05 0.00000E+00 0.00000E+00
 1.00000E-04 0.00000E+00 0.00000E+00
 1.00000E-03 0.00000E+00 0.00000E+00
 2.00000E-03 0.00000E+00 0.00000E+00
 4.00000E-03 0.00000E+00 0.00000E+00
 7.00000E-03 0.00000E+00 0.00000E+00
 1.00000E-02 0.00000E+00 0.00000E+00
 2.00000E-02 0.00000E+00 0.00000E+00
 4.00000E-02 0.00000E+00 0.00000E+00
 7.00000E-02 0.00000E+00 0.00000E+00
 1.00000E-01 0.00000E+00 0.00000E+00
 2.00000E-01 0.00000E+00 0.00000E+00
 3.00000E-01 0.00000E+00 0.00000E+00
 4.00000E-01 0.00000E+00 0.00000E+00
 5.00000E-01 0.00000E+00 0.00000E+00
 6.00000E-01 0.00000E+00 0.00000E+00
 7.00000E-01 0.00000E+00 0.00000E+00
 8.00000E-01 0.00000E+00 0.00000E+00
 9.00000E-01 0.00000E+00 0.00000E+00
 1.00000E+00 0.00000E+00 0.00000E+00
 1.20000E+00 0.00000E+00 0.00000E+00
 1.40000E+00 0.00000E+00 0.00000E+00
 1.60000E+00 0.00000E+00 0.00000E+00
 1.80000E+00 2.76553E-05 1.00000E+00
 2.00000E+00 1.58169E-04 1.00000E+00
 2.20000E+00 6.97190E-04 1.00000E+00
 2.40000E+00 4.93111E-03 1.98784E+00
 2.60000E+00 1.49549E-02 2.03307E+00
 2.80000E+00 3.86297E-02 2.07426E+00
 3.00000E+00 8.72724E-02 2.11579E+00
 3.20000E+00 1.76648E-01 2.15770E+00
 3.40000E+00 3.27786E-01 2.19963E+00
 3.60000E+00 5.68292E-01 2.24010E+00
 3.80000E+00 9.33638E-01 2.27613E+00
 4.00000E+00 1.46852E+00 2.30367E+00
 4.20000E+00 2.22712E+00 2.31780E+00
 4.40000E+00 3.27330E+00 2.31331E+00
 4.60000E+00 4.67959E+00 2.28590E+00
 4.80000E+00 6.52699E+00 2.23312E+00
 5.00000E+00 8.90316E+00 2.15492E+00
 5.20000E+00 1.18998E+01 2.05368E+00
 5.40000E+00 1.55805E+01 1.92557E+00
 5.60000E+00 2.00313E+01 1.78296E+00
 5.80000E+00 2.54705E+01 1.65672E+00
 6.00000E+00 3.15868E+01 1.49636E+00
 6.20000E+00 3.87596E+01 1.35868E+00
 6.40000E+00 4.67896E+01 1.22449E+00
 6.60000E+00 5.55279E+01 1.09619E+00
 6.80000E+00 6.53388E+01 9.90238E-01
 7.00000E+00 7.57346E+01 8.91897E-01
 7.20000E+00 8.72226E+01 8.14073E-01
 7.40000E+00 9.99831E+01 7.52851E-01
 7.60000E+00 1.28022E+02 6.63189E-01
 7.80000E+00 1.44088E+02 6.40338E-01
 8.00000E+00 1.55820E+02 6.02582E-01
 8.50000E+00 1.49846E+02 4.28589E-01
 9.00000E+00 2.69665E+02 6.34302E-01
 9.50000E+00 4.19577E+02 8.52632E-01
 1.00000E+01 5.80246E+02 1.04701E+00
 1.05000E+01 7.47054E+02 1.21840E+00
 1.10000E+01 9.16958E+02 1.36876E+00
 1.15000E+01 1.09145E+03 1.50545E+00
 1.20000E+01 1.27627E+03 1.63971E+00
 1.25000E+01 1.47043E+03 1.77277E+00
 1.30000E+01 1.67066E+03 1.90384E+00
 1.35000E+01 1.87107E+03 2.02985E+00
 1.40000E+01 2.05968E+03 2.14154E+00
 1.45000E+01 2.20462E+03 2.21022E+00
 1.50000E+01 2.27172E+03 2.20726E+00
 1.60000E+01 2.18734E+03 2.01920E+00
 1.70000E+01 1.98770E+03 1.76051E+00
 1.80000E+01 1.80243E+03 1.54033E+00
 1.90000E+01 1.75399E+03 1.45202E+00
 2.00000E+01 1.85959E+03 1.49655E+00
 2.10000E+01 2.07003E+03 1.62513E+00
 2.20000E+01 2.34004E+03 1.79810E+00
 2.30000E+01 2.63334E+03 1.98675E+00
 2.40000E+01 2.90087E+03 2.15529E+00
 2.50000E+01 3.16747E+03 2.32369E+00
 2.60000E+01 3.37071E+03 2.44674E+00
 2.70000E+01 3.49764E+03 2.51592E+00
 2.80000E+01 3.54643E+03 2.53038E+00
 2.90000E+01 3.53065E+03 2.50032E+00
 3.00000E+01 3.48909E+03 2.45372E+00
 3.20000E+01 3.45984E+03 2.40446E+00
 3.40000E+01 3.52688E+03 2.43184E+00
 3.60000E+01 3.69353E+03 2.53729E+00
 3.80000E+01 3.85744E+03 2.64729E+00
 4.00000E+01 3.89132E+03 2.67166E+00
 4.20000E+01 3.80618E+03 2.61672E+00
 4.40000E+01 3.69379E+03 2.54556E+00
 4.60000E+01 3.59560E+03 2.48666E+00
 4.80000E+01 3.56353E+03 2.47558E+00
 5.00000E+01 3.52614E+03 2.46232E+00
 5.20000E+01 3.52276E+03 2.47385E+00
 5.40000E+01 3.35523E+03 2.37027E+00
 5.60000E+01 3.24854E+03 2.30919E+00
 5.80000E+01 3.15859E+03 2.25972E+00
 6.00000E+01 3.05126E+03 2.19738E+00
