# p + 120Sn Total gamma    production
# Q-value    = 5.79038E+00
# 
# # energies =   103
#    E         xs         Yield
 1.00000E-11 0.00000E+00 0.00000E+00
 2.53000E-08 0.00000E+00 0.00000E+00
 2.00000E-07 0.00000E+00 0.00000E+00
 1.00000E-06 0.00000E+00 0.00000E+00
 1.00000E-05 0.00000E+00 0.00000E+00
 1.00000E-04 0.00000E+00 0.00000E+00
 1.00000E-03 0.00000E+00 0.00000E+00
 2.00000E-03 0.00000E+00 0.00000E+00
 4.00000E-03 0.00000E+00 0.00000E+00
 7.00000E-03 0.00000E+00 0.00000E+00
 1.00000E-02 0.00000E+00 0.00000E+00
 2.00000E-02 0.00000E+00 0.00000E+00
 4.00000E-02 0.00000E+00 0.00000E+00
 7.00000E-02 0.00000E+00 0.00000E+00
 1.00000E-01 0.00000E+00 0.00000E+00
 2.00000E-01 0.00000E+00 0.00000E+00
 3.00000E-01 0.00000E+00 0.00000E+00
 4.00000E-01 0.00000E+00 0.00000E+00
 5.00000E-01 0.00000E+00 0.00000E+00
 6.00000E-01 0.00000E+00 0.00000E+00
 7.00000E-01 0.00000E+00 0.00000E+00
 8.00000E-01 0.00000E+00 0.00000E+00
 9.00000E-01 0.00000E+00 0.00000E+00
 1.00000E+00 0.00000E+00 0.00000E+00
 1.20000E+00 0.00000E+00 0.00000E+00
 1.40000E+00 0.00000E+00 0.00000E+00
 1.60000E+00 0.00000E+00 0.00000E+00
 1.80000E+00 4.19566E-05 1.00000E+00
 2.00000E+00 2.43508E-04 1.00000E+00
 2.20000E+00 3.14663E-03 2.87314E+00
 2.40000E+00 1.18196E-02 2.93239E+00
 2.60000E+00 3.77262E-02 2.98803E+00
 2.80000E+00 1.05411E-01 3.04199E+00
 3.00000E+00 2.63677E-01 3.09549E+00
 3.20000E+00 6.00357E-01 3.14784E+00
 3.40000E+00 1.26108E+00 3.19935E+00
 3.60000E+00 9.95692E-01 1.29232E+00
 3.80000E+00 7.50079E-01 5.30155E-01
 4.00000E+00 1.29381E+00 5.25245E-01
 4.20000E+00 2.66110E+00 6.50641E-01
 4.40000E+00 5.04963E+00 7.75447E-01
 4.60000E+00 8.90076E+00 8.91701E-01
 4.80000E+00 1.47986E+01 1.00144E+00
 5.00000E+00 2.34422E+01 1.10666E+00
 5.20000E+00 3.56015E+01 1.20829E+00
 5.40000E+00 5.20209E+01 1.30575E+00
 5.60000E+00 7.34111E+01 1.39962E+00
 5.80000E+00 1.00342E+02 1.49003E+00
 6.00000E+00 1.33062E+02 1.57558E+00
 6.20000E+00 1.71772E+02 1.65761E+00
 6.40000E+00 2.16267E+02 1.73523E+00
 6.60000E+00 2.66388E+02 1.80961E+00
 6.80000E+00 3.21862E+02 1.88132E+00
 7.00000E+00 3.82527E+02 1.95149E+00
 7.20000E+00 4.48228E+02 2.02080E+00
 7.40000E+00 5.18906E+02 2.08991E+00
 7.60000E+00 5.94350E+02 2.15853E+00
 7.80000E+00 6.74645E+02 2.22738E+00
 8.00000E+00 7.59330E+02 2.29530E+00
 8.50000E+00 9.89972E+02 2.46330E+00
 9.00000E+00 1.24371E+03 2.62522E+00
 9.50000E+00 1.51607E+03 2.78045E+00
 1.00000E+01 1.80351E+03 2.93014E+00
 1.05000E+01 2.10290E+03 3.07504E+00
 1.10000E+01 2.16098E+03 2.88216E+00
 1.15000E+01 1.95182E+03 2.40209E+00
 1.20000E+01 1.68119E+03 1.92944E+00
 1.25000E+01 1.43036E+03 1.54571E+00
 1.30000E+01 1.29514E+03 1.32940E+00
 1.35000E+01 1.29767E+03 1.27482E+00
 1.40000E+01 1.35246E+03 1.27960E+00
 1.45000E+01 1.48005E+03 1.35537E+00
 1.50000E+01 1.64573E+03 1.46432E+00
 1.60000E+01 2.04161E+03 1.72880E+00
 1.70000E+01 2.49026E+03 2.02171E+00
 1.80000E+01 2.96122E+03 2.31787E+00
 1.90000E+01 3.42880E+03 2.60069E+00
 2.00000E+01 3.87286E+03 2.85949E+00
 2.10000E+01 4.24728E+03 3.06488E+00
 2.20000E+01 4.31044E+03 3.05045E+00
 2.30000E+01 4.10167E+03 2.85491E+00
 2.40000E+01 3.85558E+03 2.64550E+00
 2.50000E+01 3.70507E+03 2.51055E+00
 2.60000E+01 3.69031E+03 2.47265E+00
 2.70000E+01 3.75812E+03 2.49255E+00
 2.80000E+01 3.93086E+03 2.58310E+00
 2.90000E+01 4.12942E+03 2.69121E+00
 3.00000E+01 4.33003E+03 2.80179E+00
 3.20000E+01 4.50379E+03 2.88301E+00
 3.40000E+01 4.42256E+03 2.81244E+00
 3.60000E+01 4.32014E+03 2.73669E+00
 3.80000E+01 4.31879E+03 2.72980E+00
 4.00000E+01 4.47607E+03 2.82709E+00
 4.20000E+01 4.67178E+03 2.95297E+00
 4.40000E+01 4.73363E+03 2.99857E+00
 4.60000E+01 4.67293E+03 2.96983E+00
 4.80000E+01 4.47642E+03 2.85657E+00
 5.00000E+01 4.36325E+03 2.79742E+00
 5.20000E+01 4.19744E+03 2.70514E+00
 5.40000E+01 4.09730E+03 2.65555E+00
 5.60000E+01 3.94920E+03 2.57500E+00
 5.80000E+01 3.84985E+03 2.52606E+00
 6.00000E+01 3.71990E+03 2.45673E+00
