# p + 119Sn Total gamma    production
# Q-value    = 5.64112E+00
# 
# # energies =   103
#    E         xs         Yield
 1.00000E-11 0.00000E+00 0.00000E+00
 2.53000E-08 0.00000E+00 0.00000E+00
 2.00000E-07 0.00000E+00 0.00000E+00
 1.00000E-06 0.00000E+00 0.00000E+00
 1.00000E-05 0.00000E+00 0.00000E+00
 1.00000E-04 0.00000E+00 0.00000E+00
 1.00000E-03 0.00000E+00 0.00000E+00
 2.00000E-03 0.00000E+00 0.00000E+00
 4.00000E-03 0.00000E+00 0.00000E+00
 7.00000E-03 0.00000E+00 0.00000E+00
 1.00000E-02 0.00000E+00 0.00000E+00
 2.00000E-02 0.00000E+00 0.00000E+00
 4.00000E-02 0.00000E+00 0.00000E+00
 7.00000E-02 0.00000E+00 0.00000E+00
 1.00000E-01 0.00000E+00 0.00000E+00
 2.00000E-01 0.00000E+00 0.00000E+00
 3.00000E-01 0.00000E+00 0.00000E+00
 4.00000E-01 0.00000E+00 0.00000E+00
 5.00000E-01 0.00000E+00 0.00000E+00
 6.00000E-01 0.00000E+00 0.00000E+00
 7.00000E-01 0.00000E+00 0.00000E+00
 8.00000E-01 0.00000E+00 0.00000E+00
 9.00000E-01 0.00000E+00 0.00000E+00
 1.00000E+00 0.00000E+00 0.00000E+00
 1.20000E+00 0.00000E+00 0.00000E+00
 1.40000E+00 0.00000E+00 0.00000E+00
 1.60000E+00 0.00000E+00 0.00000E+00
 1.80000E+00 1.12936E-05 3.00075E-01
 2.00000E+00 5.20024E-05 2.34674E-01
 2.20000E+00 9.60759E-05 9.50346E-02
 2.40000E+00 2.96049E-04 7.85264E-02
 2.60000E+00 8.96468E-04 7.49737E-02
 2.80000E+00 8.67296E-03 2.61131E-01
 3.00000E+00 3.13967E-02 3.80042E-01
 3.20000E+00 9.89265E-02 5.28435E-01
 3.40000E+00 2.58169E-01 6.59059E-01
 3.60000E+00 5.88430E-01 7.69149E-01
 3.80000E+00 1.21556E+00 8.64126E-01
 4.00000E+00 2.33017E+00 9.50360E-01
 4.20000E+00 4.18912E+00 1.02816E+00
 4.40000E+00 7.14102E+00 1.10122E+00
 4.60000E+00 1.16232E+01 1.17141E+00
 4.80000E+00 1.81347E+01 1.23855E+00
 5.00000E+00 2.72792E+01 1.30576E+00
 5.20000E+00 3.96167E+01 1.37138E+00
 5.40000E+00 5.57869E+01 1.43813E+00
 5.60000E+00 7.62361E+01 1.50419E+00
 5.80000E+00 1.01429E+02 1.57118E+00
 6.00000E+00 1.31552E+02 1.63778E+00
 6.20000E+00 1.66690E+02 1.70386E+00
 6.40000E+00 2.06914E+02 1.77020E+00
 6.60000E+00 2.51917E+02 1.83485E+00
 6.80000E+00 3.01892E+02 1.90018E+00
 7.00000E+00 3.56527E+02 1.96461E+00
 7.20000E+00 4.15689E+02 2.02798E+00
 7.40000E+00 4.79458E+02 2.09099E+00
 7.60000E+00 5.47698E+02 2.15314E+00
 7.80000E+00 6.20321E+02 2.21431E+00
 8.00000E+00 6.97437E+02 2.27512E+00
 8.50000E+00 9.08817E+02 2.42429E+00
 9.00000E+00 1.14505E+03 2.57069E+00
 9.50000E+00 1.40224E+03 2.71400E+00
 1.00000E+01 1.67564E+03 2.85322E+00
 1.05000E+01 1.95917E+03 2.98540E+00
 1.10000E+01 2.24565E+03 3.10721E+00
 1.15000E+01 2.30930E+03 2.93889E+00
 1.20000E+01 2.13262E+03 2.52564E+00
 1.25000E+01 1.94155E+03 2.16273E+00
 1.30000E+01 1.81463E+03 1.91948E+00
 1.35000E+01 1.79657E+03 1.81937E+00
 1.40000E+01 1.83788E+03 1.79368E+00
 1.45000E+01 1.93943E+03 1.83346E+00
 1.50000E+01 2.07946E+03 1.91141E+00
 1.60000E+01 2.41812E+03 2.11728E+00
 1.70000E+01 2.80754E+03 2.35723E+00
 1.80000E+01 3.21216E+03 2.59988E+00
 1.90000E+01 3.59587E+03 2.82016E+00
 2.00000E+01 3.81664E+03 2.91456E+00
 2.10000E+01 3.77142E+03 2.81623E+00
 2.20000E+01 3.60034E+03 2.63823E+00
 2.30000E+01 3.42353E+03 2.46864E+00
 2.40000E+01 3.35353E+03 2.38457E+00
 2.50000E+01 3.40079E+03 2.38816E+00
 2.60000E+01 3.52814E+03 2.44953E+00
 2.70000E+01 3.71718E+03 2.55375E+00
 2.80000E+01 3.96035E+03 2.69453E+00
 2.90000E+01 4.21466E+03 2.84264E+00
 3.00000E+01 4.45922E+03 2.98497E+00
 3.20000E+01 4.77746E+03 3.16298E+00
 3.40000E+01 4.74571E+03 3.12251E+00
 3.60000E+01 4.54230E+03 2.97842E+00
 3.80000E+01 4.43830E+03 2.90415E+00
 4.00000E+01 4.44283E+03 2.90455E+00
 4.20000E+01 4.43014E+03 2.89828E+00
 4.40000E+01 4.31469E+03 2.82925E+00
 4.60000E+01 4.21114E+03 2.77111E+00
 4.80000E+01 4.10366E+03 2.71205E+00
 5.00000E+01 3.92675E+03 2.60775E+00
 5.20000E+01 3.85058E+03 2.57076E+00
 5.40000E+01 3.75967E+03 2.52444E+00
 5.60000E+01 3.74392E+03 2.52918E+00
 5.80000E+01 3.63212E+03 2.46928E+00
 6.00000E+01 3.54114E+03 2.42320E+00
