# p + 116Sn Total gamma    production
# Q-value    = 4.40255E+00
# 
# # energies =   103
#    E         xs         Yield
 1.00000E-11 0.00000E+00 0.00000E+00
 2.53000E-08 0.00000E+00 0.00000E+00
 2.00000E-07 0.00000E+00 0.00000E+00
 1.00000E-06 0.00000E+00 0.00000E+00
 1.00000E-05 0.00000E+00 0.00000E+00
 1.00000E-04 0.00000E+00 0.00000E+00
 1.00000E-03 0.00000E+00 0.00000E+00
 2.00000E-03 0.00000E+00 0.00000E+00
 4.00000E-03 0.00000E+00 0.00000E+00
 7.00000E-03 0.00000E+00 0.00000E+00
 1.00000E-02 0.00000E+00 0.00000E+00
 2.00000E-02 0.00000E+00 0.00000E+00
 4.00000E-02 0.00000E+00 0.00000E+00
 7.00000E-02 0.00000E+00 0.00000E+00
 1.00000E-01 0.00000E+00 0.00000E+00
 2.00000E-01 0.00000E+00 0.00000E+00
 3.00000E-01 0.00000E+00 0.00000E+00
 4.00000E-01 0.00000E+00 0.00000E+00
 5.00000E-01 0.00000E+00 0.00000E+00
 6.00000E-01 0.00000E+00 0.00000E+00
 7.00000E-01 0.00000E+00 0.00000E+00
 8.00000E-01 0.00000E+00 0.00000E+00
 9.00000E-01 0.00000E+00 0.00000E+00
 1.00000E+00 0.00000E+00 0.00000E+00
 1.20000E+00 0.00000E+00 0.00000E+00
 1.40000E+00 0.00000E+00 0.00000E+00
 1.60000E+00 0.00000E+00 0.00000E+00
 1.80000E+00 3.15643E-05 1.00000E+00
 2.00000E+00 1.84599E-04 1.00000E+00
 2.20000E+00 8.36305E-04 1.00000E+00
 2.40000E+00 7.85550E-03 2.53677E+00
 2.60000E+00 2.52608E-02 2.59488E+00
 2.80000E+00 7.07648E-02 2.65032E+00
 3.00000E+00 1.76415E-01 2.70593E+00
 3.20000E+00 3.97507E-01 2.76126E+00
 3.40000E+00 8.20303E-01 2.81603E+00
 3.60000E+00 1.56893E+00 2.87011E+00
 3.80000E+00 2.81144E+00 2.92283E+00
 4.00000E+00 4.76588E+00 2.97350E+00
 4.20000E+00 7.70746E+00 3.02098E+00
 4.40000E+00 1.19743E+01 3.06397E+00
 4.60000E+00 1.79712E+01 3.10096E+00
 4.80000E+00 2.61771E+01 3.13050E+00
 5.00000E+00 3.71308E+01 3.15129E+00
 5.20000E+00 5.14242E+01 3.16192E+00
 5.40000E+00 6.96619E+01 3.16048E+00
 5.60000E+00 8.31558E+01 2.75031E+00
 5.80000E+00 6.01317E+01 1.22041E+00
 6.00000E+00 6.49678E+01 9.95463E-01
 6.20000E+00 6.19022E+01 7.33202E-01
 6.40000E+00 7.83099E+01 7.35817E-01
 6.60000E+00 1.04946E+02 8.11178E-01
 6.80000E+00 1.37128E+02 8.95559E-01
 7.00000E+00 1.73825E+02 9.79091E-01
 7.20000E+00 2.14936E+02 1.06150E+00
 7.40000E+00 2.60169E+02 1.14193E+00
 7.60000E+00 3.09303E+02 1.22019E+00
 7.80000E+00 3.62181E+02 1.29638E+00
 8.00000E+00 4.18255E+02 1.36924E+00
 8.50000E+00 5.71174E+02 1.53823E+00
 9.00000E+00 7.41383E+02 1.69389E+00
 9.50000E+00 9.32958E+02 1.85067E+00
 1.00000E+01 1.14541E+03 2.01135E+00
 1.05000E+01 1.37413E+03 2.16848E+00
 1.10000E+01 1.61479E+03 2.31898E+00
 1.15000E+01 1.86369E+03 2.46236E+00
 1.20000E+01 2.11720E+03 2.59961E+00
 1.25000E+01 2.37059E+03 2.73098E+00
 1.30000E+01 2.61811E+03 2.85550E+00
 1.35000E+01 2.85028E+03 2.96741E+00
 1.40000E+01 2.81744E+03 2.81979E+00
 1.45000E+01 2.62751E+03 2.54274E+00
 1.50000E+01 2.37213E+03 2.22972E+00
 1.60000E+01 1.92193E+03 1.72017E+00
 1.70000E+01 1.76608E+03 1.51658E+00
 1.80000E+01 1.86048E+03 1.54057E+00
 1.90000E+01 2.09613E+03 1.68111E+00
 2.00000E+01 2.40491E+03 1.87623E+00
 2.10000E+01 2.74298E+03 2.09016E+00
 2.20000E+01 3.07182E+03 2.29456E+00
 2.30000E+01 3.37262E+03 2.47733E+00
 2.40000E+01 3.62774E+03 2.62722E+00
 2.50000E+01 3.82407E+03 2.73582E+00
 2.60000E+01 3.87400E+03 2.74178E+00
 2.70000E+01 3.81270E+03 2.67198E+00
 2.80000E+01 3.73231E+03 2.59188E+00
 2.90000E+01 3.70021E+03 2.54801E+00
 3.00000E+01 3.72981E+03 2.54897E+00
 3.20000E+01 3.97533E+03 2.68489E+00
 3.40000E+01 4.23216E+03 2.83876E+00
 3.60000E+01 4.48611E+03 2.99928E+00
 3.80000E+01 4.52722E+03 3.02240E+00
 4.00000E+01 4.45629E+03 2.97397E+00
 4.20000E+01 4.37885E+03 2.92477E+00
 4.40000E+01 4.39827E+03 2.94439E+00
 4.60000E+01 4.28932E+03 2.88162E+00
 4.80000E+01 4.25210E+03 2.86932E+00
 5.00000E+01 4.21118E+03 2.85603E+00
 5.20000E+01 4.14029E+03 2.82327E+00
 5.40000E+01 4.02819E+03 2.76282E+00
 5.60000E+01 3.97796E+03 2.74514E+00
 5.80000E+01 3.91796E+03 2.72103E+00
 6.00000E+01 3.78052E+03 2.64287E+00
