# p + 122Sn Total gamma    production
# Q-value    = 6.57191E+00
# 
# # energies =   103
#    E         xs         Yield
 1.00000E-11 0.00000E+00 0.00000E+00
 2.53000E-08 0.00000E+00 0.00000E+00
 2.00000E-07 0.00000E+00 0.00000E+00
 1.00000E-06 0.00000E+00 0.00000E+00
 1.00000E-05 0.00000E+00 0.00000E+00
 1.00000E-04 0.00000E+00 0.00000E+00
 1.00000E-03 0.00000E+00 0.00000E+00
 2.00000E-03 0.00000E+00 0.00000E+00
 4.00000E-03 0.00000E+00 0.00000E+00
 7.00000E-03 0.00000E+00 0.00000E+00
 1.00000E-02 0.00000E+00 0.00000E+00
 2.00000E-02 0.00000E+00 0.00000E+00
 4.00000E-02 0.00000E+00 0.00000E+00
 7.00000E-02 0.00000E+00 0.00000E+00
 1.00000E-01 0.00000E+00 0.00000E+00
 2.00000E-01 0.00000E+00 0.00000E+00
 3.00000E-01 0.00000E+00 0.00000E+00
 4.00000E-01 0.00000E+00 0.00000E+00
 5.00000E-01 0.00000E+00 0.00000E+00
 6.00000E-01 0.00000E+00 0.00000E+00
 7.00000E-01 0.00000E+00 0.00000E+00
 8.00000E-01 0.00000E+00 0.00000E+00
 9.00000E-01 0.00000E+00 0.00000E+00
 1.00000E+00 0.00000E+00 0.00000E+00
 1.20000E+00 0.00000E+00 0.00000E+00
 1.40000E+00 0.00000E+00 0.00000E+00
 1.60000E+00 0.00000E+00 0.00000E+00
 1.80000E+00 4.65656E-05 1.00000E+00
 2.00000E+00 2.74621E-04 1.00000E+00
 2.20000E+00 3.77151E-03 3.01192E+00
 2.40000E+00 1.43090E-02 3.06960E+00
 2.60000E+00 1.03167E-02 6.99827E-01
 2.80000E+00 1.72786E-02 4.23829E-01
 3.00000E+00 6.18839E-02 6.13945E-01
 3.20000E+00 1.75978E-01 7.76334E-01
 3.40000E+00 4.29248E-01 9.13378E-01
 3.60000E+00 9.40139E-01 1.03543E+00
 3.80000E+00 1.89244E+00 1.14777E+00
 4.00000E+00 3.55145E+00 1.25305E+00
 4.20000E+00 6.27427E+00 1.35257E+00
 4.40000E+00 1.05137E+01 1.44739E+00
 4.60000E+00 1.68052E+01 1.53794E+00
 4.80000E+00 2.57340E+01 1.62394E+00
 5.00000E+00 3.79096E+01 1.70586E+00
 5.20000E+00 5.38998E+01 1.78348E+00
 5.40000E+00 7.42032E+01 1.85704E+00
 5.60000E+00 9.92284E+01 1.92715E+00
 5.80000E+00 1.29263E+02 1.99417E+00
 6.00000E+00 1.64542E+02 2.05916E+00
 6.20000E+00 2.05183E+02 2.12236E+00
 6.40000E+00 2.51298E+02 2.18444E+00
 6.60000E+00 3.02930E+02 2.24550E+00
 6.80000E+00 3.60115E+02 2.30558E+00
 7.00000E+00 4.22741E+02 2.36398E+00
 7.20000E+00 4.91214E+02 2.42293E+00
 7.40000E+00 5.65285E+02 2.48091E+00
 7.60000E+00 6.44496E+02 2.53635E+00
 7.80000E+00 7.29643E+02 2.59294E+00
 8.00000E+00 8.19514E+02 2.64692E+00
 8.50000E+00 1.06582E+03 2.78009E+00
 9.00000E+00 1.33679E+03 2.90723E+00
 9.50000E+00 1.53975E+03 2.86967E+00
 1.00000E+01 1.47558E+03 2.41215E+00
 1.05000E+01 1.25418E+03 1.83364E+00
 1.10000E+01 1.04229E+03 1.38547E+00
 1.15000E+01 9.19482E+02 1.12721E+00
 1.20000E+01 8.62046E+02 9.86938E-01
 1.25000E+01 9.14551E+02 9.88586E-01
 1.30000E+01 1.00425E+03 1.03444E+00
 1.35000E+01 1.14596E+03 1.13325E+00
 1.40000E+01 1.31385E+03 1.25452E+00
 1.45000E+01 1.50088E+03 1.38960E+00
 1.50000E+01 1.70334E+03 1.53388E+00
 1.60000E+01 2.14646E+03 1.84020E+00
 1.70000E+01 2.60675E+03 2.14152E+00
 1.80000E+01 3.01987E+03 2.39181E+00
 1.90000E+01 3.44514E+03 2.64606E+00
 2.00000E+01 3.68688E+03 2.76026E+00
 2.10000E+01 3.61947E+03 2.65241E+00
 2.20000E+01 3.46050E+03 2.49004E+00
 2.30000E+01 3.35057E+03 2.37278E+00
 2.40000E+01 3.36513E+03 2.34930E+00
 2.50000E+01 3.48259E+03 2.39981E+00
 2.60000E+01 3.68242E+03 2.50728E+00
 2.70000E+01 3.91552E+03 2.63684E+00
 2.80000E+01 4.11354E+03 2.74291E+00
 2.90000E+01 4.24245E+03 2.80465E+00
 3.00000E+01 4.24785E+03 2.78824E+00
 3.20000E+01 4.13210E+03 2.68517E+00
 3.40000E+01 4.05914E+03 2.62205E+00
 3.60000E+01 4.15349E+03 2.67229E+00
 3.80000E+01 4.36195E+03 2.79865E+00
 4.00000E+01 4.54325E+03 2.91158E+00
 4.20000E+01 4.51041E+03 2.89264E+00
 4.40000E+01 4.37712E+03 2.81378E+00
 4.60000E+01 4.20669E+03 2.71352E+00
 4.80000E+01 4.12591E+03 2.67239E+00
 5.00000E+01 4.07612E+03 2.65248E+00
 5.20000E+01 3.89133E+03 2.54536E+00
 5.40000E+01 3.86559E+03 2.54285E+00
 5.60000E+01 3.82628E+03 2.53221E+00
 5.80000E+01 3.74687E+03 2.49533E+00
 6.00000E+01 3.71501E+03 2.49020E+00
