# p + 117Sn Total gamma    production
# Q-value    = 4.88743E+00
# 
# # energies =   103
#    E         xs         Yield
 1.00000E-11 0.00000E+00 0.00000E+00
 2.53000E-08 0.00000E+00 0.00000E+00
 2.00000E-07 0.00000E+00 0.00000E+00
 1.00000E-06 0.00000E+00 0.00000E+00
 1.00000E-05 0.00000E+00 0.00000E+00
 1.00000E-04 0.00000E+00 0.00000E+00
 1.00000E-03 0.00000E+00 0.00000E+00
 2.00000E-03 0.00000E+00 0.00000E+00
 4.00000E-03 0.00000E+00 0.00000E+00
 7.00000E-03 0.00000E+00 0.00000E+00
 1.00000E-02 0.00000E+00 0.00000E+00
 2.00000E-02 0.00000E+00 0.00000E+00
 4.00000E-02 0.00000E+00 0.00000E+00
 7.00000E-02 0.00000E+00 0.00000E+00
 1.00000E-01 0.00000E+00 0.00000E+00
 2.00000E-01 0.00000E+00 0.00000E+00
 3.00000E-01 0.00000E+00 0.00000E+00
 4.00000E-01 0.00000E+00 0.00000E+00
 5.00000E-01 0.00000E+00 0.00000E+00
 6.00000E-01 0.00000E+00 0.00000E+00
 7.00000E-01 0.00000E+00 0.00000E+00
 8.00000E-01 0.00000E+00 0.00000E+00
 9.00000E-01 0.00000E+00 0.00000E+00
 1.00000E+00 0.00000E+00 0.00000E+00
 1.20000E+00 0.00000E+00 0.00000E+00
 1.40000E+00 0.00000E+00 0.00000E+00
 1.60000E+00 0.00000E+00 0.00000E+00
 1.80000E+00 3.32843E-05 1.00000E+00
 2.00000E+00 1.95279E-04 9.99996E-01
 2.20000E+00 8.84761E-04 9.96828E-01
 2.40000E+00 1.11518E-02 3.37796E+00
 2.60000E+00 2.54325E-02 2.43347E+00
 2.80000E+00 4.35804E-02 1.50265E+00
 3.00000E+00 8.95414E-02 1.24161E+00
 3.20000E+00 1.72403E-01 1.05457E+00
 3.40000E+00 2.34498E-01 6.83870E-01
 3.60000E+00 3.39934E-01 5.05967E-01
 3.80000E+00 5.48903E-01 4.42633E-01
 4.00000E+00 8.86413E-01 4.08152E-01
 4.20000E+00 1.68913E+00 4.65065E-01
 4.40000E+00 3.36669E+00 5.78006E-01
 4.60000E+00 6.15649E+00 6.84782E-01
 4.80000E+00 1.04235E+01 7.78068E-01
 5.00000E+00 1.66634E+01 8.62552E-01
 5.20000E+00 2.53349E+01 9.37776E-01
 5.40000E+00 3.69686E+01 1.00730E+00
 5.60000E+00 5.21082E+01 1.07419E+00
 5.80000E+00 7.09838E+01 1.13613E+00
 6.00000E+00 9.41635E+01 1.19895E+00
 6.20000E+00 1.21472E+02 1.25851E+00
 6.40000E+00 1.53386E+02 1.32017E+00
 6.60000E+00 1.89423E+02 1.38000E+00
 6.80000E+00 2.30006E+02 1.44221E+00
 7.00000E+00 2.74623E+02 1.50389E+00
 7.20000E+00 3.23530E+02 1.56708E+00
 7.40000E+00 3.76506E+02 1.63067E+00
 7.60000E+00 4.33390E+02 1.69410E+00
 7.80000E+00 4.94427E+02 1.75832E+00
 8.00000E+00 5.59153E+02 1.82161E+00
 8.50000E+00 7.37506E+02 1.97839E+00
 9.00000E+00 9.37322E+02 2.13038E+00
 9.50000E+00 1.15636E+03 2.27824E+00
 1.00000E+01 1.39166E+03 2.42186E+00
 1.05000E+01 1.63824E+03 2.55779E+00
 1.10000E+01 1.88811E+03 2.67975E+00
 1.15000E+01 2.13392E+03 2.78516E+00
 1.20000E+01 2.37118E+03 2.87653E+00
 1.25000E+01 2.59805E+03 2.95894E+00
 1.30000E+01 2.68473E+03 2.89738E+00
 1.35000E+01 2.54370E+03 2.62288E+00
 1.40000E+01 2.33031E+03 2.31191E+00
 1.45000E+01 2.16817E+03 2.08128E+00
 1.50000E+01 2.07849E+03 1.93874E+00
 1.60000E+01 2.11814E+03 1.88175E+00
 1.70000E+01 2.33113E+03 1.98668E+00
 1.80000E+01 2.63937E+03 2.16875E+00
 1.90000E+01 2.99114E+03 2.38074E+00
 2.00000E+01 3.34887E+03 2.59361E+00
 2.10000E+01 3.67595E+03 2.78171E+00
 2.20000E+01 3.89335E+03 2.88922E+00
 2.30000E+01 3.93082E+03 2.86933E+00
 2.40000E+01 3.79052E+03 2.72831E+00
 2.50000E+01 3.60876E+03 2.56587E+00
 2.60000E+01 3.48556E+03 2.45124E+00
 2.70000E+01 3.40808E+03 2.37270E+00
 2.80000E+01 3.45360E+03 2.38203E+00
 2.90000E+01 3.55733E+03 2.43260E+00
 3.00000E+01 3.71770E+03 2.52296E+00
 3.20000E+01 4.06370E+03 2.72600E+00
 3.40000E+01 4.26103E+03 2.83949E+00
 3.60000E+01 4.26655E+03 2.83388E+00
 3.80000E+01 4.18822E+03 2.77730E+00
 4.00000E+01 4.15892E+03 2.75635E+00
 4.20000E+01 4.21955E+03 2.79869E+00
 4.40000E+01 4.29342E+03 2.85416E+00
 4.60000E+01 4.33218E+03 2.89012E+00
 4.80000E+01 4.27278E+03 2.86308E+00
 5.00000E+01 4.19984E+03 2.82823E+00
 5.20000E+01 4.10694E+03 2.78063E+00
 5.40000E+01 3.97030E+03 2.70368E+00
 5.60000E+01 3.89104E+03 2.66594E+00
 5.80000E+01 3.83252E+03 2.64263E+00
 6.00000E+01 3.81654E+03 2.64891E+00
