# p + 118Sn Total gamma    production
# Q-value    = 5.11166E+00
# 
# # energies =   103
#    E         xs         Yield
 1.00000E-11 0.00000E+00 0.00000E+00
 2.53000E-08 0.00000E+00 0.00000E+00
 2.00000E-07 0.00000E+00 0.00000E+00
 1.00000E-06 0.00000E+00 0.00000E+00
 1.00000E-05 0.00000E+00 0.00000E+00
 1.00000E-04 0.00000E+00 0.00000E+00
 1.00000E-03 0.00000E+00 0.00000E+00
 2.00000E-03 0.00000E+00 0.00000E+00
 4.00000E-03 0.00000E+00 0.00000E+00
 7.00000E-03 0.00000E+00 0.00000E+00
 1.00000E-02 0.00000E+00 0.00000E+00
 2.00000E-02 0.00000E+00 0.00000E+00
 4.00000E-02 0.00000E+00 0.00000E+00
 7.00000E-02 0.00000E+00 0.00000E+00
 1.00000E-01 0.00000E+00 0.00000E+00
 2.00000E-01 0.00000E+00 0.00000E+00
 3.00000E-01 0.00000E+00 0.00000E+00
 4.00000E-01 0.00000E+00 0.00000E+00
 5.00000E-01 0.00000E+00 0.00000E+00
 6.00000E-01 0.00000E+00 0.00000E+00
 7.00000E-01 0.00000E+00 0.00000E+00
 8.00000E-01 0.00000E+00 0.00000E+00
 9.00000E-01 0.00000E+00 0.00000E+00
 1.00000E+00 0.00000E+00 0.00000E+00
 1.20000E+00 0.00000E+00 0.00000E+00
 1.40000E+00 0.00000E+00 0.00000E+00
 1.60000E+00 0.00000E+00 0.00000E+00
 1.80000E+00 3.53030E-05 1.00000E+00
 2.00000E+00 2.07586E-04 1.00000E+00
 2.20000E+00 9.45255E-04 1.00000E+00
 2.40000E+00 9.92615E-03 2.82063E+00
 2.60000E+00 3.20874E-02 2.88104E+00
 2.80000E+00 9.05661E-02 2.93730E+00
 3.00000E+00 2.28345E-01 2.99349E+00
 3.20000E+00 5.22674E-01 3.04900E+00
 3.40000E+00 1.10030E+00 3.10387E+00
 3.60000E+00 2.15299E+00 3.15804E+00
 3.80000E+00 3.95121E+00 3.21109E+00
 4.00000E+00 6.85407E+00 3.26265E+00
 4.20000E+00 1.13178E+01 3.31240E+00
 4.40000E+00 1.78951E+01 3.35941E+00
 4.60000E+00 1.24739E+01 1.41126E+00
 4.80000E+00 9.83072E+00 7.27173E-01
 5.00000E+00 1.11274E+01 5.66086E-01
 5.20000E+00 1.73256E+01 6.30253E-01
 5.40000E+00 2.74067E+01 7.35695E-01
 5.60000E+00 4.15630E+01 8.46994E-01
 5.80000E+00 6.02317E+01 9.56553E-01
 6.00000E+00 8.37907E+01 1.06245E+00
 6.20000E+00 1.12407E+02 1.16355E+00
 6.40000E+00 1.46181E+02 1.26045E+00
 6.60000E+00 1.85099E+02 1.35369E+00
 6.80000E+00 2.28713E+02 1.44155E+00
 7.00000E+00 2.76999E+02 1.52580E+00
 7.20000E+00 3.29505E+02 1.60546E+00
 7.40000E+00 3.86057E+02 1.68118E+00
 7.60000E+00 4.46682E+02 1.75411E+00
 7.80000E+00 5.11337E+02 1.82475E+00
 8.00000E+00 5.80494E+02 1.89514E+00
 8.50000E+00 7.73216E+02 2.07095E+00
 9.00000E+00 9.92282E+02 2.24388E+00
 9.50000E+00 1.23283E+03 2.40961E+00
 1.00000E+01 1.49039E+03 2.56730E+00
 1.05000E+01 1.76111E+03 2.71770E+00
 1.10000E+01 2.04152E+03 2.86167E+00
 1.15000E+01 2.32720E+03 2.99958E+00
 1.20000E+01 2.60263E+03 3.11939E+00
 1.25000E+01 2.57494E+03 2.89983E+00
 1.30000E+01 2.34962E+03 2.50993E+00
 1.35000E+01 2.05084E+03 2.09525E+00
 1.40000E+01 1.77464E+03 1.74592E+00
 1.45000E+01 1.60695E+03 1.53057E+00
 1.50000E+01 1.55470E+03 1.43943E+00
 1.60000E+01 1.65573E+03 1.46024E+00
 1.70000E+01 1.94007E+03 1.64106E+00
 1.80000E+01 2.31546E+03 1.88820E+00
 1.90000E+01 2.73289E+03 2.15904E+00
 2.00000E+01 3.16028E+03 2.43016E+00
 2.10000E+01 3.56707E+03 2.68118E+00
 2.20000E+01 3.93753E+03 2.90342E+00
 2.30000E+01 4.23900E+03 3.07530E+00
 2.40000E+01 4.30996E+03 3.08335E+00
 2.50000E+01 4.17899E+03 2.95297E+00
 2.60000E+01 3.98367E+03 2.78366E+00
 2.70000E+01 3.85273E+03 2.66455E+00
 2.80000E+01 3.79675E+03 2.60089E+00
 2.90000E+01 3.83532E+03 2.60460E+00
 3.00000E+01 3.93508E+03 2.65210E+00
 3.20000E+01 4.26590E+03 2.84270E+00
 3.40000E+01 4.43435E+03 2.93611E+00
 3.60000E+01 4.35662E+03 2.87505E+00
 3.80000E+01 4.10185E+03 2.70189E+00
 4.00000E+01 4.01219E+03 2.64092E+00
 4.20000E+01 4.02593E+03 2.65188E+00
 4.40000E+01 4.04822E+03 2.67266E+00
 4.60000E+01 4.10489E+03 2.71966E+00
 4.80000E+01 4.04855E+03 2.69406E+00
 5.00000E+01 3.92276E+03 2.62322E+00
 5.20000E+01 3.84943E+03 2.58797E+00
 5.40000E+01 3.83886E+03 2.59574E+00
 5.60000E+01 3.81994E+03 2.59872E+00
 5.80000E+01 3.73223E+03 2.55524E+00
 6.00000E+01 3.69743E+03 2.54804E+00
