# p + 114Sn Total gamma    production
# Q-value    = 3.73265E+00
# 
# # energies =   103
#    E         xs         Yield
 1.00000E-11 0.00000E+00 0.00000E+00
 2.53000E-08 0.00000E+00 0.00000E+00
 2.00000E-07 0.00000E+00 0.00000E+00
 1.00000E-06 0.00000E+00 0.00000E+00
 1.00000E-05 0.00000E+00 0.00000E+00
 1.00000E-04 0.00000E+00 0.00000E+00
 1.00000E-03 0.00000E+00 0.00000E+00
 2.00000E-03 0.00000E+00 0.00000E+00
 4.00000E-03 0.00000E+00 0.00000E+00
 7.00000E-03 0.00000E+00 0.00000E+00
 1.00000E-02 0.00000E+00 0.00000E+00
 2.00000E-02 0.00000E+00 0.00000E+00
 4.00000E-02 0.00000E+00 0.00000E+00
 7.00000E-02 0.00000E+00 0.00000E+00
 1.00000E-01 0.00000E+00 0.00000E+00
 2.00000E-01 0.00000E+00 0.00000E+00
 3.00000E-01 0.00000E+00 0.00000E+00
 4.00000E-01 0.00000E+00 0.00000E+00
 5.00000E-01 0.00000E+00 0.00000E+00
 6.00000E-01 0.00000E+00 0.00000E+00
 7.00000E-01 0.00000E+00 0.00000E+00
 8.00000E-01 0.00000E+00 0.00000E+00
 9.00000E-01 0.00000E+00 0.00000E+00
 1.00000E+00 0.00000E+00 0.00000E+00
 1.20000E+00 0.00000E+00 0.00000E+00
 1.40000E+00 0.00000E+00 0.00000E+00
 1.60000E+00 0.00000E+00 0.00000E+00
 1.80000E+00 2.90132E-05 1.00000E+00
 2.00000E+00 1.68222E-04 1.00000E+00
 2.20000E+00 7.54940E-04 1.00000E+00
 2.40000E+00 6.05143E-03 2.19197E+00
 2.60000E+00 1.91335E-02 2.24500E+00
 2.80000E+00 5.22790E-02 2.29664E+00
 3.00000E+00 1.25956E-01 2.34854E+00
 3.20000E+00 2.72314E-01 2.40101E+00
 3.40000E+00 5.37397E-01 2.45384E+00
 3.60000E+00 9.83545E-01 2.50609E+00
 3.80000E+00 1.69284E+00 2.55649E+00
 4.00000E+00 2.77147E+00 2.60326E+00
 4.20000E+00 4.35397E+00 2.64422E+00
 4.40000E+00 6.60695E+00 2.67659E+00
 4.60000E+00 9.73099E+00 2.69768E+00
 4.80000E+00 1.39620E+01 2.70481E+00
 5.00000E+00 1.95677E+01 2.69575E+00
 5.20000E+00 2.68410E+01 2.66902E+00
 5.40000E+00 3.60707E+01 2.62159E+00
 5.60000E+00 4.75194E+01 2.55065E+00
 5.80000E+00 6.16300E+01 2.47685E+00
 6.00000E+00 7.83311E+01 2.37691E+00
 6.20000E+00 9.79553E+01 2.27120E+00
 6.40000E+00 1.20503E+02 2.16346E+00
 6.60000E+00 1.45461E+02 2.04417E+00
 6.80000E+00 1.73110E+02 1.93469E+00
 7.00000E+00 1.62772E+02 1.34447E+00
 7.20000E+00 1.21083E+02 7.30099E-01
 7.40000E+00 1.17411E+02 5.85136E-01
 7.60000E+00 1.39958E+02 6.03423E-01
 7.80000E+00 1.75081E+02 6.68353E-01
 8.00000E+00 2.17765E+02 7.47681E-01
 8.50000E+00 3.48148E+02 9.46541E-01
 9.00000E+00 4.91509E+02 1.13274E+00
 9.50000E+00 6.44526E+02 1.29337E+00
 1.00000E+01 8.03956E+02 1.43293E+00
 1.05000E+01 9.75333E+02 1.56759E+00
 1.10000E+01 1.16843E+03 1.71376E+00
 1.15000E+01 1.37882E+03 1.86392E+00
 1.20000E+01 1.59927E+03 2.01038E+00
 1.25000E+01 1.82384E+03 2.15012E+00
 1.30000E+01 2.04837E+03 2.28340E+00
 1.35000E+01 2.26600E+03 2.40726E+00
 1.40000E+01 2.45988E+03 2.50801E+00
 1.45000E+01 2.60442E+03 2.56392E+00
 1.50000E+01 2.67631E+03 2.55645E+00
 1.60000E+01 2.46156E+03 2.23693E+00
 1.70000E+01 2.07804E+03 1.81210E+00
 1.80000E+01 1.84768E+03 1.55412E+00
 1.90000E+01 1.88477E+03 1.53543E+00
 2.00000E+01 2.08496E+03 1.65153E+00
 2.10000E+01 2.37449E+03 1.83580E+00
 2.20000E+01 2.70854E+03 2.05112E+00
 2.30000E+01 3.04228E+03 2.26389E+00
 2.40000E+01 3.35263E+03 2.45857E+00
 2.50000E+01 3.60570E+03 2.61183E+00
 2.60000E+01 3.77739E+03 2.70744E+00
 2.70000E+01 3.87858E+03 2.75397E+00
 2.80000E+01 3.89127E+03 2.73927E+00
 2.90000E+01 3.85610E+03 2.69282E+00
 3.00000E+01 3.80861E+03 2.64014E+00
 3.20000E+01 3.85999E+03 2.64381E+00
 3.40000E+01 4.04871E+03 2.75259E+00
 3.60000E+01 4.23494E+03 2.86940E+00
 3.80000E+01 4.27181E+03 2.89111E+00
 4.00000E+01 4.19164E+03 2.83694E+00
 4.20000E+01 4.09712E+03 2.77592E+00
 4.40000E+01 4.02273E+03 2.73179E+00
 4.60000E+01 4.03040E+03 2.74666E+00
 4.80000E+01 4.00909E+03 2.74439E+00
 5.00000E+01 4.03154E+03 2.77393E+00
 5.20000E+01 3.97358E+03 2.74923E+00
 5.40000E+01 3.87496E+03 2.69681E+00
 5.60000E+01 3.77619E+03 2.64430E+00
 5.80000E+01 3.65656E+03 2.57699E+00
 6.00000E+01 3.60505E+03 2.55746E+00
