# p + 115Sn Total gamma    production
# Q-value    = 4.07714E+00
# 
# # energies =   103
#    E         xs         Yield
 1.00000E-11 0.00000E+00 0.00000E+00
 2.53000E-08 0.00000E+00 0.00000E+00
 2.00000E-07 0.00000E+00 0.00000E+00
 1.00000E-06 0.00000E+00 0.00000E+00
 1.00000E-05 0.00000E+00 0.00000E+00
 1.00000E-04 0.00000E+00 0.00000E+00
 1.00000E-03 0.00000E+00 0.00000E+00
 2.00000E-03 0.00000E+00 0.00000E+00
 4.00000E-03 0.00000E+00 0.00000E+00
 7.00000E-03 0.00000E+00 0.00000E+00
 1.00000E-02 0.00000E+00 0.00000E+00
 2.00000E-02 0.00000E+00 0.00000E+00
 4.00000E-02 0.00000E+00 0.00000E+00
 7.00000E-02 0.00000E+00 0.00000E+00
 1.00000E-01 0.00000E+00 0.00000E+00
 2.00000E-01 0.00000E+00 0.00000E+00
 3.00000E-01 0.00000E+00 0.00000E+00
 4.00000E-01 0.00000E+00 0.00000E+00
 5.00000E-01 0.00000E+00 0.00000E+00
 6.00000E-01 0.00000E+00 0.00000E+00
 7.00000E-01 0.00000E+00 0.00000E+00
 8.00000E-01 0.00000E+00 0.00000E+00
 9.00000E-01 0.00000E+00 0.00000E+00
 1.00000E+00 0.00000E+00 0.00000E+00
 1.20000E+00 0.00000E+00 0.00000E+00
 1.40000E+00 0.00000E+00 0.00000E+00
 1.60000E+00 0.00000E+00 0.00000E+00
 1.80000E+00 3.01458E-05 1.00000E+00
 2.00000E+00 1.75707E-04 1.00000E+00
 2.20000E+00 7.93936E-04 1.00000E+00
 2.40000E+00 8.53917E-03 2.90855E+00
 2.60000E+00 2.74097E-02 2.96703E+00
 2.80000E+00 7.68659E-02 3.02052E+00
 3.00000E+00 1.92637E-01 3.07273E+00
 3.20000E+00 4.38420E-01 3.12266E+00
 3.40000E+00 9.17745E-01 3.16929E+00
 3.60000E+00 1.78546E+00 3.21109E+00
 3.80000E+00 3.25698E+00 3.24607E+00
 4.00000E+00 2.99773E+00 1.66436E+00
 4.20000E+00 3.99085E+00 1.32125E+00
 4.40000E+00 5.72098E+00 1.18195E+00
 4.60000E+00 8.25505E+00 1.10666E+00
 4.80000E+00 8.67653E+00 7.58409E-01
 5.00000E+00 1.06796E+01 6.38606E-01
 5.20000E+00 1.34028E+01 5.66036E-01
 5.40000E+00 1.77423E+01 5.47088E-01
 5.60000E+00 2.31173E+01 5.33319E-01
 5.80000E+00 3.27329E+01 5.77271E-01
 6.00000E+00 4.94320E+01 6.80811E-01
 6.20000E+00 7.03223E+01 7.74652E-01
 6.40000E+00 9.47795E+01 8.54306E-01
 6.60000E+00 1.22212E+02 9.20430E-01
 6.80000E+00 1.52307E+02 9.76795E-01
 7.00000E+00 1.85481E+02 1.03018E+00
 7.20000E+00 2.20980E+02 1.07878E+00
 7.40000E+00 2.59906E+02 1.12961E+00
 7.60000E+00 3.01318E+02 1.17881E+00
 7.80000E+00 3.46454E+02 1.23151E+00
 8.00000E+00 3.94438E+02 1.28415E+00
 8.50000E+00 5.30696E+02 1.42642E+00
 9.00000E+00 6.89551E+02 1.57720E+00
 9.50000E+00 8.66841E+02 1.72791E+00
 1.00000E+01 1.05929E+03 1.87391E+00
 1.05000E+01 1.26228E+03 2.01083E+00
 1.10000E+01 1.46836E+03 2.13176E+00
 1.15000E+01 1.66744E+03 2.22901E+00
 1.20000E+01 1.85261E+03 2.30194E+00
 1.25000E+01 2.02125E+03 2.35556E+00
 1.30000E+01 2.17355E+03 2.39645E+00
 1.35000E+01 2.30659E+03 2.42541E+00
 1.40000E+01 2.41801E+03 2.44219E+00
 1.45000E+01 2.50714E+03 2.44676E+00
 1.50000E+01 2.48224E+03 2.35179E+00
 1.60000E+01 2.17565E+03 1.96201E+00
 1.70000E+01 2.05570E+03 1.77884E+00
 1.80000E+01 2.16806E+03 1.80931E+00
 1.90000E+01 2.41284E+03 1.95020E+00
 2.00000E+01 2.73960E+03 2.15347E+00
 2.10000E+01 3.10102E+03 2.37992E+00
 2.20000E+01 3.46909E+03 2.60884E+00
 2.30000E+01 3.80745E+03 2.81473E+00
 2.40000E+01 4.03846E+03 2.94288E+00
 2.50000E+01 4.11688E+03 2.96359E+00
 2.60000E+01 4.07659E+03 2.90349E+00
 2.70000E+01 4.00365E+03 2.82428E+00
 2.80000E+01 3.91956E+03 2.74053E+00
 2.90000E+01 3.91907E+03 2.71769E+00
 3.00000E+01 3.97111E+03 2.73317E+00
 3.20000E+01 4.23039E+03 2.87705E+00
 3.40000E+01 4.52611E+03 3.05626E+00
 3.60000E+01 4.72374E+03 3.17915E+00
 3.80000E+01 4.65577E+03 3.12942E+00
 4.00000E+01 4.55411E+03 3.06058E+00
 4.20000E+01 4.35891E+03 2.93217E+00
 4.40000E+01 4.36584E+03 2.94351E+00
 4.60000E+01 4.34253E+03 2.93815E+00
 4.80000E+01 4.32336E+03 2.93826E+00
 5.00000E+01 4.28406E+03 2.92635E+00
 5.20000E+01 4.17056E+03 2.86452E+00
 5.40000E+01 4.06773E+03 2.81025E+00
 5.60000E+01 3.93050E+03 2.73219E+00
 5.80000E+01 3.87875E+03 2.71351E+00
 6.00000E+01 3.80281E+03 2.67792E+00
