# p + 122Sn Total helium-3 production
# Q-value    =-1.18544E+01
# 
# # energies =   103
#    E         xs         Yield
 1.00000E-11 0.00000E+00 0.00000E+00
 2.53000E-08 0.00000E+00 0.00000E+00
 2.00000E-07 0.00000E+00 0.00000E+00
 1.00000E-06 0.00000E+00 0.00000E+00
 1.00000E-05 0.00000E+00 0.00000E+00
 1.00000E-04 0.00000E+00 0.00000E+00
 1.00000E-03 0.00000E+00 0.00000E+00
 2.00000E-03 0.00000E+00 0.00000E+00
 4.00000E-03 0.00000E+00 0.00000E+00
 7.00000E-03 0.00000E+00 0.00000E+00
 1.00000E-02 0.00000E+00 0.00000E+00
 2.00000E-02 0.00000E+00 0.00000E+00
 4.00000E-02 0.00000E+00 0.00000E+00
 7.00000E-02 0.00000E+00 0.00000E+00
 1.00000E-01 0.00000E+00 0.00000E+00
 2.00000E-01 0.00000E+00 0.00000E+00
 3.00000E-01 0.00000E+00 0.00000E+00
 4.00000E-01 0.00000E+00 0.00000E+00
 5.00000E-01 0.00000E+00 0.00000E+00
 6.00000E-01 0.00000E+00 0.00000E+00
 7.00000E-01 0.00000E+00 0.00000E+00
 8.00000E-01 0.00000E+00 0.00000E+00
 9.00000E-01 0.00000E+00 0.00000E+00
 1.00000E+00 0.00000E+00 0.00000E+00
 1.20000E+00 0.00000E+00 0.00000E+00
 1.40000E+00 0.00000E+00 0.00000E+00
 1.60000E+00 0.00000E+00 0.00000E+00
 1.80000E+00 0.00000E+00 0.00000E+00
 2.00000E+00 0.00000E+00 0.00000E+00
 2.20000E+00 0.00000E+00 0.00000E+00
 2.40000E+00 0.00000E+00 0.00000E+00
 2.60000E+00 0.00000E+00 0.00000E+00
 2.80000E+00 0.00000E+00 0.00000E+00
 3.00000E+00 0.00000E+00 0.00000E+00
 3.20000E+00 0.00000E+00 0.00000E+00
 3.40000E+00 0.00000E+00 0.00000E+00
 3.60000E+00 0.00000E+00 0.00000E+00
 3.80000E+00 0.00000E+00 0.00000E+00
 4.00000E+00 0.00000E+00 0.00000E+00
 4.20000E+00 0.00000E+00 0.00000E+00
 4.40000E+00 0.00000E+00 0.00000E+00
 4.60000E+00 0.00000E+00 0.00000E+00
 4.80000E+00 0.00000E+00 0.00000E+00
 5.00000E+00 0.00000E+00 0.00000E+00
 5.20000E+00 0.00000E+00 0.00000E+00
 5.40000E+00 0.00000E+00 0.00000E+00
 5.60000E+00 0.00000E+00 0.00000E+00
 5.80000E+00 0.00000E+00 0.00000E+00
 6.00000E+00 0.00000E+00 0.00000E+00
 6.20000E+00 0.00000E+00 0.00000E+00
 6.40000E+00 0.00000E+00 0.00000E+00
 6.60000E+00 0.00000E+00 0.00000E+00
 6.80000E+00 0.00000E+00 0.00000E+00
 7.00000E+00 0.00000E+00 0.00000E+00
 7.20000E+00 0.00000E+00 0.00000E+00
 7.40000E+00 0.00000E+00 0.00000E+00
 7.60000E+00 0.00000E+00 0.00000E+00
 7.80000E+00 0.00000E+00 0.00000E+00
 8.00000E+00 0.00000E+00 0.00000E+00
 8.50000E+00 0.00000E+00 0.00000E+00
 9.00000E+00 0.00000E+00 0.00000E+00
 9.50000E+00 0.00000E+00 0.00000E+00
 1.00000E+01 0.00000E+00 0.00000E+00
 1.05000E+01 0.00000E+00 0.00000E+00
 1.10000E+01 0.00000E+00 0.00000E+00
 1.15000E+01 0.00000E+00 0.00000E+00
 1.20000E+01 0.00000E+00 0.00000E+00
 1.25000E+01 0.00000E+00 0.00000E+00
 1.30000E+01 0.00000E+00 0.00000E+00
 1.35000E+01 4.62428E-44 0.00000E+00
 1.40000E+01 3.57092E-33 3.40967E-36
 1.45000E+01 6.74022E-27 6.24048E-30
 1.50000E+01 3.28175E-22 2.95526E-25
 1.60000E+01 1.07937E-16 9.25362E-20
 1.70000E+01 1.85432E-13 1.52338E-16
 1.80000E+01 8.58377E-11 6.79854E-14
 1.90000E+01 7.82118E-09 6.00710E-12
 2.00000E+01 2.61092E-07 1.95472E-10
 2.10000E+01 4.41289E-06 3.23383E-09
 2.20000E+01 4.57399E-05 3.29125E-08
 2.30000E+01 3.27489E-04 2.31918E-07
 2.40000E+01 1.74577E-03 1.21877E-06
 2.50000E+01 7.23631E-03 4.98647E-06
 2.60000E+01 2.37951E-02 1.62016E-05
 2.70000E+01 6.29048E-02 4.23621E-05
 2.80000E+01 1.37093E-01 9.14136E-05
 2.90000E+01 2.55677E-01 1.69026E-04
 3.00000E+01 4.25993E-01 2.79617E-04
 3.20000E+01 9.01136E-01 5.85587E-04
 3.40000E+01 1.56566E+00 1.01135E-03
 3.60000E+01 2.30840E+00 1.48519E-03
 3.80000E+01 3.12451E+00 2.00470E-03
 4.00000E+01 3.98160E+00 2.55164E-03
 4.20000E+01 4.85607E+00 3.11432E-03
 4.40000E+01 5.73204E+00 3.68478E-03
 4.60000E+01 6.59962E+00 4.25708E-03
 4.80000E+01 7.45305E+00 4.82742E-03
 5.00000E+01 8.28664E+00 5.39242E-03
 5.20000E+01 9.08990E+00 5.94581E-03
 5.40000E+01 9.89449E+00 6.50876E-03
 5.60000E+01 1.06058E+01 7.01885E-03
 5.80000E+01 1.12702E+01 7.50568E-03
 6.00000E+01 1.18982E+01 7.97544E-03
