# p + 124Sn Total helium-3 production
# Q-value    =-1.23023E+01
# 
# # energies =   103
#    E         xs         Yield
 1.00000E-11 0.00000E+00 0.00000E+00
 2.53000E-08 0.00000E+00 0.00000E+00
 2.00000E-07 0.00000E+00 0.00000E+00
 1.00000E-06 0.00000E+00 0.00000E+00
 1.00000E-05 0.00000E+00 0.00000E+00
 1.00000E-04 0.00000E+00 0.00000E+00
 1.00000E-03 0.00000E+00 0.00000E+00
 2.00000E-03 0.00000E+00 0.00000E+00
 4.00000E-03 0.00000E+00 0.00000E+00
 7.00000E-03 0.00000E+00 0.00000E+00
 1.00000E-02 0.00000E+00 0.00000E+00
 2.00000E-02 0.00000E+00 0.00000E+00
 4.00000E-02 0.00000E+00 0.00000E+00
 7.00000E-02 0.00000E+00 0.00000E+00
 1.00000E-01 0.00000E+00 0.00000E+00
 2.00000E-01 0.00000E+00 0.00000E+00
 3.00000E-01 0.00000E+00 0.00000E+00
 4.00000E-01 0.00000E+00 0.00000E+00
 5.00000E-01 0.00000E+00 0.00000E+00
 6.00000E-01 0.00000E+00 0.00000E+00
 7.00000E-01 0.00000E+00 0.00000E+00
 8.00000E-01 0.00000E+00 0.00000E+00
 9.00000E-01 0.00000E+00 0.00000E+00
 1.00000E+00 0.00000E+00 0.00000E+00
 1.20000E+00 0.00000E+00 0.00000E+00
 1.40000E+00 0.00000E+00 0.00000E+00
 1.60000E+00 0.00000E+00 0.00000E+00
 1.80000E+00 0.00000E+00 0.00000E+00
 2.00000E+00 0.00000E+00 0.00000E+00
 2.20000E+00 0.00000E+00 0.00000E+00
 2.40000E+00 0.00000E+00 0.00000E+00
 2.60000E+00 0.00000E+00 0.00000E+00
 2.80000E+00 0.00000E+00 0.00000E+00
 3.00000E+00 0.00000E+00 0.00000E+00
 3.20000E+00 0.00000E+00 0.00000E+00
 3.40000E+00 0.00000E+00 0.00000E+00
 3.60000E+00 0.00000E+00 0.00000E+00
 3.80000E+00 0.00000E+00 0.00000E+00
 4.00000E+00 0.00000E+00 0.00000E+00
 4.20000E+00 0.00000E+00 0.00000E+00
 4.40000E+00 0.00000E+00 0.00000E+00
 4.60000E+00 0.00000E+00 0.00000E+00
 4.80000E+00 0.00000E+00 0.00000E+00
 5.00000E+00 0.00000E+00 0.00000E+00
 5.20000E+00 0.00000E+00 0.00000E+00
 5.40000E+00 0.00000E+00 0.00000E+00
 5.60000E+00 0.00000E+00 0.00000E+00
 5.80000E+00 0.00000E+00 0.00000E+00
 6.00000E+00 0.00000E+00 0.00000E+00
 6.20000E+00 0.00000E+00 0.00000E+00
 6.40000E+00 0.00000E+00 0.00000E+00
 6.60000E+00 0.00000E+00 0.00000E+00
 6.80000E+00 0.00000E+00 0.00000E+00
 7.00000E+00 0.00000E+00 0.00000E+00
 7.20000E+00 0.00000E+00 0.00000E+00
 7.40000E+00 0.00000E+00 0.00000E+00
 7.60000E+00 0.00000E+00 0.00000E+00
 7.80000E+00 0.00000E+00 0.00000E+00
 8.00000E+00 0.00000E+00 0.00000E+00
 8.50000E+00 0.00000E+00 0.00000E+00
 9.00000E+00 0.00000E+00 0.00000E+00
 9.50000E+00 0.00000E+00 0.00000E+00
 1.00000E+01 0.00000E+00 0.00000E+00
 1.05000E+01 0.00000E+00 0.00000E+00
 1.10000E+01 0.00000E+00 0.00000E+00
 1.15000E+01 0.00000E+00 0.00000E+00
 1.20000E+01 0.00000E+00 0.00000E+00
 1.25000E+01 0.00000E+00 0.00000E+00
 1.30000E+01 0.00000E+00 0.00000E+00
 1.35000E+01 0.00000E+00 0.00000E+00
 1.40000E+01 6.37451E-42 5.60519E-45
 1.45000E+01 4.72624E-32 4.32015E-35
 1.50000E+01 9.81446E-27 8.72404E-30
 1.60000E+01 3.32755E-19 2.81393E-22
 1.70000E+01 4.72915E-15 3.83085E-18
 1.80000E+01 8.02763E-12 6.27085E-15
 1.90000E+01 1.42548E-09 1.08052E-12
 2.00000E+01 7.07540E-08 5.23127E-11
 2.10000E+01 1.53604E-06 1.11213E-09
 2.20000E+01 1.97719E-05 1.40581E-08
 2.30000E+01 1.59273E-04 1.11436E-07
 2.40000E+01 7.70677E-04 5.31391E-07
 2.50000E+01 3.57380E-03 2.43142E-06
 2.60000E+01 1.29546E-02 8.70620E-06
 2.70000E+01 3.74705E-02 2.49043E-05
 2.80000E+01 8.81838E-02 5.80390E-05
 2.90000E+01 1.74599E-01 1.13963E-04
 3.00000E+01 3.02088E-01 1.95845E-04
 3.20000E+01 6.82242E-01 4.38115E-04
 3.40000E+01 1.19651E+00 7.63687E-04
 3.60000E+01 1.83173E+00 1.16387E-03
 3.80000E+01 2.54181E+00 1.61001E-03
 4.00000E+01 3.29588E+00 2.08513E-03
 4.20000E+01 4.07103E+00 2.57761E-03
 4.40000E+01 4.85163E+00 3.07909E-03
 4.60000E+01 5.62767E+00 3.58345E-03
 4.80000E+01 6.39330E+00 4.08716E-03
 5.00000E+01 7.13752E+00 4.58371E-03
 5.20000E+01 7.86692E+00 5.07799E-03
 5.40000E+01 8.60561E+00 5.58606E-03
 5.60000E+01 9.25183E+00 6.04165E-03
 5.80000E+01 9.85899E+00 6.47859E-03
 6.00000E+01 1.04298E+01 6.89800E-03
