# p + 118Sn Total helium-3 production
# Q-value    =-1.10453E+01
# 
# # energies =   103
#    E         xs         Yield
 1.00000E-11 0.00000E+00 0.00000E+00
 2.53000E-08 0.00000E+00 0.00000E+00
 2.00000E-07 0.00000E+00 0.00000E+00
 1.00000E-06 0.00000E+00 0.00000E+00
 1.00000E-05 0.00000E+00 0.00000E+00
 1.00000E-04 0.00000E+00 0.00000E+00
 1.00000E-03 0.00000E+00 0.00000E+00
 2.00000E-03 0.00000E+00 0.00000E+00
 4.00000E-03 0.00000E+00 0.00000E+00
 7.00000E-03 0.00000E+00 0.00000E+00
 1.00000E-02 0.00000E+00 0.00000E+00
 2.00000E-02 0.00000E+00 0.00000E+00
 4.00000E-02 0.00000E+00 0.00000E+00
 7.00000E-02 0.00000E+00 0.00000E+00
 1.00000E-01 0.00000E+00 0.00000E+00
 2.00000E-01 0.00000E+00 0.00000E+00
 3.00000E-01 0.00000E+00 0.00000E+00
 4.00000E-01 0.00000E+00 0.00000E+00
 5.00000E-01 0.00000E+00 0.00000E+00
 6.00000E-01 0.00000E+00 0.00000E+00
 7.00000E-01 0.00000E+00 0.00000E+00
 8.00000E-01 0.00000E+00 0.00000E+00
 9.00000E-01 0.00000E+00 0.00000E+00
 1.00000E+00 0.00000E+00 0.00000E+00
 1.20000E+00 0.00000E+00 0.00000E+00
 1.40000E+00 0.00000E+00 0.00000E+00
 1.60000E+00 0.00000E+00 0.00000E+00
 1.80000E+00 0.00000E+00 0.00000E+00
 2.00000E+00 0.00000E+00 0.00000E+00
 2.20000E+00 0.00000E+00 0.00000E+00
 2.40000E+00 0.00000E+00 0.00000E+00
 2.60000E+00 0.00000E+00 0.00000E+00
 2.80000E+00 0.00000E+00 0.00000E+00
 3.00000E+00 0.00000E+00 0.00000E+00
 3.20000E+00 0.00000E+00 0.00000E+00
 3.40000E+00 0.00000E+00 0.00000E+00
 3.60000E+00 0.00000E+00 0.00000E+00
 3.80000E+00 0.00000E+00 0.00000E+00
 4.00000E+00 0.00000E+00 0.00000E+00
 4.20000E+00 0.00000E+00 0.00000E+00
 4.40000E+00 0.00000E+00 0.00000E+00
 4.60000E+00 0.00000E+00 0.00000E+00
 4.80000E+00 0.00000E+00 0.00000E+00
 5.00000E+00 0.00000E+00 0.00000E+00
 5.20000E+00 0.00000E+00 0.00000E+00
 5.40000E+00 0.00000E+00 0.00000E+00
 5.60000E+00 0.00000E+00 0.00000E+00
 5.80000E+00 0.00000E+00 0.00000E+00
 6.00000E+00 0.00000E+00 0.00000E+00
 6.20000E+00 0.00000E+00 0.00000E+00
 6.40000E+00 0.00000E+00 0.00000E+00
 6.60000E+00 0.00000E+00 0.00000E+00
 6.80000E+00 0.00000E+00 0.00000E+00
 7.00000E+00 0.00000E+00 0.00000E+00
 7.20000E+00 0.00000E+00 0.00000E+00
 7.40000E+00 0.00000E+00 0.00000E+00
 7.60000E+00 0.00000E+00 0.00000E+00
 7.80000E+00 0.00000E+00 0.00000E+00
 8.00000E+00 0.00000E+00 0.00000E+00
 8.50000E+00 0.00000E+00 0.00000E+00
 9.00000E+00 0.00000E+00 0.00000E+00
 9.50000E+00 0.00000E+00 0.00000E+00
 1.00000E+01 0.00000E+00 0.00000E+00
 1.05000E+01 0.00000E+00 0.00000E+00
 1.10000E+01 0.00000E+00 0.00000E+00
 1.15000E+01 0.00000E+00 0.00000E+00
 1.20000E+01 0.00000E+00 0.00000E+00
 1.25000E+01 0.00000E+00 0.00000E+00
 1.30000E+01 3.50924E-35 3.74866E-38
 1.35000E+01 7.03357E-29 7.18589E-32
 1.40000E+01 2.02378E-23 1.99103E-26
 1.45000E+01 2.92804E-20 2.78888E-23
 1.50000E+01 2.25900E-17 2.09151E-20
 1.60000E+01 1.75724E-13 1.54976E-16
 1.70000E+01 7.89576E-11 6.67882E-14
 1.80000E+01 7.16019E-09 5.83895E-12
 1.90000E+01 1.81679E-07 1.43530E-10
 2.00000E+01 3.34098E-06 2.56912E-09
 2.10000E+01 3.71359E-05 2.79131E-08
 2.20000E+01 2.81556E-04 2.07611E-07
 2.30000E+01 1.57639E-03 1.14364E-06
 2.40000E+01 6.85825E-03 4.90639E-06
 2.50000E+01 2.41120E-02 1.70381E-05
 2.60000E+01 6.70871E-02 4.68783E-05
 2.70000E+01 1.52578E-01 1.05523E-04
 2.80000E+01 2.86074E-01 1.95969E-04
 2.90000E+01 4.87818E-01 3.31281E-04
 3.00000E+01 7.52675E-01 5.07275E-04
 3.20000E+01 1.48264E+00 9.88000E-04
 3.40000E+01 2.35979E+00 1.56248E-03
 3.60000E+01 3.36241E+00 2.21894E-03
 3.80000E+01 4.43896E+00 2.92395E-03
 4.00000E+01 5.55089E+00 3.65373E-03
 4.20000E+01 6.67135E+00 4.39443E-03
 4.40000E+01 7.78324E+00 5.13854E-03
 4.60000E+01 8.87635E+00 5.88095E-03
 4.80000E+01 9.94455E+00 6.61748E-03
 5.00000E+01 1.09601E+01 7.32920E-03
 5.20000E+01 1.19417E+01 8.02841E-03
 5.40000E+01 1.28532E+01 8.69102E-03
 5.60000E+01 1.37134E+01 9.32931E-03
 5.80000E+01 1.45182E+01 9.93978E-03
 6.00000E+01 1.52717E+01 1.05243E-02
