# p + 120Sn Total helium-3 production
# Q-value    =-1.15118E+01
# 
# # energies =   103
#    E         xs         Yield
 1.00000E-11 0.00000E+00 0.00000E+00
 2.53000E-08 0.00000E+00 0.00000E+00
 2.00000E-07 0.00000E+00 0.00000E+00
 1.00000E-06 0.00000E+00 0.00000E+00
 1.00000E-05 0.00000E+00 0.00000E+00
 1.00000E-04 0.00000E+00 0.00000E+00
 1.00000E-03 0.00000E+00 0.00000E+00
 2.00000E-03 0.00000E+00 0.00000E+00
 4.00000E-03 0.00000E+00 0.00000E+00
 7.00000E-03 0.00000E+00 0.00000E+00
 1.00000E-02 0.00000E+00 0.00000E+00
 2.00000E-02 0.00000E+00 0.00000E+00
 4.00000E-02 0.00000E+00 0.00000E+00
 7.00000E-02 0.00000E+00 0.00000E+00
 1.00000E-01 0.00000E+00 0.00000E+00
 2.00000E-01 0.00000E+00 0.00000E+00
 3.00000E-01 0.00000E+00 0.00000E+00
 4.00000E-01 0.00000E+00 0.00000E+00
 5.00000E-01 0.00000E+00 0.00000E+00
 6.00000E-01 0.00000E+00 0.00000E+00
 7.00000E-01 0.00000E+00 0.00000E+00
 8.00000E-01 0.00000E+00 0.00000E+00
 9.00000E-01 0.00000E+00 0.00000E+00
 1.00000E+00 0.00000E+00 0.00000E+00
 1.20000E+00 0.00000E+00 0.00000E+00
 1.40000E+00 0.00000E+00 0.00000E+00
 1.60000E+00 0.00000E+00 0.00000E+00
 1.80000E+00 0.00000E+00 0.00000E+00
 2.00000E+00 0.00000E+00 0.00000E+00
 2.20000E+00 0.00000E+00 0.00000E+00
 2.40000E+00 0.00000E+00 0.00000E+00
 2.60000E+00 0.00000E+00 0.00000E+00
 2.80000E+00 0.00000E+00 0.00000E+00
 3.00000E+00 0.00000E+00 0.00000E+00
 3.20000E+00 0.00000E+00 0.00000E+00
 3.40000E+00 0.00000E+00 0.00000E+00
 3.60000E+00 0.00000E+00 0.00000E+00
 3.80000E+00 0.00000E+00 0.00000E+00
 4.00000E+00 0.00000E+00 0.00000E+00
 4.20000E+00 0.00000E+00 0.00000E+00
 4.40000E+00 0.00000E+00 0.00000E+00
 4.60000E+00 0.00000E+00 0.00000E+00
 4.80000E+00 0.00000E+00 0.00000E+00
 5.00000E+00 0.00000E+00 0.00000E+00
 5.20000E+00 0.00000E+00 0.00000E+00
 5.40000E+00 0.00000E+00 0.00000E+00
 5.60000E+00 0.00000E+00 0.00000E+00
 5.80000E+00 0.00000E+00 0.00000E+00
 6.00000E+00 0.00000E+00 0.00000E+00
 6.20000E+00 0.00000E+00 0.00000E+00
 6.40000E+00 0.00000E+00 0.00000E+00
 6.60000E+00 0.00000E+00 0.00000E+00
 6.80000E+00 0.00000E+00 0.00000E+00
 7.00000E+00 0.00000E+00 0.00000E+00
 7.20000E+00 0.00000E+00 0.00000E+00
 7.40000E+00 0.00000E+00 0.00000E+00
 7.60000E+00 0.00000E+00 0.00000E+00
 7.80000E+00 0.00000E+00 0.00000E+00
 8.00000E+00 0.00000E+00 0.00000E+00
 8.50000E+00 0.00000E+00 0.00000E+00
 9.00000E+00 0.00000E+00 0.00000E+00
 9.50000E+00 0.00000E+00 0.00000E+00
 1.00000E+01 0.00000E+00 0.00000E+00
 1.05000E+01 0.00000E+00 0.00000E+00
 1.10000E+01 0.00000E+00 0.00000E+00
 1.15000E+01 0.00000E+00 0.00000E+00
 1.20000E+01 0.00000E+00 0.00000E+00
 1.25000E+01 0.00000E+00 0.00000E+00
 1.30000E+01 0.00000E+00 0.00000E+00
 1.35000E+01 4.86398E-35 4.77830E-38
 1.40000E+01 6.39397E-29 6.04951E-32
 1.45000E+01 2.27455E-23 2.08294E-26
 1.50000E+01 2.83949E-20 2.52648E-23
 1.60000E+01 2.67412E-15 2.26440E-18
 1.70000E+01 4.62484E-12 3.75466E-15
 1.80000E+01 8.49385E-10 6.64850E-13
 1.90000E+01 4.48312E-08 3.40037E-11
 2.00000E+01 1.04355E-06 7.70498E-10
 2.10000E+01 1.36953E-05 9.88270E-09
 2.20000E+01 1.17781E-04 8.33520E-08
 2.30000E+01 6.30814E-04 4.39068E-07
 2.40000E+01 3.08690E-03 2.11808E-06
 2.50000E+01 1.18989E-02 8.06265E-06
 2.60000E+01 3.66444E-02 2.45532E-05
 2.70000E+01 9.13654E-02 6.05976E-05
 2.80000E+01 1.89646E-01 1.24623E-04
 2.90000E+01 3.40373E-01 2.21827E-04
 3.00000E+01 5.47126E-01 3.54024E-04
 3.20000E+01 1.11392E+00 7.13053E-04
 3.40000E+01 1.82957E+00 1.16348E-03
 3.60000E+01 2.69864E+00 1.70952E-03
 3.80000E+01 3.63565E+00 2.29800E-03
 4.00000E+01 4.61257E+00 2.91330E-03
 4.20000E+01 5.60356E+00 3.54194E-03
 4.40000E+01 6.60206E+00 4.18215E-03
 4.60000E+01 7.57610E+00 4.81490E-03
 4.80000E+01 8.53106E+00 5.44399E-03
 5.00000E+01 9.45990E+00 6.06505E-03
 5.20000E+01 1.03506E+01 6.67071E-03
 5.40000E+01 1.11967E+01 7.25685E-03
 5.60000E+01 1.19811E+01 7.81206E-03
 5.80000E+01 1.27127E+01 8.34141E-03
 6.00000E+01 1.33980E+01 8.84838E-03
