# p + 119Sn Total helium-3 production
# Q-value    =-8.76418E+00
# 
# # energies =   103
#    E         xs         Yield
 1.00000E-11 0.00000E+00 0.00000E+00
 2.53000E-08 0.00000E+00 0.00000E+00
 2.00000E-07 0.00000E+00 0.00000E+00
 1.00000E-06 0.00000E+00 0.00000E+00
 1.00000E-05 0.00000E+00 0.00000E+00
 1.00000E-04 0.00000E+00 0.00000E+00
 1.00000E-03 0.00000E+00 0.00000E+00
 2.00000E-03 0.00000E+00 0.00000E+00
 4.00000E-03 0.00000E+00 0.00000E+00
 7.00000E-03 0.00000E+00 0.00000E+00
 1.00000E-02 0.00000E+00 0.00000E+00
 2.00000E-02 0.00000E+00 0.00000E+00
 4.00000E-02 0.00000E+00 0.00000E+00
 7.00000E-02 0.00000E+00 0.00000E+00
 1.00000E-01 0.00000E+00 0.00000E+00
 2.00000E-01 0.00000E+00 0.00000E+00
 3.00000E-01 0.00000E+00 0.00000E+00
 4.00000E-01 0.00000E+00 0.00000E+00
 5.00000E-01 0.00000E+00 0.00000E+00
 6.00000E-01 0.00000E+00 0.00000E+00
 7.00000E-01 0.00000E+00 0.00000E+00
 8.00000E-01 0.00000E+00 0.00000E+00
 9.00000E-01 0.00000E+00 0.00000E+00
 1.00000E+00 0.00000E+00 0.00000E+00
 1.20000E+00 0.00000E+00 0.00000E+00
 1.40000E+00 0.00000E+00 0.00000E+00
 1.60000E+00 0.00000E+00 0.00000E+00
 1.80000E+00 0.00000E+00 0.00000E+00
 2.00000E+00 0.00000E+00 0.00000E+00
 2.20000E+00 0.00000E+00 0.00000E+00
 2.40000E+00 0.00000E+00 0.00000E+00
 2.60000E+00 0.00000E+00 0.00000E+00
 2.80000E+00 0.00000E+00 0.00000E+00
 3.00000E+00 0.00000E+00 0.00000E+00
 3.20000E+00 0.00000E+00 0.00000E+00
 3.40000E+00 0.00000E+00 0.00000E+00
 3.60000E+00 0.00000E+00 0.00000E+00
 3.80000E+00 0.00000E+00 0.00000E+00
 4.00000E+00 0.00000E+00 0.00000E+00
 4.20000E+00 0.00000E+00 0.00000E+00
 4.40000E+00 0.00000E+00 0.00000E+00
 4.60000E+00 0.00000E+00 0.00000E+00
 4.80000E+00 0.00000E+00 0.00000E+00
 5.00000E+00 0.00000E+00 0.00000E+00
 5.20000E+00 0.00000E+00 0.00000E+00
 5.40000E+00 0.00000E+00 0.00000E+00
 5.60000E+00 0.00000E+00 0.00000E+00
 5.80000E+00 0.00000E+00 0.00000E+00
 6.00000E+00 0.00000E+00 0.00000E+00
 6.20000E+00 0.00000E+00 0.00000E+00
 6.40000E+00 0.00000E+00 0.00000E+00
 6.60000E+00 0.00000E+00 0.00000E+00
 6.80000E+00 0.00000E+00 0.00000E+00
 7.00000E+00 0.00000E+00 0.00000E+00
 7.20000E+00 0.00000E+00 0.00000E+00
 7.40000E+00 0.00000E+00 0.00000E+00
 7.60000E+00 0.00000E+00 0.00000E+00
 7.80000E+00 0.00000E+00 0.00000E+00
 8.00000E+00 0.00000E+00 0.00000E+00
 8.50000E+00 0.00000E+00 0.00000E+00
 9.00000E+00 0.00000E+00 0.00000E+00
 9.50000E+00 0.00000E+00 0.00000E+00
 1.00000E+01 0.00000E+00 0.00000E+00
 1.05000E+01 9.54961E-37 1.45518E-39
 1.10000E+01 5.38406E-31 7.44969E-34
 1.15000E+01 3.09286E-25 3.93608E-28
 1.20000E+01 1.96082E-22 2.32217E-25
 1.25000E+01 3.46580E-19 3.86063E-22
 1.30000E+01 1.79969E-17 1.90368E-20
 1.35000E+01 6.94813E-16 7.03629E-19
 1.40000E+01 1.98747E-14 1.93968E-17
 1.45000E+01 3.50947E-13 3.31770E-16
 1.50000E+01 4.48428E-12 4.12189E-15
 1.60000E+01 3.61874E-10 3.16853E-13
 1.70000E+01 1.64475E-08 1.38095E-11
 1.80000E+01 4.31868E-07 3.49549E-10
 1.90000E+01 6.68107E-06 5.23981E-09
 2.00000E+01 6.66306E-05 5.08821E-08
 2.10000E+01 4.67771E-04 3.49299E-07
 2.20000E+01 2.46875E-03 1.80903E-06
 2.30000E+01 1.02060E-02 7.35936E-06
 2.40000E+01 3.36693E-02 2.39409E-05
 2.50000E+01 8.95098E-02 6.28571E-05
 2.60000E+01 1.95970E-01 1.36059E-04
 2.70000E+01 3.66046E-01 2.51478E-04
 2.80000E+01 6.05016E-01 4.11640E-04
 2.90000E+01 9.11705E-01 6.14912E-04
 3.00000E+01 1.28055E+00 8.57194E-04
 3.20000E+01 2.17076E+00 1.43718E-03
 3.40000E+01 3.20951E+00 2.11174E-03
 3.60000E+01 4.33753E+00 2.84415E-03
 3.80000E+01 5.50717E+00 3.60355E-03
 4.00000E+01 6.68527E+00 4.37057E-03
 4.20000E+01 7.85067E+00 5.13606E-03
 4.40000E+01 8.99121E+00 5.89576E-03
 4.60000E+01 1.01004E+01 6.64649E-03
 4.80000E+01 1.11715E+01 7.38311E-03
 5.00000E+01 1.21904E+01 8.09566E-03
 5.20000E+01 1.31424E+01 8.77426E-03
 5.40000E+01 1.40228E+01 9.41560E-03
 5.60000E+01 1.48332E+01 1.00205E-02
 5.80000E+01 1.55891E+01 1.05982E-02
 6.00000E+01 1.62952E+01 1.11508E-02
