# p + 114Sn Total helium-3 production
# Q-value    =-1.02118E+01
# 
# # energies =   103
#    E         xs         Yield
 1.00000E-11 0.00000E+00 0.00000E+00
 2.53000E-08 0.00000E+00 0.00000E+00
 2.00000E-07 0.00000E+00 0.00000E+00
 1.00000E-06 0.00000E+00 0.00000E+00
 1.00000E-05 0.00000E+00 0.00000E+00
 1.00000E-04 0.00000E+00 0.00000E+00
 1.00000E-03 0.00000E+00 0.00000E+00
 2.00000E-03 0.00000E+00 0.00000E+00
 4.00000E-03 0.00000E+00 0.00000E+00
 7.00000E-03 0.00000E+00 0.00000E+00
 1.00000E-02 0.00000E+00 0.00000E+00
 2.00000E-02 0.00000E+00 0.00000E+00
 4.00000E-02 0.00000E+00 0.00000E+00
 7.00000E-02 0.00000E+00 0.00000E+00
 1.00000E-01 0.00000E+00 0.00000E+00
 2.00000E-01 0.00000E+00 0.00000E+00
 3.00000E-01 0.00000E+00 0.00000E+00
 4.00000E-01 0.00000E+00 0.00000E+00
 5.00000E-01 0.00000E+00 0.00000E+00
 6.00000E-01 0.00000E+00 0.00000E+00
 7.00000E-01 0.00000E+00 0.00000E+00
 8.00000E-01 0.00000E+00 0.00000E+00
 9.00000E-01 0.00000E+00 0.00000E+00
 1.00000E+00 0.00000E+00 0.00000E+00
 1.20000E+00 0.00000E+00 0.00000E+00
 1.40000E+00 0.00000E+00 0.00000E+00
 1.60000E+00 0.00000E+00 0.00000E+00
 1.80000E+00 0.00000E+00 0.00000E+00
 2.00000E+00 0.00000E+00 0.00000E+00
 2.20000E+00 0.00000E+00 0.00000E+00
 2.40000E+00 0.00000E+00 0.00000E+00
 2.60000E+00 0.00000E+00 0.00000E+00
 2.80000E+00 0.00000E+00 0.00000E+00
 3.00000E+00 0.00000E+00 0.00000E+00
 3.20000E+00 0.00000E+00 0.00000E+00
 3.40000E+00 0.00000E+00 0.00000E+00
 3.60000E+00 0.00000E+00 0.00000E+00
 3.80000E+00 0.00000E+00 0.00000E+00
 4.00000E+00 0.00000E+00 0.00000E+00
 4.20000E+00 0.00000E+00 0.00000E+00
 4.40000E+00 0.00000E+00 0.00000E+00
 4.60000E+00 0.00000E+00 0.00000E+00
 4.80000E+00 0.00000E+00 0.00000E+00
 5.00000E+00 0.00000E+00 0.00000E+00
 5.20000E+00 0.00000E+00 0.00000E+00
 5.40000E+00 0.00000E+00 0.00000E+00
 5.60000E+00 0.00000E+00 0.00000E+00
 5.80000E+00 0.00000E+00 0.00000E+00
 6.00000E+00 0.00000E+00 0.00000E+00
 6.20000E+00 0.00000E+00 0.00000E+00
 6.40000E+00 0.00000E+00 0.00000E+00
 6.60000E+00 0.00000E+00 0.00000E+00
 6.80000E+00 0.00000E+00 0.00000E+00
 7.00000E+00 0.00000E+00 0.00000E+00
 7.20000E+00 0.00000E+00 0.00000E+00
 7.40000E+00 0.00000E+00 0.00000E+00
 7.60000E+00 0.00000E+00 0.00000E+00
 7.80000E+00 0.00000E+00 0.00000E+00
 8.00000E+00 0.00000E+00 0.00000E+00
 8.50000E+00 0.00000E+00 0.00000E+00
 9.00000E+00 0.00000E+00 0.00000E+00
 9.50000E+00 0.00000E+00 0.00000E+00
 1.00000E+01 0.00000E+00 0.00000E+00
 1.05000E+01 0.00000E+00 0.00000E+00
 1.10000E+01 0.00000E+00 0.00000E+00
 1.15000E+01 0.00000E+00 0.00000E+00
 1.20000E+01 2.15777E-39 2.71291E-42
 1.25000E+01 8.89641E-31 1.04879E-33
 1.30000E+01 5.86356E-25 6.53634E-28
 1.35000E+01 1.29211E-21 1.37265E-24
 1.40000E+01 3.19980E-18 3.26241E-21
 1.45000E+01 3.55733E-16 3.50201E-19
 1.50000E+01 1.03501E-14 9.88658E-18
 1.60000E+01 1.66721E-11 1.51507E-14
 1.70000E+01 2.94058E-09 2.56425E-12
 1.80000E+01 1.40302E-07 1.18011E-10
 1.90000E+01 2.94017E-06 2.39521E-09
 2.00000E+01 3.51995E-05 2.78821E-08
 2.10000E+01 2.78599E-04 2.15394E-07
 2.20000E+01 1.60253E-03 1.21356E-06
 2.30000E+01 7.11823E-03 5.29697E-06
 2.40000E+01 2.63982E-02 1.93585E-05
 2.50000E+01 7.51183E-02 5.44127E-05
 2.60000E+01 1.75155E-01 1.25542E-04
 2.70000E+01 3.44741E-01 2.44782E-04
 2.80000E+01 5.94113E-01 4.18228E-04
 2.90000E+01 8.98769E-01 6.27637E-04
 3.00000E+01 1.30723E+00 9.06178E-04
 3.20000E+01 2.30522E+00 1.57891E-03
 3.40000E+01 3.53021E+00 2.40008E-03
 3.60000E+01 4.88757E+00 3.31159E-03
 3.80000E+01 6.31415E+00 4.27333E-03
 4.00000E+01 7.76465E+00 5.25519E-03
 4.20000E+01 9.21202E+00 6.24142E-03
 4.40000E+01 1.06325E+01 7.22044E-03
 4.60000E+01 1.20287E+01 8.19739E-03
 4.80000E+01 1.33726E+01 9.15411E-03
 5.00000E+01 1.46595E+01 1.00865E-02
 5.20000E+01 1.59402E+01 1.10287E-02
 5.40000E+01 1.70493E+01 1.18656E-02
 5.60000E+01 1.80735E+01 1.26560E-02
 5.80000E+01 1.90294E+01 1.34111E-02
 6.00000E+01 1.99187E+01 1.41305E-02
