# p + 117Sn Total helium-3 production
# Q-value    =-8.50362E+00
# 
# # energies =   103
#    E         xs         Yield
 1.00000E-11 0.00000E+00 0.00000E+00
 2.53000E-08 0.00000E+00 0.00000E+00
 2.00000E-07 0.00000E+00 0.00000E+00
 1.00000E-06 0.00000E+00 0.00000E+00
 1.00000E-05 0.00000E+00 0.00000E+00
 1.00000E-04 0.00000E+00 0.00000E+00
 1.00000E-03 0.00000E+00 0.00000E+00
 2.00000E-03 0.00000E+00 0.00000E+00
 4.00000E-03 0.00000E+00 0.00000E+00
 7.00000E-03 0.00000E+00 0.00000E+00
 1.00000E-02 0.00000E+00 0.00000E+00
 2.00000E-02 0.00000E+00 0.00000E+00
 4.00000E-02 0.00000E+00 0.00000E+00
 7.00000E-02 0.00000E+00 0.00000E+00
 1.00000E-01 0.00000E+00 0.00000E+00
 2.00000E-01 0.00000E+00 0.00000E+00
 3.00000E-01 0.00000E+00 0.00000E+00
 4.00000E-01 0.00000E+00 0.00000E+00
 5.00000E-01 0.00000E+00 0.00000E+00
 6.00000E-01 0.00000E+00 0.00000E+00
 7.00000E-01 0.00000E+00 0.00000E+00
 8.00000E-01 0.00000E+00 0.00000E+00
 9.00000E-01 0.00000E+00 0.00000E+00
 1.00000E+00 0.00000E+00 0.00000E+00
 1.20000E+00 0.00000E+00 0.00000E+00
 1.40000E+00 0.00000E+00 0.00000E+00
 1.60000E+00 0.00000E+00 0.00000E+00
 1.80000E+00 0.00000E+00 0.00000E+00
 2.00000E+00 0.00000E+00 0.00000E+00
 2.20000E+00 0.00000E+00 0.00000E+00
 2.40000E+00 0.00000E+00 0.00000E+00
 2.60000E+00 0.00000E+00 0.00000E+00
 2.80000E+00 0.00000E+00 0.00000E+00
 3.00000E+00 0.00000E+00 0.00000E+00
 3.20000E+00 0.00000E+00 0.00000E+00
 3.40000E+00 0.00000E+00 0.00000E+00
 3.60000E+00 0.00000E+00 0.00000E+00
 3.80000E+00 0.00000E+00 0.00000E+00
 4.00000E+00 0.00000E+00 0.00000E+00
 4.20000E+00 0.00000E+00 0.00000E+00
 4.40000E+00 0.00000E+00 0.00000E+00
 4.60000E+00 0.00000E+00 0.00000E+00
 4.80000E+00 0.00000E+00 0.00000E+00
 5.00000E+00 0.00000E+00 0.00000E+00
 5.20000E+00 0.00000E+00 0.00000E+00
 5.40000E+00 0.00000E+00 0.00000E+00
 5.60000E+00 0.00000E+00 0.00000E+00
 5.80000E+00 0.00000E+00 0.00000E+00
 6.00000E+00 0.00000E+00 0.00000E+00
 6.20000E+00 0.00000E+00 0.00000E+00
 6.40000E+00 0.00000E+00 0.00000E+00
 6.60000E+00 0.00000E+00 0.00000E+00
 6.80000E+00 0.00000E+00 0.00000E+00
 7.00000E+00 0.00000E+00 0.00000E+00
 7.20000E+00 0.00000E+00 0.00000E+00
 7.40000E+00 0.00000E+00 0.00000E+00
 7.60000E+00 0.00000E+00 0.00000E+00
 7.80000E+00 0.00000E+00 0.00000E+00
 8.00000E+00 0.00000E+00 0.00000E+00
 8.50000E+00 0.00000E+00 0.00000E+00
 9.00000E+00 0.00000E+00 0.00000E+00
 9.50000E+00 0.00000E+00 0.00000E+00
 1.00000E+01 4.23697E-41 7.42688E-44
 1.05000E+01 4.30150E-32 6.71592E-35
 1.10000E+01 1.02008E-26 1.44778E-29
 1.15000E+01 1.44863E-23 1.89073E-26
 1.20000E+01 1.46643E-20 1.77896E-23
 1.25000E+01 4.15470E-18 4.73182E-21
 1.30000E+01 7.42112E-17 8.00892E-20
 1.35000E+01 3.46389E-15 3.57171E-18
 1.40000E+01 9.56101E-14 9.48551E-17
 1.45000E+01 1.67998E-12 1.61265E-15
 1.50000E+01 2.32100E-11 2.16495E-14
 1.60000E+01 1.88720E-09 1.67658E-12
 1.70000E+01 7.28714E-08 6.21039E-11
 1.80000E+01 8.13220E-07 6.68217E-10
 1.90000E+01 1.14480E-05 9.11186E-09
 2.00000E+01 1.06568E-04 8.25344E-08
 2.10000E+01 7.07059E-04 5.35055E-07
 2.20000E+01 3.55595E-03 2.63885E-06
 2.30000E+01 1.41076E-02 1.02979E-05
 2.40000E+01 4.49482E-02 3.23524E-05
 2.50000E+01 1.15976E-01 8.24600E-05
 2.60000E+01 2.47499E-01 1.74055E-04
 2.70000E+01 4.52671E-01 3.15149E-04
 2.80000E+01 7.35778E-01 5.07482E-04
 2.90000E+01 1.09423E+00 7.48265E-04
 3.00000E+01 1.52105E+00 1.03224E-03
 3.20000E+01 2.51974E+00 1.69028E-03
 3.40000E+01 3.69947E+00 2.46528E-03
 3.60000E+01 4.97286E+00 3.30302E-03
 3.80000E+01 6.28737E+00 4.16929E-03
 4.00000E+01 7.60700E+00 5.04159E-03
 4.20000E+01 8.90906E+00 5.90908E-03
 4.40000E+01 1.01808E+01 6.76795E-03
 4.60000E+01 1.14154E+01 7.61556E-03
 4.80000E+01 1.26044E+01 8.44593E-03
 5.00000E+01 1.37316E+01 9.24708E-03
 5.20000E+01 1.47708E+01 1.00006E-02
 5.40000E+01 1.57376E+01 1.07169E-02
 5.60000E+01 1.66331E+01 1.13962E-02
 5.80000E+01 1.74569E+01 1.20370E-02
 6.00000E+01 1.82278E+01 1.26511E-02
