# p + 112Sn Total helium-3 production
# Q-value    =-9.82731E+00
# 
# # energies =   103
#    E         xs         Yield
 1.00000E-11 0.00000E+00 0.00000E+00
 2.53000E-08 0.00000E+00 0.00000E+00
 2.00000E-07 0.00000E+00 0.00000E+00
 1.00000E-06 0.00000E+00 0.00000E+00
 1.00000E-05 0.00000E+00 0.00000E+00
 1.00000E-04 0.00000E+00 0.00000E+00
 1.00000E-03 0.00000E+00 0.00000E+00
 2.00000E-03 0.00000E+00 0.00000E+00
 4.00000E-03 0.00000E+00 0.00000E+00
 7.00000E-03 0.00000E+00 0.00000E+00
 1.00000E-02 0.00000E+00 0.00000E+00
 2.00000E-02 0.00000E+00 0.00000E+00
 4.00000E-02 0.00000E+00 0.00000E+00
 7.00000E-02 0.00000E+00 0.00000E+00
 1.00000E-01 0.00000E+00 0.00000E+00
 2.00000E-01 0.00000E+00 0.00000E+00
 3.00000E-01 0.00000E+00 0.00000E+00
 4.00000E-01 0.00000E+00 0.00000E+00
 5.00000E-01 0.00000E+00 0.00000E+00
 6.00000E-01 0.00000E+00 0.00000E+00
 7.00000E-01 0.00000E+00 0.00000E+00
 8.00000E-01 0.00000E+00 0.00000E+00
 9.00000E-01 0.00000E+00 0.00000E+00
 1.00000E+00 0.00000E+00 0.00000E+00
 1.20000E+00 0.00000E+00 0.00000E+00
 1.40000E+00 0.00000E+00 0.00000E+00
 1.60000E+00 0.00000E+00 0.00000E+00
 1.80000E+00 0.00000E+00 0.00000E+00
 2.00000E+00 0.00000E+00 0.00000E+00
 2.20000E+00 0.00000E+00 0.00000E+00
 2.40000E+00 0.00000E+00 0.00000E+00
 2.60000E+00 0.00000E+00 0.00000E+00
 2.80000E+00 0.00000E+00 0.00000E+00
 3.00000E+00 0.00000E+00 0.00000E+00
 3.20000E+00 0.00000E+00 0.00000E+00
 3.40000E+00 0.00000E+00 0.00000E+00
 3.60000E+00 0.00000E+00 0.00000E+00
 3.80000E+00 0.00000E+00 0.00000E+00
 4.00000E+00 0.00000E+00 0.00000E+00
 4.20000E+00 0.00000E+00 0.00000E+00
 4.40000E+00 0.00000E+00 0.00000E+00
 4.60000E+00 0.00000E+00 0.00000E+00
 4.80000E+00 0.00000E+00 0.00000E+00
 5.00000E+00 0.00000E+00 0.00000E+00
 5.20000E+00 0.00000E+00 0.00000E+00
 5.40000E+00 0.00000E+00 0.00000E+00
 5.60000E+00 0.00000E+00 0.00000E+00
 5.80000E+00 0.00000E+00 0.00000E+00
 6.00000E+00 0.00000E+00 0.00000E+00
 6.20000E+00 0.00000E+00 0.00000E+00
 6.40000E+00 0.00000E+00 0.00000E+00
 6.60000E+00 0.00000E+00 0.00000E+00
 6.80000E+00 0.00000E+00 0.00000E+00
 7.00000E+00 0.00000E+00 0.00000E+00
 7.20000E+00 0.00000E+00 0.00000E+00
 7.40000E+00 0.00000E+00 0.00000E+00
 7.60000E+00 0.00000E+00 0.00000E+00
 7.80000E+00 0.00000E+00 0.00000E+00
 8.00000E+00 0.00000E+00 0.00000E+00
 8.50000E+00 0.00000E+00 0.00000E+00
 9.00000E+00 0.00000E+00 0.00000E+00
 9.50000E+00 0.00000E+00 0.00000E+00
 1.00000E+01 0.00000E+00 0.00000E+00
 1.05000E+01 0.00000E+00 0.00000E+00
 1.10000E+01 0.00000E+00 0.00000E+00
 1.15000E+01 9.46577E-42 1.26117E-44
 1.20000E+01 7.02786E-32 9.02918E-35
 1.25000E+01 1.60236E-26 1.93183E-29
 1.30000E+01 6.23079E-22 7.10046E-25
 1.35000E+01 5.35240E-19 5.80661E-22
 1.40000E+01 2.06136E-16 2.14329E-19
 1.45000E+01 6.16503E-15 6.18068E-18
 1.50000E+01 3.71287E-13 3.60752E-16
 1.60000E+01 1.82931E-10 1.68870E-13
 1.70000E+01 1.96062E-08 1.73652E-11
 1.80000E+01 5.50683E-07 4.70605E-10
 1.90000E+01 8.54781E-06 7.07617E-09
 2.00000E+01 8.55594E-05 6.88563E-08
 2.10000E+01 5.92419E-04 4.65095E-07
 2.20000E+01 3.08257E-03 2.36865E-06
 2.30000E+01 1.26121E-02 9.51536E-06
 2.40000E+01 4.15550E-02 3.08745E-05
 2.50000E+01 1.11505E-01 8.18015E-05
 2.60000E+01 2.47777E-01 1.79857E-04
 2.70000E+01 4.69844E-01 3.37969E-04
 2.80000E+01 7.86710E-01 5.61318E-04
 2.90000E+01 1.19804E+00 8.48422E-04
 3.00000E+01 1.69718E+00 1.19355E-03
 3.20000E+01 2.99383E+00 2.08060E-03
 3.40000E+01 4.42741E+00 3.05277E-03
 3.60000E+01 5.98964E+00 4.11461E-03
 3.80000E+01 7.60741E+00 5.22082E-03
 4.00000E+01 9.24058E+00 6.34429E-03
 4.20000E+01 1.08602E+01 7.46632E-03
 4.40000E+01 1.24487E+01 8.57895E-03
 4.60000E+01 1.39959E+01 9.67931E-03
 4.80000E+01 1.54924E+01 1.07626E-02
 5.00000E+01 1.69189E+01 1.18146E-02
 5.20000E+01 1.83141E+01 1.28610E-02
 5.40000E+01 1.95447E+01 1.38071E-02
 5.60000E+01 2.06788E+01 1.46993E-02
 5.80000E+01 2.17281E+01 1.55447E-02
 6.00000E+01 2.27098E+01 1.63545E-02
