# p + 116Sn Total helium-3 production
# Q-value    =-1.05984E+01
# 
# # energies =   103
#    E         xs         Yield
 1.00000E-11 0.00000E+00 0.00000E+00
 2.53000E-08 0.00000E+00 0.00000E+00
 2.00000E-07 0.00000E+00 0.00000E+00
 1.00000E-06 0.00000E+00 0.00000E+00
 1.00000E-05 0.00000E+00 0.00000E+00
 1.00000E-04 0.00000E+00 0.00000E+00
 1.00000E-03 0.00000E+00 0.00000E+00
 2.00000E-03 0.00000E+00 0.00000E+00
 4.00000E-03 0.00000E+00 0.00000E+00
 7.00000E-03 0.00000E+00 0.00000E+00
 1.00000E-02 0.00000E+00 0.00000E+00
 2.00000E-02 0.00000E+00 0.00000E+00
 4.00000E-02 0.00000E+00 0.00000E+00
 7.00000E-02 0.00000E+00 0.00000E+00
 1.00000E-01 0.00000E+00 0.00000E+00
 2.00000E-01 0.00000E+00 0.00000E+00
 3.00000E-01 0.00000E+00 0.00000E+00
 4.00000E-01 0.00000E+00 0.00000E+00
 5.00000E-01 0.00000E+00 0.00000E+00
 6.00000E-01 0.00000E+00 0.00000E+00
 7.00000E-01 0.00000E+00 0.00000E+00
 8.00000E-01 0.00000E+00 0.00000E+00
 9.00000E-01 0.00000E+00 0.00000E+00
 1.00000E+00 0.00000E+00 0.00000E+00
 1.20000E+00 0.00000E+00 0.00000E+00
 1.40000E+00 0.00000E+00 0.00000E+00
 1.60000E+00 0.00000E+00 0.00000E+00
 1.80000E+00 0.00000E+00 0.00000E+00
 2.00000E+00 0.00000E+00 0.00000E+00
 2.20000E+00 0.00000E+00 0.00000E+00
 2.40000E+00 0.00000E+00 0.00000E+00
 2.60000E+00 0.00000E+00 0.00000E+00
 2.80000E+00 0.00000E+00 0.00000E+00
 3.00000E+00 0.00000E+00 0.00000E+00
 3.20000E+00 0.00000E+00 0.00000E+00
 3.40000E+00 0.00000E+00 0.00000E+00
 3.60000E+00 0.00000E+00 0.00000E+00
 3.80000E+00 0.00000E+00 0.00000E+00
 4.00000E+00 0.00000E+00 0.00000E+00
 4.20000E+00 0.00000E+00 0.00000E+00
 4.40000E+00 0.00000E+00 0.00000E+00
 4.60000E+00 0.00000E+00 0.00000E+00
 4.80000E+00 0.00000E+00 0.00000E+00
 5.00000E+00 0.00000E+00 0.00000E+00
 5.20000E+00 0.00000E+00 0.00000E+00
 5.40000E+00 0.00000E+00 0.00000E+00
 5.60000E+00 0.00000E+00 0.00000E+00
 5.80000E+00 0.00000E+00 0.00000E+00
 6.00000E+00 0.00000E+00 0.00000E+00
 6.20000E+00 0.00000E+00 0.00000E+00
 6.40000E+00 0.00000E+00 0.00000E+00
 6.60000E+00 0.00000E+00 0.00000E+00
 6.80000E+00 0.00000E+00 0.00000E+00
 7.00000E+00 0.00000E+00 0.00000E+00
 7.20000E+00 0.00000E+00 0.00000E+00
 7.40000E+00 0.00000E+00 0.00000E+00
 7.60000E+00 0.00000E+00 0.00000E+00
 7.80000E+00 0.00000E+00 0.00000E+00
 8.00000E+00 0.00000E+00 0.00000E+00
 8.50000E+00 0.00000E+00 0.00000E+00
 9.00000E+00 0.00000E+00 0.00000E+00
 9.50000E+00 0.00000E+00 0.00000E+00
 1.00000E+01 0.00000E+00 0.00000E+00
 1.05000E+01 0.00000E+00 0.00000E+00
 1.10000E+01 0.00000E+00 0.00000E+00
 1.15000E+01 0.00000E+00 0.00000E+00
 1.20000E+01 0.00000E+00 0.00000E+00
 1.25000E+01 1.16060E-36 1.33704E-39
 1.30000E+01 5.50440E-29 6.00351E-32
 1.35000E+01 7.94360E-25 8.27003E-28
 1.40000E+01 2.04464E-20 2.04635E-23
 1.45000E+01 4.42725E-18 4.28441E-21
 1.50000E+01 1.84917E-15 1.73816E-18
 1.60000E+01 2.72418E-12 2.43820E-15
 1.70000E+01 5.25353E-10 4.51137E-13
 1.80000E+01 3.45027E-08 2.85699E-11
 1.90000E+01 9.29000E-07 7.45066E-10
 2.00000E+01 1.07991E-05 8.42508E-09
 2.10000E+01 1.03387E-04 7.87812E-08
 2.20000E+01 6.88231E-04 5.14089E-07
 2.30000E+01 3.64367E-03 2.67643E-06
 2.40000E+01 1.42400E-02 1.03126E-05
 2.50000E+01 4.45945E-02 3.19038E-05
 2.60000E+01 1.12950E-01 7.99391E-05
 2.70000E+01 2.37137E-01 1.66188E-04
 2.80000E+01 4.28748E-01 2.97742E-04
 2.90000E+01 6.92113E-01 4.76596E-04
 3.00000E+01 1.02567E+00 7.00949E-04
 3.20000E+01 1.91387E+00 1.29260E-03
 3.40000E+01 2.96333E+00 1.98768E-03
 3.60000E+01 4.15950E+00 2.78091E-03
 3.80000E+01 5.40199E+00 3.60640E-03
 4.00000E+01 6.67222E+00 4.45281E-03
 4.20000E+01 7.94260E+00 5.30511E-03
 4.40000E+01 9.19614E+00 6.15629E-03
 4.60000E+01 1.04282E+01 7.00577E-03
 4.80000E+01 1.16169E+01 7.83910E-03
 5.00000E+01 1.27614E+01 8.65476E-03
 5.20000E+01 1.38136E+01 9.41948E-03
 5.40000E+01 1.48194E+01 1.01642E-02
 5.60000E+01 1.57596E+01 1.08755E-02
 5.80000E+01 1.66291E+01 1.15490E-02
 6.00000E+01 1.74433E+01 1.21942E-02
