# p + 115Sn Total helium-3 production
# Q-value    =-8.30896E+00
# 
# # energies =   103
#    E         xs         Yield
 1.00000E-11 0.00000E+00 0.00000E+00
 2.53000E-08 0.00000E+00 0.00000E+00
 2.00000E-07 0.00000E+00 0.00000E+00
 1.00000E-06 0.00000E+00 0.00000E+00
 1.00000E-05 0.00000E+00 0.00000E+00
 1.00000E-04 0.00000E+00 0.00000E+00
 1.00000E-03 0.00000E+00 0.00000E+00
 2.00000E-03 0.00000E+00 0.00000E+00
 4.00000E-03 0.00000E+00 0.00000E+00
 7.00000E-03 0.00000E+00 0.00000E+00
 1.00000E-02 0.00000E+00 0.00000E+00
 2.00000E-02 0.00000E+00 0.00000E+00
 4.00000E-02 0.00000E+00 0.00000E+00
 7.00000E-02 0.00000E+00 0.00000E+00
 1.00000E-01 0.00000E+00 0.00000E+00
 2.00000E-01 0.00000E+00 0.00000E+00
 3.00000E-01 0.00000E+00 0.00000E+00
 4.00000E-01 0.00000E+00 0.00000E+00
 5.00000E-01 0.00000E+00 0.00000E+00
 6.00000E-01 0.00000E+00 0.00000E+00
 7.00000E-01 0.00000E+00 0.00000E+00
 8.00000E-01 0.00000E+00 0.00000E+00
 9.00000E-01 0.00000E+00 0.00000E+00
 1.00000E+00 0.00000E+00 0.00000E+00
 1.20000E+00 0.00000E+00 0.00000E+00
 1.40000E+00 0.00000E+00 0.00000E+00
 1.60000E+00 0.00000E+00 0.00000E+00
 1.80000E+00 0.00000E+00 0.00000E+00
 2.00000E+00 0.00000E+00 0.00000E+00
 2.20000E+00 0.00000E+00 0.00000E+00
 2.40000E+00 0.00000E+00 0.00000E+00
 2.60000E+00 0.00000E+00 0.00000E+00
 2.80000E+00 0.00000E+00 0.00000E+00
 3.00000E+00 0.00000E+00 0.00000E+00
 3.20000E+00 0.00000E+00 0.00000E+00
 3.40000E+00 0.00000E+00 0.00000E+00
 3.60000E+00 0.00000E+00 0.00000E+00
 3.80000E+00 0.00000E+00 0.00000E+00
 4.00000E+00 0.00000E+00 0.00000E+00
 4.20000E+00 0.00000E+00 0.00000E+00
 4.40000E+00 0.00000E+00 0.00000E+00
 4.60000E+00 0.00000E+00 0.00000E+00
 4.80000E+00 0.00000E+00 0.00000E+00
 5.00000E+00 0.00000E+00 0.00000E+00
 5.20000E+00 0.00000E+00 0.00000E+00
 5.40000E+00 0.00000E+00 0.00000E+00
 5.60000E+00 0.00000E+00 0.00000E+00
 5.80000E+00 0.00000E+00 0.00000E+00
 6.00000E+00 0.00000E+00 0.00000E+00
 6.20000E+00 0.00000E+00 0.00000E+00
 6.40000E+00 0.00000E+00 0.00000E+00
 6.60000E+00 0.00000E+00 0.00000E+00
 6.80000E+00 0.00000E+00 0.00000E+00
 7.00000E+00 0.00000E+00 0.00000E+00
 7.20000E+00 0.00000E+00 0.00000E+00
 7.40000E+00 0.00000E+00 0.00000E+00
 7.60000E+00 0.00000E+00 0.00000E+00
 7.80000E+00 0.00000E+00 0.00000E+00
 8.00000E+00 0.00000E+00 0.00000E+00
 8.50000E+00 0.00000E+00 0.00000E+00
 9.00000E+00 0.00000E+00 0.00000E+00
 9.50000E+00 0.00000E+00 0.00000E+00
 1.00000E+01 2.30097E-36 4.07046E-39
 1.05000E+01 1.25386E-30 1.99742E-33
 1.10000E+01 1.43683E-26 2.08599E-29
 1.15000E+01 4.39230E-22 5.87155E-25
 1.20000E+01 7.85759E-20 9.76333E-23
 1.25000E+01 3.74756E-17 4.36740E-20
 1.30000E+01 1.50990E-15 1.66475E-18
 1.35000E+01 4.27401E-14 4.49419E-17
 1.40000E+01 7.38617E-13 7.46004E-16
 1.45000E+01 1.24490E-11 1.21492E-14
 1.50000E+01 1.30327E-10 1.23477E-13
 1.60000E+01 4.75742E-09 4.29026E-12
 1.70000E+01 1.30099E-07 1.12577E-10
 1.80000E+01 2.34294E-06 1.95525E-09
 1.90000E+01 2.98755E-05 2.41471E-08
 2.00000E+01 2.36063E-04 1.85558E-07
 2.10000E+01 1.39295E-03 1.06904E-06
 2.20000E+01 6.34370E-03 4.77063E-06
 2.30000E+01 2.31036E-02 1.70797E-05
 2.40000E+01 6.79357E-02 4.95057E-05
 2.50000E+01 1.63255E-01 1.17522E-04
 2.60000E+01 3.29444E-01 2.34642E-04
 2.70000E+01 5.78585E-01 4.08150E-04
 2.80000E+01 9.13717E-01 6.38865E-04
 2.90000E+01 1.33100E+00 9.22984E-04
 3.00000E+01 1.82765E+00 1.25790E-03
 3.20000E+01 2.96903E+00 2.01921E-03
 3.40000E+01 4.29650E+00 2.90122E-03
 3.60000E+01 5.72075E+00 3.85015E-03
 3.80000E+01 7.11096E+00 4.77970E-03
 4.00000E+01 8.58374E+00 5.76868E-03
 4.20000E+01 1.00339E+01 6.74962E-03
 4.40000E+01 1.14478E+01 7.71826E-03
 4.60000E+01 1.28183E+01 8.67283E-03
 4.80000E+01 1.41356E+01 9.60693E-03
 5.00000E+01 1.53805E+01 1.05061E-02
 5.20000E+01 1.65160E+01 1.13439E-02
 5.40000E+01 1.75781E+01 1.21441E-02
 5.60000E+01 1.85615E+01 1.29025E-02
 5.80000E+01 1.94688E+01 1.36201E-02
 6.00000E+01 2.03105E+01 1.43025E-02
