# p + 114Sn Nonelastic cross sections
# 
# 
# # energies =   103
#    E      Cross section
 1.00000E-11 0.00000E+00
 2.53000E-08 0.00000E+00
 2.00000E-07 0.00000E+00
 1.00000E-06 0.00000E+00
 1.00000E-05 0.00000E+00
 1.00000E-04 0.00000E+00
 1.00000E-03 0.00000E+00
 2.00000E-03 0.00000E+00
 4.00000E-03 0.00000E+00
 7.00000E-03 0.00000E+00
 1.00000E-02 0.00000E+00
 2.00000E-02 0.00000E+00
 4.00000E-02 0.00000E+00
 7.00000E-02 0.00000E+00
 1.00000E-01 0.00000E+00
 2.00000E-01 0.00000E+00
 3.00000E-01 0.00000E+00
 4.00000E-01 0.00000E+00
 5.00000E-01 0.00000E+00
 6.00000E-01 0.00000E+00
 7.00000E-01 0.00000E+00
 8.00000E-01 0.00000E+00
 9.00000E-01 0.00000E+00
 1.00000E+00 0.00000E+00
 1.20000E+00 0.00000E+00
 1.40000E+00 0.00000E+00
 1.60000E+00 0.00000E+00
 1.80000E+00 2.90132E-05
 2.00000E+00 1.68222E-04
 2.20000E+00 7.54940E-04
 2.40000E+00 2.76073E-03
 2.60000E+00 8.52273E-03
 2.80000E+00 2.27632E-02
 3.00000E+00 5.36317E-02
 3.20000E+00 1.13416E-01
 3.40000E+00 2.19002E-01
 3.60000E+00 3.92461E-01
 3.80000E+00 6.62174E-01
 4.00000E+00 1.06462E+00
 4.20000E+00 1.64660E+00
 4.40000E+00 2.46842E+00
 4.60000E+00 3.60717E+00
 4.80000E+00 5.16189E+00
 5.00000E+00 7.25873E+00
 5.20000E+00 1.00565E+01
 5.40000E+00 1.37591E+01
 5.60000E+00 1.86303E+01
 5.80000E+00 2.48824E+01
 6.00000E+00 3.29550E+01
 6.20000E+00 4.31293E+01
 6.40000E+00 5.56991E+01
 6.60000E+00 7.11590E+01
 6.80000E+00 8.94770E+01
 7.00000E+00 1.21068E+02
 7.20000E+00 1.65845E+02
 7.40000E+00 2.00656E+02
 7.60000E+00 2.31941E+02
 7.80000E+00 2.61959E+02
 8.00000E+00 2.91255E+02
 8.50000E+00 3.67811E+02
 9.00000E+00 4.33911E+02
 9.50000E+00 4.98329E+02
 1.00000E+01 5.61059E+02
 1.05000E+01 6.22185E+02
 1.10000E+01 6.81792E+02
 1.15000E+01 7.39741E+02
 1.20000E+01 7.95507E+02
 1.25000E+01 8.48251E+02
 1.30000E+01 8.97070E+02
 1.35000E+01 9.41322E+02
 1.40000E+01 9.80809E+02
 1.45000E+01 1.01580E+03
 1.50000E+01 1.04689E+03
 1.60000E+01 1.10042E+03
 1.70000E+01 1.14676E+03
 1.80000E+01 1.18889E+03
 1.90000E+01 1.22752E+03
 2.00000E+01 1.26244E+03
 2.10000E+01 1.29344E+03
 2.20000E+01 1.32052E+03
 2.30000E+01 1.34383E+03
 2.40000E+01 1.36365E+03
 2.50000E+01 1.38053E+03
 2.60000E+01 1.39519E+03
 2.70000E+01 1.40836E+03
 2.80000E+01 1.42055E+03
 2.90000E+01 1.43199E+03
 3.00000E+01 1.44258E+03
 3.20000E+01 1.46001E+03
 3.40000E+01 1.47087E+03
 3.60000E+01 1.47590E+03
 3.80000E+01 1.47757E+03
 4.00000E+01 1.47752E+03
 4.20000E+01 1.47595E+03
 4.40000E+01 1.47256E+03
 4.60000E+01 1.46738E+03
 4.80000E+01 1.46083E+03
 5.00000E+01 1.45337E+03
 5.20000E+01 1.44534E+03
 5.40000E+01 1.43687E+03
 5.60000E+01 1.42805E+03
 5.80000E+01 1.41893E+03
 6.00000E+01 1.40962E+03
