# p + 124Sn Nonelastic cross sections
# 
# 
# # energies =   103
#    E      Cross section
 1.00000E-11 0.00000E+00
 2.53000E-08 0.00000E+00
 2.00000E-07 0.00000E+00
 1.00000E-06 0.00000E+00
 1.00000E-05 0.00000E+00
 1.00000E-04 0.00000E+00
 1.00000E-03 0.00000E+00
 2.00000E-03 0.00000E+00
 4.00000E-03 0.00000E+00
 7.00000E-03 0.00000E+00
 1.00000E-02 0.00000E+00
 2.00000E-02 0.00000E+00
 4.00000E-02 0.00000E+00
 7.00000E-02 0.00000E+00
 1.00000E-01 0.00000E+00
 2.00000E-01 0.00000E+00
 3.00000E-01 0.00000E+00
 4.00000E-01 0.00000E+00
 5.00000E-01 0.00000E+00
 6.00000E-01 0.00000E+00
 7.00000E-01 0.00000E+00
 8.00000E-01 0.00000E+00
 9.00000E-01 0.00000E+00
 1.00000E+00 0.00000E+00
 1.20000E+00 0.00000E+00
 1.40000E+00 0.00000E+00
 1.60000E+00 0.00000E+00
 1.80000E+00 5.41557E-05
 2.00000E+00 3.18523E-04
 2.20000E+00 1.44695E-03
 2.40000E+00 5.36088E-03
 2.60000E+00 1.68493E-02
 2.80000E+00 4.62580E-02
 3.00000E+00 1.13421E-01
 3.20000E+00 2.52688E-01
 3.40000E+00 5.18532E-01
 3.60000E+00 9.90753E-01
 3.80000E+00 1.77834E+00
 4.00000E+00 3.02059E+00
 4.20000E+00 4.88459E+00
 4.40000E+00 7.55880E+00
 4.60000E+00 1.12426E+01
 4.80000E+00 1.61333E+01
 5.00000E+00 2.24123E+01
 5.20000E+00 3.02327E+01
 5.40000E+00 3.97108E+01
 5.60000E+00 5.09228E+01
 5.80000E+00 6.39069E+01
 6.00000E+00 7.86702E+01
 6.20000E+00 9.51969E+01
 6.40000E+00 1.13457E+02
 6.60000E+00 1.33412E+02
 6.80000E+00 1.55017E+02
 7.00000E+00 1.78219E+02
 7.20000E+00 2.02952E+02
 7.40000E+00 2.29136E+02
 7.60000E+00 2.56665E+02
 7.80000E+00 2.85400E+02
 8.00000E+00 3.15204E+02
 8.50000E+00 3.93138E+02
 9.00000E+00 4.73459E+02
 9.50000E+00 5.53286E+02
 1.00000E+01 6.30500E+02
 1.05000E+01 7.03733E+02
 1.10000E+01 7.72027E+02
 1.15000E+01 8.34623E+02
 1.20000E+01 8.91031E+02
 1.25000E+01 9.41210E+02
 1.30000E+01 9.85640E+02
 1.35000E+01 1.02521E+03
 1.40000E+01 1.06099E+03
 1.45000E+01 1.09400E+03
 1.50000E+01 1.12499E+03
 1.60000E+01 1.18253E+03
 1.70000E+01 1.23449E+03
 1.80000E+01 1.28015E+03
 1.90000E+01 1.31925E+03
 2.00000E+01 1.35252E+03
 2.10000E+01 1.38117E+03
 2.20000E+01 1.40644E+03
 2.30000E+01 1.42928E+03
 2.40000E+01 1.45030E+03
 2.50000E+01 1.46984E+03
 2.60000E+01 1.48797E+03
 2.70000E+01 1.50458E+03
 2.80000E+01 1.51939E+03
 2.90000E+01 1.53207E+03
 3.00000E+01 1.54248E+03
 3.20000E+01 1.55722E+03
 3.40000E+01 1.56675E+03
 3.60000E+01 1.57383E+03
 3.80000E+01 1.57875E+03
 4.00000E+01 1.58066E+03
 4.20000E+01 1.57938E+03
 4.40000E+01 1.57567E+03
 4.60000E+01 1.57046E+03
 4.80000E+01 1.56424E+03
 5.00000E+01 1.55715E+03
 5.20000E+01 1.54922E+03
 5.40000E+01 1.54055E+03
 5.60000E+01 1.53134E+03
 5.80000E+01 1.52178E+03
 6.00000E+01 1.51200E+03
