# p + 117Sn Nonelastic cross sections
# 
# 
# # energies =   103
#    E      Cross section
 1.00000E-11 0.00000E+00
 2.53000E-08 0.00000E+00
 2.00000E-07 0.00000E+00
 1.00000E-06 0.00000E+00
 1.00000E-05 0.00000E+00
 1.00000E-04 0.00000E+00
 1.00000E-03 0.00000E+00
 2.00000E-03 0.00000E+00
 4.00000E-03 0.00000E+00
 7.00000E-03 0.00000E+00
 1.00000E-02 0.00000E+00
 2.00000E-02 0.00000E+00
 4.00000E-02 0.00000E+00
 7.00000E-02 0.00000E+00
 1.00000E-01 0.00000E+00
 2.00000E-01 0.00000E+00
 3.00000E-01 0.00000E+00
 4.00000E-01 0.00000E+00
 5.00000E-01 0.00000E+00
 6.00000E-01 0.00000E+00
 7.00000E-01 0.00000E+00
 8.00000E-01 0.00000E+00
 9.00000E-01 0.00000E+00
 1.00000E+00 0.00000E+00
 1.20000E+00 0.00000E+00
 1.40000E+00 0.00000E+00
 1.60000E+00 0.00000E+00
 1.80000E+00 3.32843E-05
 2.00000E+00 1.95279E-04
 2.20000E+00 8.87576E-04
 2.40000E+00 3.30133E-03
 2.60000E+00 1.04511E-02
 2.80000E+00 2.90024E-02
 3.00000E+00 7.21172E-02
 3.20000E+00 1.63482E-01
 3.40000E+00 3.42899E-01
 3.60000E+00 6.71850E-01
 3.80000E+00 1.24008E+00
 4.00000E+00 2.17177E+00
 4.20000E+00 3.63202E+00
 4.40000E+00 5.82466E+00
 4.60000E+00 8.99044E+00
 4.80000E+00 1.33966E+01
 5.00000E+00 1.93187E+01
 5.20000E+00 2.70159E+01
 5.40000E+00 3.67008E+01
 5.60000E+00 4.85093E+01
 5.80000E+00 6.24786E+01
 6.00000E+00 7.85383E+01
 6.20000E+00 9.65207E+01
 6.40000E+00 1.16186E+02
 6.60000E+00 1.37263E+02
 6.80000E+00 1.59482E+02
 7.00000E+00 1.82608E+02
 7.20000E+00 2.06454E+02
 7.40000E+00 2.30890E+02
 7.60000E+00 2.55823E+02
 7.80000E+00 2.81193E+02
 8.00000E+00 3.06955E+02
 8.50000E+00 3.72780E+02
 9.00000E+00 4.39978E+02
 9.50000E+00 5.07569E+02
 1.00000E+01 5.74626E+02
 1.05000E+01 6.40492E+02
 1.10000E+01 7.04585E+02
 1.15000E+01 7.66175E+02
 1.20000E+01 8.24319E+02
 1.25000E+01 8.78035E+02
 1.30000E+01 9.26607E+02
 1.35000E+01 9.69812E+02
 1.40000E+01 1.00796E+03
 1.45000E+01 1.04175E+03
 1.50000E+01 1.07208E+03
 1.60000E+01 1.12562E+03
 1.70000E+01 1.17338E+03
 1.80000E+01 1.21700E+03
 1.90000E+01 1.25639E+03
 2.00000E+01 1.29120E+03
 2.10000E+01 1.32147E+03
 2.20000E+01 1.34754E+03
 2.30000E+01 1.36994E+03
 2.40000E+01 1.38933E+03
 2.50000E+01 1.40645E+03
 2.60000E+01 1.42196E+03
 2.70000E+01 1.43637E+03
 2.80000E+01 1.44986E+03
 2.90000E+01 1.46236E+03
 3.00000E+01 1.47355E+03
 3.20000E+01 1.49072E+03
 3.40000E+01 1.50063E+03
 3.60000E+01 1.50555E+03
 3.80000E+01 1.50802E+03
 4.00000E+01 1.50885E+03
 4.20000E+01 1.50769E+03
 4.40000E+01 1.50427E+03
 4.60000E+01 1.49896E+03
 4.80000E+01 1.49237E+03
 5.00000E+01 1.48497E+03
 5.20000E+01 1.47698E+03
 5.40000E+01 1.46848E+03
 5.60000E+01 1.45954E+03
 5.80000E+01 1.45027E+03
 6.00000E+01 1.44080E+03
