# p + 116Sn Nonelastic cross sections
# 
# 
# # energies =   103
#    E      Cross section
 1.00000E-11 0.00000E+00
 2.53000E-08 0.00000E+00
 2.00000E-07 0.00000E+00
 1.00000E-06 0.00000E+00
 1.00000E-05 0.00000E+00
 1.00000E-04 0.00000E+00
 1.00000E-03 0.00000E+00
 2.00000E-03 0.00000E+00
 4.00000E-03 0.00000E+00
 7.00000E-03 0.00000E+00
 1.00000E-02 0.00000E+00
 2.00000E-02 0.00000E+00
 4.00000E-02 0.00000E+00
 7.00000E-02 0.00000E+00
 1.00000E-01 0.00000E+00
 2.00000E-01 0.00000E+00
 3.00000E-01 0.00000E+00
 4.00000E-01 0.00000E+00
 5.00000E-01 0.00000E+00
 6.00000E-01 0.00000E+00
 7.00000E-01 0.00000E+00
 8.00000E-01 0.00000E+00
 9.00000E-01 0.00000E+00
 1.00000E+00 0.00000E+00
 1.20000E+00 0.00000E+00
 1.40000E+00 0.00000E+00
 1.60000E+00 0.00000E+00
 1.80000E+00 3.15643E-05
 2.00000E+00 1.84599E-04
 2.20000E+00 8.36305E-04
 2.40000E+00 3.09665E-03
 2.60000E+00 9.73489E-03
 2.80000E+00 2.67005E-02
 3.00000E+00 6.51958E-02
 3.20000E+00 1.43959E-01
 3.40000E+00 2.91297E-01
 3.60000E+00 5.46644E-01
 3.80000E+00 9.61888E-01
 4.00000E+00 1.60278E+00
 4.20000E+00 2.55131E+00
 4.40000E+00 3.90811E+00
 4.60000E+00 5.79539E+00
 4.80000E+00 8.36194E+00
 5.00000E+00 1.17827E+01
 5.20000E+00 1.62636E+01
 5.40000E+00 2.20415E+01
 5.60000E+00 3.02351E+01
 5.80000E+00 4.92718E+01
 6.00000E+00 6.52639E+01
 6.20000E+00 8.44272E+01
 6.40000E+00 1.06426E+02
 6.60000E+00 1.29375E+02
 6.80000E+00 1.53120E+02
 7.00000E+00 1.77537E+02
 7.20000E+00 2.02483E+02
 7.40000E+00 2.27832E+02
 7.60000E+00 2.53487E+02
 7.80000E+00 2.79379E+02
 8.00000E+00 3.05465E+02
 8.50000E+00 3.71319E+02
 9.00000E+00 4.37682E+02
 9.50000E+00 5.04118E+02
 1.00000E+01 5.69475E+02
 1.05000E+01 6.33682E+02
 1.10000E+01 6.96337E+02
 1.15000E+01 7.56870E+02
 1.20000E+01 8.14431E+02
 1.25000E+01 8.68036E+02
 1.30000E+01 9.16864E+02
 1.35000E+01 9.60529E+02
 1.40000E+01 9.99166E+02
 1.45000E+01 1.03334E+03
 1.50000E+01 1.06387E+03
 1.60000E+01 1.11729E+03
 1.70000E+01 1.16451E+03
 1.80000E+01 1.20766E+03
 1.90000E+01 1.24687E+03
 2.00000E+01 1.28178E+03
 2.10000E+01 1.31233E+03
 2.20000E+01 1.33874E+03
 2.30000E+01 1.36139E+03
 2.40000E+01 1.38083E+03
 2.50000E+01 1.39778E+03
 2.60000E+01 1.41295E+03
 2.70000E+01 1.42692E+03
 2.80000E+01 1.44000E+03
 2.90000E+01 1.45220E+03
 3.00000E+01 1.46326E+03
 3.20000E+01 1.48063E+03
 3.40000E+01 1.49085E+03
 3.60000E+01 1.49573E+03
 3.80000E+01 1.49789E+03
 4.00000E+01 1.49843E+03
 4.20000E+01 1.49716E+03
 4.40000E+01 1.49378E+03
 4.60000E+01 1.48851E+03
 4.80000E+01 1.48192E+03
 5.00000E+01 1.47449E+03
 5.20000E+01 1.46649E+03
 5.40000E+01 1.45800E+03
 5.60000E+01 1.44909E+03
 5.80000E+01 1.43988E+03
 6.00000E+01 1.43046E+03
