# p + 115Sn Nonelastic cross sections
# 
# 
# # energies =   103
#    E      Cross section
 1.00000E-11 0.00000E+00
 2.53000E-08 0.00000E+00
 2.00000E-07 0.00000E+00
 1.00000E-06 0.00000E+00
 1.00000E-05 0.00000E+00
 1.00000E-04 0.00000E+00
 1.00000E-03 0.00000E+00
 2.00000E-03 0.00000E+00
 4.00000E-03 0.00000E+00
 7.00000E-03 0.00000E+00
 1.00000E-02 0.00000E+00
 2.00000E-02 0.00000E+00
 4.00000E-02 0.00000E+00
 7.00000E-02 0.00000E+00
 1.00000E-01 0.00000E+00
 2.00000E-01 0.00000E+00
 3.00000E-01 0.00000E+00
 4.00000E-01 0.00000E+00
 5.00000E-01 0.00000E+00
 6.00000E-01 0.00000E+00
 7.00000E-01 0.00000E+00
 8.00000E-01 0.00000E+00
 9.00000E-01 0.00000E+00
 1.00000E+00 0.00000E+00
 1.20000E+00 0.00000E+00
 1.40000E+00 0.00000E+00
 1.60000E+00 0.00000E+00
 1.80000E+00 3.01459E-05
 2.00000E+00 1.75708E-04
 2.20000E+00 7.93936E-04
 2.40000E+00 2.93588E-03
 2.60000E+00 9.23811E-03
 2.80000E+00 2.54479E-02
 3.00000E+00 6.26924E-02
 3.20000E+00 1.40399E-01
 3.40000E+00 2.89575E-01
 3.60000E+00 5.56029E-01
 3.80000E+00 1.00336E+00
 4.00000E+00 1.80112E+00
 4.20000E+00 3.02051E+00
 4.40000E+00 4.84027E+00
 4.60000E+00 7.45940E+00
 4.80000E+00 1.14404E+01
 5.00000E+00 1.67233E+01
 5.20000E+00 2.36783E+01
 5.40000E+00 3.24305E+01
 5.60000E+00 4.33462E+01
 5.80000E+00 5.67029E+01
 6.00000E+00 7.26075E+01
 6.20000E+00 9.07792E+01
 6.40000E+00 1.10943E+02
 6.60000E+00 1.32777E+02
 6.80000E+00 1.55926E+02
 7.00000E+00 1.80046E+02
 7.20000E+00 2.04843E+02
 7.40000E+00 2.30084E+02
 7.60000E+00 2.55613E+02
 7.80000E+00 2.81324E+02
 8.00000E+00 3.07159E+02
 8.50000E+00 3.72047E+02
 9.00000E+00 4.37198E+02
 9.50000E+00 5.01671E+02
 1.00000E+01 5.65286E+02
 1.05000E+01 6.27740E+02
 1.10000E+01 6.88801E+02
 1.15000E+01 7.48065E+02
 1.20000E+01 8.04806E+02
 1.25000E+01 8.58076E+02
 1.30000E+01 9.06987E+02
 1.35000E+01 9.51008E+02
 1.40000E+01 9.90098E+02
 1.45000E+01 1.02468E+03
 1.50000E+01 1.05547E+03
 1.60000E+01 1.10889E+03
 1.70000E+01 1.15564E+03
 1.80000E+01 1.19828E+03
 1.90000E+01 1.23723E+03
 2.00000E+01 1.27218E+03
 2.10000E+01 1.30299E+03
 2.20000E+01 1.32974E+03
 2.30000E+01 1.35269E+03
 2.40000E+01 1.37228E+03
 2.50000E+01 1.38915E+03
 2.60000E+01 1.40403E+03
 2.70000E+01 1.41758E+03
 2.80000E+01 1.43022E+03
 2.90000E+01 1.44206E+03
 3.00000E+01 1.45293E+03
 3.20000E+01 1.47039E+03
 3.40000E+01 1.48093E+03
 3.60000E+01 1.48585E+03
 3.80000E+01 1.48774E+03
 4.00000E+01 1.48799E+03
 4.20000E+01 1.48658E+03
 4.40000E+01 1.48321E+03
 4.60000E+01 1.47798E+03
 4.80000E+01 1.47140E+03
 5.00000E+01 1.46396E+03
 5.20000E+01 1.45594E+03
 5.40000E+01 1.44746E+03
 5.60000E+01 1.43859E+03
 5.80000E+01 1.42942E+03
 6.00000E+01 1.42006E+03
