# p + 120Sn Nonelastic cross sections
# 
# 
# # energies =   103
#    E      Cross section
 1.00000E-11 0.00000E+00
 2.53000E-08 0.00000E+00
 2.00000E-07 0.00000E+00
 1.00000E-06 0.00000E+00
 1.00000E-05 0.00000E+00
 1.00000E-04 0.00000E+00
 1.00000E-03 0.00000E+00
 2.00000E-03 0.00000E+00
 4.00000E-03 0.00000E+00
 7.00000E-03 0.00000E+00
 1.00000E-02 0.00000E+00
 2.00000E-02 0.00000E+00
 4.00000E-02 0.00000E+00
 7.00000E-02 0.00000E+00
 1.00000E-01 0.00000E+00
 2.00000E-01 0.00000E+00
 3.00000E-01 0.00000E+00
 4.00000E-01 0.00000E+00
 5.00000E-01 0.00000E+00
 6.00000E-01 0.00000E+00
 7.00000E-01 0.00000E+00
 8.00000E-01 0.00000E+00
 9.00000E-01 0.00000E+00
 1.00000E+00 0.00000E+00
 1.20000E+00 0.00000E+00
 1.40000E+00 0.00000E+00
 1.60000E+00 0.00000E+00
 1.80000E+00 4.19566E-05
 2.00000E+00 2.43508E-04
 2.20000E+00 1.09519E-03
 2.40000E+00 4.03070E-03
 2.60000E+00 1.26257E-02
 2.80000E+00 3.46521E-02
 3.00000E+00 8.51809E-02
 3.20000E+00 1.90720E-01
 3.40000E+00 3.94168E-01
 3.60000E+00 7.70468E-01
 3.80000E+00 1.41483E+00
 4.00000E+00 2.46325E+00
 4.20000E+00 4.08997E+00
 4.40000E+00 6.51190E+00
 4.60000E+00 9.98178E+00
 4.80000E+00 1.47773E+01
 5.00000E+00 2.11829E+01
 5.20000E+00 2.94644E+01
 5.40000E+00 3.98398E+01
 5.60000E+00 5.24509E+01
 5.80000E+00 6.73420E+01
 6.00000E+00 8.44527E+01
 6.20000E+00 1.03626E+02
 6.40000E+00 1.24633E+02
 6.60000E+00 1.47207E+02
 6.80000E+00 1.71083E+02
 7.00000E+00 1.96017E+02
 7.20000E+00 2.21807E+02
 7.40000E+00 2.48291E+02
 7.60000E+00 2.75350E+02
 7.80000E+00 3.02887E+02
 8.00000E+00 3.30820E+02
 8.50000E+00 4.01889E+02
 9.00000E+00 4.73754E+02
 9.50000E+00 5.45260E+02
 1.00000E+01 6.15504E+02
 1.05000E+01 6.83863E+02
 1.10000E+01 7.49778E+02
 1.15000E+01 8.12548E+02
 1.20000E+01 8.71338E+02
 1.25000E+01 9.25376E+02
 1.30000E+01 9.74228E+02
 1.35000E+01 1.01793E+03
 1.40000E+01 1.05694E+03
 1.45000E+01 1.09199E+03
 1.50000E+01 1.12389E+03
 1.60000E+01 1.18094E+03
 1.70000E+01 1.23176E+03
 1.80000E+01 1.27756E+03
 1.90000E+01 1.31842E+03
 2.00000E+01 1.35439E+03
 2.10000E+01 1.38579E+03
 2.20000E+01 1.41305E+03
 2.30000E+01 1.43671E+03
 2.40000E+01 1.45741E+03
 2.50000E+01 1.47580E+03
 2.60000E+01 1.49245E+03
 2.70000E+01 1.50774E+03
 2.80000E+01 1.52176E+03
 2.90000E+01 1.53441E+03
 3.00000E+01 1.54545E+03
 3.20000E+01 1.56218E+03
 3.40000E+01 1.57250E+03
 3.60000E+01 1.57860E+03
 3.80000E+01 1.58209E+03
 4.00000E+01 1.58328E+03
 4.20000E+01 1.58206E+03
 4.40000E+01 1.57863E+03
 4.60000E+01 1.57347E+03
 4.80000E+01 1.56706E+03
 5.00000E+01 1.55974E+03
 5.20000E+01 1.55165E+03
 5.40000E+01 1.54292E+03
 5.60000E+01 1.53367E+03
 5.80000E+01 1.52405E+03
 6.00000E+01 1.51417E+03
