# p + 118Sn Nonelastic cross sections
# 
# 
# # energies =   103
#    E      Cross section
 1.00000E-11 0.00000E+00
 2.53000E-08 0.00000E+00
 2.00000E-07 0.00000E+00
 1.00000E-06 0.00000E+00
 1.00000E-05 0.00000E+00
 1.00000E-04 0.00000E+00
 1.00000E-03 0.00000E+00
 2.00000E-03 0.00000E+00
 4.00000E-03 0.00000E+00
 7.00000E-03 0.00000E+00
 1.00000E-02 0.00000E+00
 2.00000E-02 0.00000E+00
 4.00000E-02 0.00000E+00
 7.00000E-02 0.00000E+00
 1.00000E-01 0.00000E+00
 2.00000E-01 0.00000E+00
 3.00000E-01 0.00000E+00
 4.00000E-01 0.00000E+00
 5.00000E-01 0.00000E+00
 6.00000E-01 0.00000E+00
 7.00000E-01 0.00000E+00
 8.00000E-01 0.00000E+00
 9.00000E-01 0.00000E+00
 1.00000E+00 0.00000E+00
 1.20000E+00 0.00000E+00
 1.40000E+00 0.00000E+00
 1.60000E+00 0.00000E+00
 1.80000E+00 3.53030E-05
 2.00000E+00 2.07586E-04
 2.20000E+00 9.45255E-04
 2.40000E+00 3.51913E-03
 2.60000E+00 1.11375E-02
 2.80000E+00 3.08331E-02
 3.00000E+00 7.62805E-02
 3.20000E+00 1.71425E-01
 3.40000E+00 3.54494E-01
 3.60000E+00 6.81749E-01
 3.80000E+00 1.23049E+00
 4.00000E+00 2.10077E+00
 4.20000E+00 3.41679E+00
 4.40000E+00 5.32685E+00
 4.60000E+00 8.83888E+00
 4.80000E+00 1.35191E+01
 5.00000E+00 1.96567E+01
 5.20000E+00 2.74899E+01
 5.40000E+00 3.72528E+01
 5.60000E+00 4.90712E+01
 5.80000E+00 6.29674E+01
 6.00000E+00 7.88656E+01
 6.20000E+00 9.66068E+01
 6.40000E+00 1.15976E+02
 6.60000E+00 1.36737E+02
 6.80000E+00 1.58658E+02
 7.00000E+00 1.81544E+02
 7.20000E+00 2.05240E+02
 7.40000E+00 2.29635E+02
 7.60000E+00 2.54649E+02
 7.80000E+00 2.80223E+02
 8.00000E+00 3.06306E+02
 8.50000E+00 3.73363E+02
 9.00000E+00 4.42216E+02
 9.50000E+00 5.11632E+02
 1.00000E+01 5.80527E+02
 1.05000E+01 6.48016E+02
 1.10000E+01 7.13402E+02
 1.15000E+01 7.75841E+02
 1.20000E+01 8.34340E+02
 1.25000E+01 8.87963E+02
 1.30000E+01 9.36132E+02
 1.35000E+01 9.78804E+02
 1.40000E+01 1.01645E+03
 1.45000E+01 1.04990E+03
 1.50000E+01 1.08008E+03
 1.60000E+01 1.13388E+03
 1.70000E+01 1.18221E+03
 1.80000E+01 1.22628E+03
 1.90000E+01 1.26579E+03
 2.00000E+01 1.30044E+03
 2.10000E+01 1.33041E+03
 2.20000E+01 1.35617E+03
 2.30000E+01 1.37840E+03
 2.40000E+01 1.39782E+03
 2.50000E+01 1.41518E+03
 2.60000E+01 1.43109E+03
 2.70000E+01 1.44592E+03
 2.80000E+01 1.45979E+03
 2.90000E+01 1.47252E+03
 3.00000E+01 1.48376E+03
 3.20000E+01 1.50065E+03
 3.40000E+01 1.51028E+03
 3.60000E+01 1.51532E+03
 3.80000E+01 1.51814E+03
 4.00000E+01 1.51924E+03
 4.20000E+01 1.51814E+03
 4.40000E+01 1.51468E+03
 4.60000E+01 1.50934E+03
 4.80000E+01 1.50277E+03
 5.00000E+01 1.49540E+03
 5.20000E+01 1.48743E+03
 5.40000E+01 1.47891E+03
 5.60000E+01 1.46993E+03
 5.80000E+01 1.46062E+03
 6.00000E+01 1.45109E+03
