# p + 119Sn Nonelastic cross sections
# 
# 
# # energies =   103
#    E      Cross section
 1.00000E-11 0.00000E+00
 2.53000E-08 0.00000E+00
 2.00000E-07 0.00000E+00
 1.00000E-06 0.00000E+00
 1.00000E-05 0.00000E+00
 1.00000E-04 0.00000E+00
 1.00000E-03 0.00000E+00
 2.00000E-03 0.00000E+00
 4.00000E-03 0.00000E+00
 7.00000E-03 0.00000E+00
 1.00000E-02 0.00000E+00
 2.00000E-02 0.00000E+00
 4.00000E-02 0.00000E+00
 7.00000E-02 0.00000E+00
 1.00000E-01 0.00000E+00
 2.00000E-01 0.00000E+00
 3.00000E-01 0.00000E+00
 4.00000E-01 0.00000E+00
 5.00000E-01 0.00000E+00
 6.00000E-01 0.00000E+00
 7.00000E-01 0.00000E+00
 8.00000E-01 0.00000E+00
 9.00000E-01 0.00000E+00
 1.00000E+00 0.00000E+00
 1.20000E+00 0.00000E+00
 1.40000E+00 0.00000E+00
 1.60000E+00 0.00000E+00
 1.80000E+00 3.76358E-05
 2.00000E+00 2.21594E-04
 2.20000E+00 1.01096E-03
 2.40000E+00 3.77006E-03
 2.60000E+00 1.19571E-02
 2.80000E+00 3.32130E-02
 3.00000E+00 8.26137E-02
 3.20000E+00 1.87207E-01
 3.40000E+00 3.91724E-01
 3.60000E+00 7.65040E-01
 3.80000E+00 1.40669E+00
 4.00000E+00 2.45188E+00
 4.20000E+00 4.07437E+00
 4.40000E+00 6.48464E+00
 4.60000E+00 9.92234E+00
 4.80000E+00 1.46419E+01
 5.00000E+00 2.08915E+01
 5.20000E+00 2.88882E+01
 5.40000E+00 3.87911E+01
 5.60000E+00 5.06824E+01
 5.80000E+00 6.45559E+01
 6.00000E+00 8.03231E+01
 6.20000E+00 9.78306E+01
 6.40000E+00 1.16887E+02
 6.60000E+00 1.37296E+02
 6.80000E+00 1.58876E+02
 7.00000E+00 1.81474E+02
 7.20000E+00 2.04976E+02
 7.40000E+00 2.29297E+02
 7.60000E+00 2.54372E+02
 7.80000E+00 2.80142E+02
 8.00000E+00 3.06550E+02
 8.50000E+00 3.74879E+02
 9.00000E+00 4.45426E+02
 9.50000E+00 5.16668E+02
 1.00000E+01 5.87279E+02
 1.05000E+01 6.56251E+02
 1.10000E+01 7.22723E+02
 1.15000E+01 7.85771E+02
 1.20000E+01 8.44389E+02
 1.25000E+01 8.97730E+02
 1.30000E+01 9.45376E+02
 1.35000E+01 9.87470E+02
 1.40000E+01 1.02464E+03
 1.45000E+01 1.05780E+03
 1.50000E+01 1.08792E+03
 1.60000E+01 1.14209E+03
 1.70000E+01 1.19103E+03
 1.80000E+01 1.23550E+03
 1.90000E+01 1.27506E+03
 2.00000E+01 1.30951E+03
 2.10000E+01 1.33917E+03
 2.20000E+01 1.36468E+03
 2.30000E+01 1.38681E+03
 2.40000E+01 1.40635E+03
 2.50000E+01 1.42402E+03
 2.60000E+01 1.44033E+03
 2.70000E+01 1.45558E+03
 2.80000E+01 1.46977E+03
 2.90000E+01 1.48266E+03
 3.00000E+01 1.49389E+03
 3.20000E+01 1.51043E+03
 3.40000E+01 1.51984E+03
 3.60000E+01 1.52507E+03
 3.80000E+01 1.52826E+03
 4.00000E+01 1.52961E+03
 4.20000E+01 1.52854E+03
 4.40000E+01 1.52503E+03
 4.60000E+01 1.51966E+03
 4.80000E+01 1.51312E+03
 5.00000E+01 1.50580E+03
 5.20000E+01 1.49784E+03
 5.40000E+01 1.48931E+03
 5.60000E+01 1.48029E+03
 5.80000E+01 1.47092E+03
 6.00000E+01 1.46135E+03
