# p + 124Sn Total neutron  production
# Q-value    =-1.39476E+00
# 
# # energies =   103
#    E         xs         Yield
 1.00000E-11 0.00000E+00 0.00000E+00
 2.53000E-08 0.00000E+00 0.00000E+00
 2.00000E-07 0.00000E+00 0.00000E+00
 1.00000E-06 0.00000E+00 0.00000E+00
 1.00000E-05 0.00000E+00 0.00000E+00
 1.00000E-04 0.00000E+00 0.00000E+00
 1.00000E-03 0.00000E+00 0.00000E+00
 2.00000E-03 0.00000E+00 0.00000E+00
 4.00000E-03 0.00000E+00 0.00000E+00
 7.00000E-03 0.00000E+00 0.00000E+00
 1.00000E-02 0.00000E+00 0.00000E+00
 2.00000E-02 0.00000E+00 0.00000E+00
 4.00000E-02 0.00000E+00 0.00000E+00
 7.00000E-02 0.00000E+00 0.00000E+00
 1.00000E-01 0.00000E+00 0.00000E+00
 2.00000E-01 0.00000E+00 0.00000E+00
 3.00000E-01 0.00000E+00 0.00000E+00
 4.00000E-01 0.00000E+00 0.00000E+00
 5.00000E-01 0.00000E+00 0.00000E+00
 6.00000E-01 0.00000E+00 0.00000E+00
 7.00000E-01 0.00000E+00 0.00000E+00
 8.00000E-01 0.00000E+00 0.00000E+00
 9.00000E-01 0.00000E+00 0.00000E+00
 1.00000E+00 0.00000E+00 0.00000E+00
 1.20000E+00 0.00000E+00 0.00000E+00
 1.40000E+00 0.00000E+00 0.00000E+00
 1.60000E+00 0.00000E+00 0.00000E+00
 1.80000E+00 5.25146E-05 9.69697E-01
 2.00000E+00 3.14057E-04 9.85981E-01
 2.20000E+00 1.43361E-03 9.90779E-01
 2.40000E+00 5.32323E-03 9.92978E-01
 2.60000E+00 1.67514E-02 9.94193E-01
 2.80000E+00 4.60243E-02 9.94949E-01
 3.00000E+00 1.12905E-01 9.95445E-01
 3.20000E+00 2.51724E-01 9.96185E-01
 3.40000E+00 5.16724E-01 9.96513E-01
 3.60000E+00 9.87546E-01 9.96763E-01
 3.80000E+00 1.77294E+00 9.96966E-01
 4.00000E+00 3.01204E+00 9.97170E-01
 4.20000E+00 4.87151E+00 9.97321E-01
 4.40000E+00 7.53980E+00 9.97487E-01
 4.60000E+00 1.12157E+01 9.97608E-01
 4.80000E+00 1.60969E+01 9.97748E-01
 5.00000E+00 2.23639E+01 9.97845E-01
 5.20000E+00 3.01708E+01 9.97953E-01
 5.40000E+00 3.96317E+01 9.98007E-01
 5.60000E+00 5.08253E+01 9.98084E-01
 5.80000E+00 6.37862E+01 9.98111E-01
 6.00000E+00 7.85249E+01 9.98153E-01
 6.20000E+00 9.50184E+01 9.98125E-01
 6.40000E+00 1.13242E+02 9.98104E-01
 6.60000E+00 1.33144E+02 9.97993E-01
 6.80000E+00 1.54689E+02 9.97885E-01
 7.00000E+00 1.77810E+02 9.97705E-01
 7.20000E+00 2.02452E+02 9.97535E-01
 7.40000E+00 2.28503E+02 9.97236E-01
 7.60000E+00 2.55876E+02 9.96925E-01
 7.80000E+00 2.84417E+02 9.96553E-01
 8.00000E+00 3.16744E+02 1.00489E+00
 8.50000E+00 4.52061E+02 1.14988E+00
 9.00000E+00 6.33406E+02 1.33783E+00
 9.50000E+00 8.34177E+02 1.50768E+00
 1.00000E+01 1.03102E+03 1.63524E+00
 1.05000E+01 1.21250E+03 1.72296E+00
 1.10000E+01 1.36920E+03 1.77351E+00
 1.15000E+01 1.51093E+03 1.81032E+00
 1.20000E+01 1.63094E+03 1.83039E+00
 1.25000E+01 1.73503E+03 1.84340E+00
 1.30000E+01 1.82410E+03 1.85067E+00
 1.35000E+01 1.90127E+03 1.85452E+00
 1.40000E+01 1.96823E+03 1.85509E+00
 1.45000E+01 2.02793E+03 1.85368E+00
 1.50000E+01 2.08141E+03 1.85016E+00
 1.60000E+01 2.17710E+03 1.84105E+00
 1.70000E+01 2.25796E+03 1.82907E+00
 1.80000E+01 2.35570E+03 1.84017E+00
 1.90000E+01 2.54381E+03 1.92823E+00
 2.00000E+01 2.78102E+03 2.05618E+00
 2.10000E+01 3.01078E+03 2.17987E+00
 2.20000E+01 3.19848E+03 2.27417E+00
 2.30000E+01 3.34897E+03 2.34312E+00
 2.40000E+01 3.44964E+03 2.37857E+00
 2.50000E+01 3.52183E+03 2.39606E+00
 2.60000E+01 3.58782E+03 2.41122E+00
 2.70000E+01 3.66297E+03 2.43454E+00
 2.80000E+01 3.76118E+03 2.47545E+00
 2.90000E+01 3.87581E+03 2.52979E+00
 3.00000E+01 3.98881E+03 2.58597E+00
 3.20000E+01 4.18721E+03 2.68890E+00
 3.40000E+01 4.31208E+03 2.75225E+00
 3.60000E+01 4.38315E+03 2.78502E+00
 3.80000E+01 4.44700E+03 2.81679E+00
 4.00000E+01 4.52977E+03 2.86575E+00
 4.20000E+01 4.64310E+03 2.93982E+00
 4.40000E+01 4.72325E+03 2.99762E+00
 4.60000E+01 4.78916E+03 3.04953E+00
 4.80000E+01 4.84529E+03 3.09754E+00
 5.00000E+01 4.90266E+03 3.14848E+00
 5.20000E+01 4.94514E+03 3.19202E+00
 5.40000E+01 4.99373E+03 3.24152E+00
 5.60000E+01 5.04863E+03 3.29687E+00
 5.80000E+01 5.08601E+03 3.34214E+00
 6.00000E+01 5.11950E+03 3.38591E+00
