# p + 114Sn Total neutron  production
# Q-value    =-6.84547E+00
# 
# # energies =   103
#    E         xs         Yield
 1.00000E-11 0.00000E+00 0.00000E+00
 2.53000E-08 0.00000E+00 0.00000E+00
 2.00000E-07 0.00000E+00 0.00000E+00
 1.00000E-06 0.00000E+00 0.00000E+00
 1.00000E-05 0.00000E+00 0.00000E+00
 1.00000E-04 0.00000E+00 0.00000E+00
 1.00000E-03 0.00000E+00 0.00000E+00
 2.00000E-03 0.00000E+00 0.00000E+00
 4.00000E-03 0.00000E+00 0.00000E+00
 7.00000E-03 0.00000E+00 0.00000E+00
 1.00000E-02 0.00000E+00 0.00000E+00
 2.00000E-02 0.00000E+00 0.00000E+00
 4.00000E-02 0.00000E+00 0.00000E+00
 7.00000E-02 0.00000E+00 0.00000E+00
 1.00000E-01 0.00000E+00 0.00000E+00
 2.00000E-01 0.00000E+00 0.00000E+00
 3.00000E-01 0.00000E+00 0.00000E+00
 4.00000E-01 0.00000E+00 0.00000E+00
 5.00000E-01 0.00000E+00 0.00000E+00
 6.00000E-01 0.00000E+00 0.00000E+00
 7.00000E-01 0.00000E+00 0.00000E+00
 8.00000E-01 0.00000E+00 0.00000E+00
 9.00000E-01 0.00000E+00 0.00000E+00
 1.00000E+00 0.00000E+00 0.00000E+00
 1.20000E+00 0.00000E+00 0.00000E+00
 1.40000E+00 0.00000E+00 0.00000E+00
 1.60000E+00 0.00000E+00 0.00000E+00
 1.80000E+00 0.00000E+00 0.00000E+00
 2.00000E+00 0.00000E+00 0.00000E+00
 2.20000E+00 0.00000E+00 0.00000E+00
 2.40000E+00 0.00000E+00 0.00000E+00
 2.60000E+00 0.00000E+00 0.00000E+00
 2.80000E+00 0.00000E+00 0.00000E+00
 3.00000E+00 0.00000E+00 0.00000E+00
 3.20000E+00 0.00000E+00 0.00000E+00
 3.40000E+00 0.00000E+00 0.00000E+00
 3.60000E+00 0.00000E+00 0.00000E+00
 3.80000E+00 0.00000E+00 0.00000E+00
 4.00000E+00 0.00000E+00 0.00000E+00
 4.20000E+00 0.00000E+00 0.00000E+00
 4.40000E+00 0.00000E+00 0.00000E+00
 4.60000E+00 0.00000E+00 0.00000E+00
 4.80000E+00 0.00000E+00 0.00000E+00
 5.00000E+00 0.00000E+00 0.00000E+00
 5.20000E+00 0.00000E+00 0.00000E+00
 5.40000E+00 0.00000E+00 0.00000E+00
 5.60000E+00 0.00000E+00 0.00000E+00
 5.80000E+00 0.00000E+00 0.00000E+00
 6.00000E+00 0.00000E+00 0.00000E+00
 6.20000E+00 0.00000E+00 0.00000E+00
 6.40000E+00 0.00000E+00 0.00000E+00
 6.60000E+00 0.00000E+00 0.00000E+00
 6.80000E+00 0.00000E+00 0.00000E+00
 7.00000E+00 3.13721E+01 2.59127E-01
 7.20000E+00 9.58402E+01 5.77892E-01
 7.40000E+00 1.34279E+02 6.69197E-01
 7.60000E+00 1.64337E+02 7.08532E-01
 7.80000E+00 1.90958E+02 7.28961E-01
 8.00000E+00 2.15883E+02 7.41218E-01
 8.50000E+00 2.79781E+02 7.60665E-01
 9.00000E+00 3.34693E+02 7.71342E-01
 9.50000E+00 3.89676E+02 7.81965E-01
 1.00000E+01 4.44973E+02 7.93095E-01
 1.05000E+01 5.00285E+02 8.04078E-01
 1.10000E+01 5.54924E+02 8.13919E-01
 1.15000E+01 6.07767E+02 8.21594E-01
 1.20000E+01 6.57338E+02 8.26313E-01
 1.25000E+01 7.02664E+02 8.28368E-01
 1.30000E+01 7.42978E+02 8.28227E-01
 1.35000E+01 7.77948E+02 8.26442E-01
 1.40000E+01 8.08030E+02 8.23840E-01
 1.45000E+01 8.34420E+02 8.21444E-01
 1.50000E+01 8.59086E+02 8.20609E-01
 1.60000E+01 1.01214E+03 9.19773E-01
 1.70000E+01 1.22335E+03 1.06679E+00
 1.80000E+01 1.40885E+03 1.18501E+00
 1.90000E+01 1.56330E+03 1.27355E+00
 2.00000E+01 1.67296E+03 1.32518E+00
 2.10000E+01 1.74416E+03 1.34846E+00
 2.20000E+01 1.78917E+03 1.35490E+00
 2.30000E+01 1.82364E+03 1.35705E+00
 2.40000E+01 1.84944E+03 1.35624E+00
 2.50000E+01 1.86893E+03 1.35378E+00
 2.60000E+01 1.89034E+03 1.35490E+00
 2.70000E+01 1.92020E+03 1.36343E+00
 2.80000E+01 1.97342E+03 1.38920E+00
 2.90000E+01 2.05221E+03 1.43312E+00
 3.00000E+01 2.13979E+03 1.48331E+00
 3.20000E+01 2.29634E+03 1.57283E+00
 3.40000E+01 2.39371E+03 1.62741E+00
 3.60000E+01 2.44294E+03 1.65522E+00
 3.80000E+01 2.48829E+03 1.68404E+00
 4.00000E+01 2.55191E+03 1.72716E+00
 4.20000E+01 2.63276E+03 1.78377E+00
 4.40000E+01 2.71228E+03 1.84188E+00
 4.60000E+01 2.76321E+03 1.88309E+00
 4.80000E+01 2.81066E+03 1.92401E+00
 5.00000E+01 2.83702E+03 1.95203E+00
 5.20000E+01 2.88554E+03 1.99644E+00
 5.40000E+01 2.92438E+03 2.03524E+00
 5.60000E+01 2.96703E+03 2.07768E+00
 5.80000E+01 3.00954E+03 2.12099E+00
 6.00000E+01 3.03349E+03 2.15199E+00
