# p + 117Sn Total neutron  production
# Q-value    =-2.54053E+00
# 
# # energies =   103
#    E         xs         Yield
 1.00000E-11 0.00000E+00 0.00000E+00
 2.53000E-08 0.00000E+00 0.00000E+00
 2.00000E-07 0.00000E+00 0.00000E+00
 1.00000E-06 0.00000E+00 0.00000E+00
 1.00000E-05 0.00000E+00 0.00000E+00
 1.00000E-04 0.00000E+00 0.00000E+00
 1.00000E-03 0.00000E+00 0.00000E+00
 2.00000E-03 0.00000E+00 0.00000E+00
 4.00000E-03 0.00000E+00 0.00000E+00
 7.00000E-03 0.00000E+00 0.00000E+00
 1.00000E-02 0.00000E+00 0.00000E+00
 2.00000E-02 0.00000E+00 0.00000E+00
 4.00000E-02 0.00000E+00 0.00000E+00
 7.00000E-02 0.00000E+00 0.00000E+00
 1.00000E-01 0.00000E+00 0.00000E+00
 2.00000E-01 0.00000E+00 0.00000E+00
 3.00000E-01 0.00000E+00 0.00000E+00
 4.00000E-01 0.00000E+00 0.00000E+00
 5.00000E-01 0.00000E+00 0.00000E+00
 6.00000E-01 0.00000E+00 0.00000E+00
 7.00000E-01 0.00000E+00 0.00000E+00
 8.00000E-01 0.00000E+00 0.00000E+00
 9.00000E-01 0.00000E+00 0.00000E+00
 1.00000E+00 0.00000E+00 0.00000E+00
 1.20000E+00 0.00000E+00 0.00000E+00
 1.40000E+00 0.00000E+00 0.00000E+00
 1.60000E+00 0.00000E+00 0.00000E+00
 1.80000E+00 0.00000E+00 0.00000E+00
 2.00000E+00 0.00000E+00 0.00000E+00
 2.20000E+00 0.00000E+00 0.00000E+00
 2.40000E+00 0.00000E+00 0.00000E+00
 2.60000E+00 3.04048E-03 2.90924E-01
 2.80000E+00 1.64961E-02 5.68784E-01
 3.00000E+00 4.68028E-02 6.48982E-01
 3.20000E+00 1.15320E-01 7.05395E-01
 3.40000E+00 2.78468E-01 8.12099E-01
 3.60000E+00 5.79890E-01 8.63124E-01
 3.80000E+00 1.09315E+00 8.81512E-01
 4.00000E+00 1.94198E+00 8.94195E-01
 4.20000E+00 3.32751E+00 9.16158E-01
 4.40000E+00 5.41748E+00 9.30093E-01
 4.60000E+00 8.45204E+00 9.40114E-01
 4.80000E+00 1.26963E+01 9.47724E-01
 5.00000E+00 1.84123E+01 9.53083E-01
 5.20000E+00 2.58758E+01 9.57797E-01
 5.40000E+00 3.52937E+01 9.61659E-01
 5.60000E+00 4.67887E+01 9.64530E-01
 5.80000E+00 6.04503E+01 9.67537E-01
 6.00000E+00 7.61429E+01 9.69500E-01
 6.20000E+00 9.38077E+01 9.71892E-01
 6.40000E+00 1.13093E+02 9.73372E-01
 6.60000E+00 1.33871E+02 9.75289E-01
 6.80000E+00 1.55739E+02 9.76530E-01
 7.00000E+00 1.78587E+02 9.77983E-01
 7.20000E+00 2.02136E+02 9.79082E-01
 7.40000E+00 2.26272E+02 9.80002E-01
 7.60000E+00 2.50962E+02 9.81000E-01
 7.80000E+00 2.76000E+02 9.81533E-01
 8.00000E+00 3.01479E+02 9.82158E-01
 8.50000E+00 3.66277E+02 9.82555E-01
 9.00000E+00 4.32005E+02 9.81880E-01
 9.50000E+00 4.97525E+02 9.80213E-01
 1.00000E+01 5.61756E+02 9.77602E-01
 1.05000E+01 6.23996E+02 9.74244E-01
 1.10000E+01 6.83830E+02 9.70544E-01
 1.15000E+01 7.40421E+02 9.66387E-01
 1.20000E+01 7.93002E+02 9.62009E-01
 1.25000E+01 8.40642E+02 9.57413E-01
 1.30000E+01 9.25806E+02 9.99136E-01
 1.35000E+01 1.07550E+03 1.10898E+00
 1.40000E+01 1.25056E+03 1.24069E+00
 1.45000E+01 1.41517E+03 1.35846E+00
 1.50000E+01 1.55977E+03 1.45490E+00
 1.60000E+01 1.77444E+03 1.57641E+00
 1.70000E+01 1.91852E+03 1.63504E+00
 1.80000E+01 2.01733E+03 1.65762E+00
 1.90000E+01 2.08304E+03 1.65796E+00
 2.00000E+01 2.12366E+03 1.64472E+00
 2.10000E+01 2.16006E+03 1.63459E+00
 2.20000E+01 2.21896E+03 1.64668E+00
 2.30000E+01 2.32496E+03 1.69712E+00
 2.40000E+01 2.45647E+03 1.76809E+00
 2.50000E+01 2.60018E+03 1.84875E+00
 2.60000E+01 2.73315E+03 1.92210E+00
 2.70000E+01 2.84687E+03 1.98199E+00
 2.80000E+01 2.93426E+03 2.02383E+00
 2.90000E+01 2.99859E+03 2.05051E+00
 3.00000E+01 3.03901E+03 2.06237E+00
 3.20000E+01 3.08230E+03 2.06766E+00
 3.40000E+01 3.10846E+03 2.07143E+00
 3.60000E+01 3.17567E+03 2.10931E+00
 3.80000E+01 3.27470E+03 2.17153E+00
 4.00000E+01 3.37224E+03 2.23497E+00
 4.20000E+01 3.43891E+03 2.28091E+00
 4.40000E+01 3.49368E+03 2.32251E+00
 4.60000E+01 3.52403E+03 2.35098E+00
 4.80000E+01 3.55602E+03 2.38280E+00
 5.00000E+01 3.59576E+03 2.42144E+00
 5.20000E+01 3.64446E+03 2.46751E+00
 5.40000E+01 3.68174E+03 2.50718E+00
 5.60000E+01 3.71027E+03 2.54208E+00
 5.80000E+01 3.73332E+03 2.57423E+00
 6.00000E+01 3.75974E+03 2.60948E+00
