# p + 120Sn Total neutron  production
# Q-value    =-3.46296E+00
# 
# # energies =   103
#    E         xs         Yield
 1.00000E-11 0.00000E+00 0.00000E+00
 2.53000E-08 0.00000E+00 0.00000E+00
 2.00000E-07 0.00000E+00 0.00000E+00
 1.00000E-06 0.00000E+00 0.00000E+00
 1.00000E-05 0.00000E+00 0.00000E+00
 1.00000E-04 0.00000E+00 0.00000E+00
 1.00000E-03 0.00000E+00 0.00000E+00
 2.00000E-03 0.00000E+00 0.00000E+00
 4.00000E-03 0.00000E+00 0.00000E+00
 7.00000E-03 0.00000E+00 0.00000E+00
 1.00000E-02 0.00000E+00 0.00000E+00
 2.00000E-02 0.00000E+00 0.00000E+00
 4.00000E-02 0.00000E+00 0.00000E+00
 7.00000E-02 0.00000E+00 0.00000E+00
 1.00000E-01 0.00000E+00 0.00000E+00
 2.00000E-01 0.00000E+00 0.00000E+00
 3.00000E-01 0.00000E+00 0.00000E+00
 4.00000E-01 0.00000E+00 0.00000E+00
 5.00000E-01 0.00000E+00 0.00000E+00
 6.00000E-01 0.00000E+00 0.00000E+00
 7.00000E-01 0.00000E+00 0.00000E+00
 8.00000E-01 0.00000E+00 0.00000E+00
 9.00000E-01 0.00000E+00 0.00000E+00
 1.00000E+00 0.00000E+00 0.00000E+00
 1.20000E+00 0.00000E+00 0.00000E+00
 1.40000E+00 0.00000E+00 0.00000E+00
 1.60000E+00 0.00000E+00 0.00000E+00
 1.80000E+00 0.00000E+00 0.00000E+00
 2.00000E+00 0.00000E+00 0.00000E+00
 2.20000E+00 0.00000E+00 0.00000E+00
 2.40000E+00 0.00000E+00 0.00000E+00
 2.60000E+00 0.00000E+00 0.00000E+00
 2.80000E+00 0.00000E+00 0.00000E+00
 3.00000E+00 0.00000E+00 0.00000E+00
 3.20000E+00 0.00000E+00 0.00000E+00
 3.40000E+00 0.00000E+00 0.00000E+00
 3.60000E+00 4.64667E-01 6.03098E-01
 3.80000E+00 1.19981E+00 8.48024E-01
 4.00000E+00 2.28046E+00 9.25794E-01
 4.20000E+00 3.89017E+00 9.51149E-01
 4.40000E+00 6.27067E+00 9.62956E-01
 4.60000E+00 9.68026E+00 9.69793E-01
 4.80000E+00 1.43976E+01 9.74306E-01
 5.00000E+00 2.07057E+01 9.77473E-01
 5.20000E+00 2.88681E+01 9.79764E-01
 5.40000E+00 3.91110E+01 9.81707E-01
 5.60000E+00 5.15741E+01 9.83284E-01
 5.80000E+00 6.62975E+01 9.84489E-01
 6.00000E+00 8.32506E+01 9.85767E-01
 6.20000E+00 1.02251E+02 9.86731E-01
 6.40000E+00 1.23101E+02 9.87707E-01
 6.60000E+00 1.45515E+02 9.88505E-01
 6.80000E+00 1.69240E+02 9.89229E-01
 7.00000E+00 1.94022E+02 9.89821E-01
 7.20000E+00 2.19659E+02 9.90319E-01
 7.40000E+00 2.45974E+02 9.90670E-01
 7.60000E+00 2.72874E+02 9.91009E-01
 7.80000E+00 3.00202E+02 9.91135E-01
 8.00000E+00 3.27950E+02 9.91323E-01
 8.50000E+00 3.98338E+02 9.91166E-01
 9.00000E+00 4.69220E+02 9.90430E-01
 9.50000E+00 5.39260E+02 9.88997E-01
 1.00000E+01 6.07583E+02 9.87130E-01
 1.05000E+01 6.73525E+02 9.84884E-01
 1.10000E+01 8.08568E+02 1.07841E+00
 1.15000E+01 1.01074E+03 1.24392E+00
 1.20000E+01 1.21680E+03 1.39648E+00
 1.25000E+01 1.41045E+03 1.52420E+00
 1.30000E+01 1.57765E+03 1.61939E+00
 1.35000E+01 1.70940E+03 1.67929E+00
 1.40000E+01 1.82616E+03 1.72778E+00
 1.45000E+01 1.91846E+03 1.75685E+00
 1.50000E+01 1.99526E+03 1.77531E+00
 1.60000E+01 2.11720E+03 1.79281E+00
 1.70000E+01 2.21033E+03 1.79445E+00
 1.80000E+01 2.28260E+03 1.78669E+00
 1.90000E+01 2.33843E+03 1.77366E+00
 2.00000E+01 2.37697E+03 1.75501E+00
 2.10000E+01 2.42195E+03 1.74770E+00
 2.20000E+01 2.53953E+03 1.79720E+00
 2.30000E+01 2.74039E+03 1.90741E+00
 2.40000E+01 2.94963E+03 2.02388E+00
 2.50000E+01 3.12639E+03 2.11844E+00
 2.60000E+01 3.26250E+03 2.18600E+00
 2.70000E+01 3.36174E+03 2.22965E+00
 2.80000E+01 3.42814E+03 2.25275E+00
 2.90000E+01 3.48000E+03 2.26797E+00
 3.00000E+01 3.51622E+03 2.27521E+00
 3.20000E+01 3.61563E+03 2.31448E+00
 3.40000E+01 3.76522E+03 2.39442E+00
 3.60000E+01 3.91803E+03 2.48197E+00
 3.80000E+01 4.03165E+03 2.54831E+00
 4.00000E+01 4.10164E+03 2.59060E+00
 4.20000E+01 4.13336E+03 2.61264E+00
 4.40000E+01 4.18164E+03 2.64891E+00
 4.60000E+01 4.23797E+03 2.69339E+00
 4.80000E+01 4.31542E+03 2.75383E+00
 5.00000E+01 4.37329E+03 2.80386E+00
 5.20000E+01 4.41273E+03 2.84389E+00
 5.40000E+01 4.46297E+03 2.89255E+00
 5.60000E+01 4.49430E+03 2.93042E+00
 5.80000E+01 4.52091E+03 2.96638E+00
 6.00000E+01 4.56261E+03 3.01328E+00
