# p + 116Sn Total neutron  production
# Q-value    =-5.48631E+00
# 
# # energies =   103
#    E         xs         Yield
 1.00000E-11 0.00000E+00 0.00000E+00
 2.53000E-08 0.00000E+00 0.00000E+00
 2.00000E-07 0.00000E+00 0.00000E+00
 1.00000E-06 0.00000E+00 0.00000E+00
 1.00000E-05 0.00000E+00 0.00000E+00
 1.00000E-04 0.00000E+00 0.00000E+00
 1.00000E-03 0.00000E+00 0.00000E+00
 2.00000E-03 0.00000E+00 0.00000E+00
 4.00000E-03 0.00000E+00 0.00000E+00
 7.00000E-03 0.00000E+00 0.00000E+00
 1.00000E-02 0.00000E+00 0.00000E+00
 2.00000E-02 0.00000E+00 0.00000E+00
 4.00000E-02 0.00000E+00 0.00000E+00
 7.00000E-02 0.00000E+00 0.00000E+00
 1.00000E-01 0.00000E+00 0.00000E+00
 2.00000E-01 0.00000E+00 0.00000E+00
 3.00000E-01 0.00000E+00 0.00000E+00
 4.00000E-01 0.00000E+00 0.00000E+00
 5.00000E-01 0.00000E+00 0.00000E+00
 6.00000E-01 0.00000E+00 0.00000E+00
 7.00000E-01 0.00000E+00 0.00000E+00
 8.00000E-01 0.00000E+00 0.00000E+00
 9.00000E-01 0.00000E+00 0.00000E+00
 1.00000E+00 0.00000E+00 0.00000E+00
 1.20000E+00 0.00000E+00 0.00000E+00
 1.40000E+00 0.00000E+00 0.00000E+00
 1.60000E+00 0.00000E+00 0.00000E+00
 1.80000E+00 0.00000E+00 0.00000E+00
 2.00000E+00 0.00000E+00 0.00000E+00
 2.20000E+00 0.00000E+00 0.00000E+00
 2.40000E+00 0.00000E+00 0.00000E+00
 2.60000E+00 0.00000E+00 0.00000E+00
 2.80000E+00 0.00000E+00 0.00000E+00
 3.00000E+00 0.00000E+00 0.00000E+00
 3.20000E+00 0.00000E+00 0.00000E+00
 3.40000E+00 0.00000E+00 0.00000E+00
 3.60000E+00 0.00000E+00 0.00000E+00
 3.80000E+00 0.00000E+00 0.00000E+00
 4.00000E+00 0.00000E+00 0.00000E+00
 4.20000E+00 0.00000E+00 0.00000E+00
 4.40000E+00 0.00000E+00 0.00000E+00
 4.60000E+00 0.00000E+00 0.00000E+00
 4.80000E+00 0.00000E+00 0.00000E+00
 5.00000E+00 0.00000E+00 0.00000E+00
 5.20000E+00 0.00000E+00 0.00000E+00
 5.40000E+00 0.00000E+00 0.00000E+00
 5.60000E+00 3.73534E+00 1.23543E-01
 5.80000E+00 3.01441E+01 6.11793E-01
 6.00000E+00 4.44036E+01 6.80371E-01
 6.20000E+00 6.58561E+01 7.80033E-01
 6.40000E+00 8.97232E+01 8.43059E-01
 6.60000E+00 1.13290E+02 8.75672E-01
 6.80000E+00 1.37079E+02 8.95240E-01
 7.00000E+00 1.61219E+02 9.08087E-01
 7.20000E+00 1.85724E+02 9.17235E-01
 7.40000E+00 2.10544E+02 9.24118E-01
 7.60000E+00 2.35657E+02 9.29662E-01
 7.80000E+00 2.60957E+02 9.34059E-01
 8.00000E+00 2.86513E+02 9.37957E-01
 8.50000E+00 3.51094E+02 9.45533E-01
 9.00000E+00 4.16259E+02 9.51054E-01
 9.50000E+00 4.81252E+02 9.54641E-01
 1.00000E+01 5.44549E+02 9.56229E-01
 1.05000E+01 6.05834E+02 9.56053E-01
 1.10000E+01 6.64608E+02 9.54434E-01
 1.15000E+01 7.20297E+02 9.51679E-01
 1.20000E+01 7.72123E+02 9.48052E-01
 1.25000E+01 8.19214E+02 9.43756E-01
 1.30000E+01 8.60852E+02 9.38909E-01
 1.35000E+01 8.97068E+02 9.33931E-01
 1.40000E+01 1.00220E+03 1.00304E+00
 1.45000E+01 1.14048E+03 1.10369E+00
 1.50000E+01 1.28423E+03 1.20713E+00
 1.60000E+01 1.53572E+03 1.37451E+00
 1.70000E+01 1.74361E+03 1.49729E+00
 1.80000E+01 1.89297E+03 1.56747E+00
 1.90000E+01 1.99157E+03 1.59725E+00
 2.00000E+01 2.05142E+03 1.60045E+00
 2.10000E+01 2.09058E+03 1.59303E+00
 2.20000E+01 2.11601E+03 1.58060E+00
 2.30000E+01 2.14097E+03 1.57264E+00
 2.40000E+01 2.16024E+03 1.56445E+00
 2.50000E+01 2.17831E+03 1.55841E+00
 2.60000E+01 2.23467E+03 1.58156E+00
 2.70000E+01 2.33283E+03 1.63487E+00
 2.80000E+01 2.44931E+03 1.70091E+00
 2.90000E+01 2.55614E+03 1.76019E+00
 3.00000E+01 2.65498E+03 1.81443E+00
 3.20000E+01 2.78607E+03 1.88168E+00
 3.40000E+01 2.84828E+03 1.91051E+00
 3.60000E+01 2.90020E+03 1.93899E+00
 3.80000E+01 2.96188E+03 1.97737E+00
 4.00000E+01 3.04964E+03 2.03523E+00
 4.20000E+01 3.13737E+03 2.09554E+00
 4.40000E+01 3.20009E+03 2.14228E+00
 4.60000E+01 3.24225E+03 2.17819E+00
 4.80000E+01 3.27115E+03 2.20737E+00
 5.00000E+01 3.29377E+03 2.23384E+00
 5.20000E+01 3.33312E+03 2.27286E+00
 5.40000E+01 3.38525E+03 2.32184E+00
 5.60000E+01 3.41628E+03 2.35753E+00
 5.80000E+01 3.44998E+03 2.39602E+00
 6.00000E+01 3.49362E+03 2.44231E+00
