# p + 112Sn Total neutron  production
# Q-value    =-7.83843E+00
# 
# # energies =   103
#    E         xs         Yield
 1.00000E-11 0.00000E+00 0.00000E+00
 2.53000E-08 0.00000E+00 0.00000E+00
 2.00000E-07 0.00000E+00 0.00000E+00
 1.00000E-06 0.00000E+00 0.00000E+00
 1.00000E-05 0.00000E+00 0.00000E+00
 1.00000E-04 0.00000E+00 0.00000E+00
 1.00000E-03 0.00000E+00 0.00000E+00
 2.00000E-03 0.00000E+00 0.00000E+00
 4.00000E-03 0.00000E+00 0.00000E+00
 7.00000E-03 0.00000E+00 0.00000E+00
 1.00000E-02 0.00000E+00 0.00000E+00
 2.00000E-02 0.00000E+00 0.00000E+00
 4.00000E-02 0.00000E+00 0.00000E+00
 7.00000E-02 0.00000E+00 0.00000E+00
 1.00000E-01 0.00000E+00 0.00000E+00
 2.00000E-01 0.00000E+00 0.00000E+00
 3.00000E-01 0.00000E+00 0.00000E+00
 4.00000E-01 0.00000E+00 0.00000E+00
 5.00000E-01 0.00000E+00 0.00000E+00
 6.00000E-01 0.00000E+00 0.00000E+00
 7.00000E-01 0.00000E+00 0.00000E+00
 8.00000E-01 0.00000E+00 0.00000E+00
 9.00000E-01 0.00000E+00 0.00000E+00
 1.00000E+00 0.00000E+00 0.00000E+00
 1.20000E+00 0.00000E+00 0.00000E+00
 1.40000E+00 0.00000E+00 0.00000E+00
 1.60000E+00 0.00000E+00 0.00000E+00
 1.80000E+00 0.00000E+00 0.00000E+00
 2.00000E+00 0.00000E+00 0.00000E+00
 2.20000E+00 0.00000E+00 0.00000E+00
 2.40000E+00 0.00000E+00 0.00000E+00
 2.60000E+00 0.00000E+00 0.00000E+00
 2.80000E+00 0.00000E+00 0.00000E+00
 3.00000E+00 0.00000E+00 0.00000E+00
 3.20000E+00 0.00000E+00 0.00000E+00
 3.40000E+00 0.00000E+00 0.00000E+00
 3.60000E+00 0.00000E+00 0.00000E+00
 3.80000E+00 0.00000E+00 0.00000E+00
 4.00000E+00 0.00000E+00 0.00000E+00
 4.20000E+00 0.00000E+00 0.00000E+00
 4.40000E+00 0.00000E+00 0.00000E+00
 4.60000E+00 0.00000E+00 0.00000E+00
 4.80000E+00 0.00000E+00 0.00000E+00
 5.00000E+00 0.00000E+00 0.00000E+00
 5.20000E+00 0.00000E+00 0.00000E+00
 5.40000E+00 0.00000E+00 0.00000E+00
 5.60000E+00 0.00000E+00 0.00000E+00
 5.80000E+00 0.00000E+00 0.00000E+00
 6.00000E+00 0.00000E+00 0.00000E+00
 6.20000E+00 0.00000E+00 0.00000E+00
 6.40000E+00 0.00000E+00 0.00000E+00
 6.60000E+00 0.00000E+00 0.00000E+00
 6.80000E+00 0.00000E+00 0.00000E+00
 7.00000E+00 0.00000E+00 0.00000E+00
 7.20000E+00 0.00000E+00 0.00000E+00
 7.40000E+00 0.00000E+00 0.00000E+00
 7.60000E+00 0.00000E+00 0.00000E+00
 7.80000E+00 0.00000E+00 0.00000E+00
 8.00000E+00 1.01052E+01 3.90785E-02
 8.50000E+00 1.25274E+02 3.58308E-01
 9.00000E+00 2.11015E+02 4.96348E-01
 9.50000E+00 2.74635E+02 5.58093E-01
 1.00000E+01 3.24225E+02 5.85039E-01
 1.05000E+01 3.64832E+02 5.95018E-01
 1.10000E+01 3.99407E+02 5.96203E-01
 1.15000E+01 4.30244E+02 5.93442E-01
 1.20000E+01 4.58340E+02 5.88861E-01
 1.25000E+01 4.84726E+02 5.84390E-01
 1.30000E+01 5.09705E+02 5.80849E-01
 1.35000E+01 5.34088E+02 5.79412E-01
 1.40000E+01 5.57410E+02 5.79565E-01
 1.45000E+01 5.80150E+02 5.81623E-01
 1.50000E+01 6.03743E+02 5.86613E-01
 1.60000E+01 6.62427E+02 6.11508E-01
 1.70000E+01 7.44990E+02 6.59838E-01
 1.80000E+01 8.76789E+02 7.49290E-01
 1.90000E+01 1.00280E+03 8.30152E-01
 2.00000E+01 1.11138E+03 8.94409E-01
 2.10000E+01 1.20743E+03 9.47926E-01
 2.20000E+01 1.28190E+03 9.85015E-01
 2.30000E+01 1.33793E+03 1.00941E+00
 2.40000E+01 1.38040E+03 1.02561E+00
 2.50000E+01 1.41076E+03 1.03495E+00
 2.60000E+01 1.44433E+03 1.04842E+00
 2.70000E+01 1.48660E+03 1.06934E+00
 2.80000E+01 1.54322E+03 1.10109E+00
 2.90000E+01 1.61285E+03 1.14218E+00
 3.00000E+01 1.69248E+03 1.19025E+00
 3.20000E+01 1.84093E+03 1.27937E+00
 3.40000E+01 1.94720E+03 1.34263E+00
 3.60000E+01 2.00683E+03 1.37860E+00
 3.80000E+01 2.04424E+03 1.40292E+00
 4.00000E+01 2.09253E+03 1.43666E+00
 4.20000E+01 2.16394E+03 1.48769E+00
 4.40000E+01 2.23861E+03 1.54273E+00
 4.60000E+01 2.29943E+03 1.59024E+00
 4.80000E+01 2.33744E+03 1.62382E+00
 5.00000E+01 2.36984E+03 1.65487E+00
 5.20000E+01 2.39197E+03 1.67975E+00
 5.40000E+01 2.43678E+03 1.72144E+00
 5.60000E+01 2.47762E+03 1.76119E+00
 5.80000E+01 2.50469E+03 1.79190E+00
 6.00000E+01 2.55072E+03 1.83691E+00
