# p + 119Sn Total neutron  production
# Q-value    =-1.37180E+00
# 
# # energies =   103
#    E         xs         Yield
 1.00000E-11 0.00000E+00 0.00000E+00
 2.53000E-08 0.00000E+00 0.00000E+00
 2.00000E-07 0.00000E+00 0.00000E+00
 1.00000E-06 0.00000E+00 0.00000E+00
 1.00000E-05 0.00000E+00 0.00000E+00
 1.00000E-04 0.00000E+00 0.00000E+00
 1.00000E-03 0.00000E+00 0.00000E+00
 2.00000E-03 0.00000E+00 0.00000E+00
 4.00000E-03 0.00000E+00 0.00000E+00
 7.00000E-03 0.00000E+00 0.00000E+00
 1.00000E-02 0.00000E+00 0.00000E+00
 2.00000E-02 0.00000E+00 0.00000E+00
 4.00000E-02 0.00000E+00 0.00000E+00
 7.00000E-02 0.00000E+00 0.00000E+00
 1.00000E-01 0.00000E+00 0.00000E+00
 2.00000E-01 0.00000E+00 0.00000E+00
 3.00000E-01 0.00000E+00 0.00000E+00
 4.00000E-01 0.00000E+00 0.00000E+00
 5.00000E-01 0.00000E+00 0.00000E+00
 6.00000E-01 0.00000E+00 0.00000E+00
 7.00000E-01 0.00000E+00 0.00000E+00
 8.00000E-01 0.00000E+00 0.00000E+00
 9.00000E-01 0.00000E+00 0.00000E+00
 1.00000E+00 0.00000E+00 0.00000E+00
 1.20000E+00 0.00000E+00 0.00000E+00
 1.40000E+00 0.00000E+00 0.00000E+00
 1.60000E+00 0.00000E+00 0.00000E+00
 1.80000E+00 2.63422E-05 6.99925E-01
 2.00000E+00 1.66892E-04 7.53141E-01
 2.20000E+00 9.12180E-04 9.02293E-01
 2.40000E+00 3.47130E-03 9.20754E-01
 2.60000E+00 1.10578E-02 9.24792E-01
 2.80000E+00 3.10749E-02 9.35625E-01
 3.00000E+00 7.85326E-02 9.50600E-01
 3.20000E+00 1.79788E-01 9.60370E-01
 3.40000E+00 3.78732E-01 9.66835E-01
 3.60000E+00 7.43421E-01 9.71741E-01
 3.80000E+00 1.37246E+00 9.75664E-01
 4.00000E+00 2.39897E+00 9.78421E-01
 4.20000E+00 3.99704E+00 9.81020E-01
 4.40000E+00 6.37526E+00 9.83132E-01
 4.60000E+00 9.77116E+00 9.84763E-01
 4.80000E+00 1.44427E+01 9.86400E-01
 5.00000E+00 2.06303E+01 9.87499E-01
 5.20000E+00 2.85637E+01 9.88766E-01
 5.40000E+00 3.83869E+01 9.89578E-01
 5.60000E+00 5.02038E+01 9.90557E-01
 5.80000E+00 6.39891E+01 9.91221E-01
 6.00000E+00 7.96701E+01 9.91870E-01
 6.20000E+00 9.70969E+01 9.92500E-01
 6.40000E+00 1.16045E+02 9.92795E-01
 6.60000E+00 1.36382E+02 9.93342E-01
 6.80000E+00 1.57852E+02 9.93554E-01
 7.00000E+00 1.80327E+02 9.93678E-01
 7.20000E+00 2.03728E+02 9.93907E-01
 7.40000E+00 2.27875E+02 9.93798E-01
 7.60000E+00 2.52758E+02 9.93658E-01
 7.80000E+00 2.78312E+02 9.93466E-01
 8.00000E+00 3.04437E+02 9.93108E-01
 8.50000E+00 3.71792E+02 9.91766E-01
 9.00000E+00 4.40871E+02 9.89775E-01
 9.50000E+00 5.09978E+02 9.87050E-01
 1.00000E+01 5.77857E+02 9.83955E-01
 1.05000E+01 6.43408E+02 9.80430E-01
 1.10000E+01 7.05857E+02 9.76662E-01
 1.15000E+01 8.29203E+02 1.05527E+00
 1.20000E+01 1.02170E+03 1.20999E+00
 1.25000E+01 1.22391E+03 1.36334E+00
 1.30000E+01 1.40916E+03 1.49058E+00
 1.35000E+01 1.55921E+03 1.57899E+00
 1.40000E+01 1.68494E+03 1.64442E+00
 1.45000E+01 1.78435E+03 1.68685E+00
 1.50000E+01 1.86462E+03 1.71393E+00
 1.60000E+01 1.98792E+03 1.74059E+00
 1.70000E+01 2.07867E+03 1.74527E+00
 1.80000E+01 2.14686E+03 1.73765E+00
 1.90000E+01 2.19822E+03 1.72401E+00
 2.00000E+01 2.27164E+03 1.73473E+00
 2.10000E+01 2.40312E+03 1.79448E+00
 2.20000E+01 2.57042E+03 1.88354E+00
 2.30000E+01 2.75105E+03 1.98373E+00
 2.40000E+01 2.90130E+03 2.06300E+00
 2.50000E+01 3.01963E+03 2.12050E+00
 2.60000E+01 3.11298E+03 2.16129E+00
 2.70000E+01 3.17696E+03 2.18260E+00
 2.80000E+01 3.22555E+03 2.19459E+00
 2.90000E+01 3.25187E+03 2.19327E+00
 3.00000E+01 3.27943E+03 2.19523E+00
 3.20000E+01 3.34515E+03 2.21470E+00
 3.40000E+01 3.46917E+03 2.28259E+00
 3.60000E+01 3.61482E+03 2.37026E+00
 3.80000E+01 3.75411E+03 2.45646E+00
 4.00000E+01 3.82196E+03 2.49865E+00
 4.20000E+01 3.88414E+03 2.54108E+00
 4.40000E+01 3.93999E+03 2.58355E+00
 4.60000E+01 4.00208E+03 2.63354E+00
 4.80000E+01 4.04347E+03 2.67228E+00
 5.00000E+01 4.08765E+03 2.71460E+00
 5.20000E+01 4.12093E+03 2.75125E+00
 5.40000E+01 4.14639E+03 2.78410E+00
 5.60000E+01 4.15294E+03 2.80549E+00
 5.80000E+01 4.18370E+03 2.84427E+00
 6.00000E+01 4.21612E+03 2.88509E+00
