# p + 115Sn Total neutron  production
# Q-value    =-3.81279E+00
# 
# # energies =   103
#    E         xs         Yield
 1.00000E-11 0.00000E+00 0.00000E+00
 2.53000E-08 0.00000E+00 0.00000E+00
 2.00000E-07 0.00000E+00 0.00000E+00
 1.00000E-06 0.00000E+00 0.00000E+00
 1.00000E-05 0.00000E+00 0.00000E+00
 1.00000E-04 0.00000E+00 0.00000E+00
 1.00000E-03 0.00000E+00 0.00000E+00
 2.00000E-03 0.00000E+00 0.00000E+00
 4.00000E-03 0.00000E+00 0.00000E+00
 7.00000E-03 0.00000E+00 0.00000E+00
 1.00000E-02 0.00000E+00 0.00000E+00
 2.00000E-02 0.00000E+00 0.00000E+00
 4.00000E-02 0.00000E+00 0.00000E+00
 7.00000E-02 0.00000E+00 0.00000E+00
 1.00000E-01 0.00000E+00 0.00000E+00
 2.00000E-01 0.00000E+00 0.00000E+00
 3.00000E-01 0.00000E+00 0.00000E+00
 4.00000E-01 0.00000E+00 0.00000E+00
 5.00000E-01 0.00000E+00 0.00000E+00
 6.00000E-01 0.00000E+00 0.00000E+00
 7.00000E-01 0.00000E+00 0.00000E+00
 8.00000E-01 0.00000E+00 0.00000E+00
 9.00000E-01 0.00000E+00 0.00000E+00
 1.00000E+00 0.00000E+00 0.00000E+00
 1.20000E+00 0.00000E+00 0.00000E+00
 1.40000E+00 0.00000E+00 0.00000E+00
 1.60000E+00 0.00000E+00 0.00000E+00
 1.80000E+00 0.00000E+00 0.00000E+00
 2.00000E+00 0.00000E+00 0.00000E+00
 2.20000E+00 0.00000E+00 0.00000E+00
 2.40000E+00 0.00000E+00 0.00000E+00
 2.60000E+00 0.00000E+00 0.00000E+00
 2.80000E+00 0.00000E+00 0.00000E+00
 3.00000E+00 0.00000E+00 0.00000E+00
 3.20000E+00 0.00000E+00 0.00000E+00
 3.40000E+00 0.00000E+00 0.00000E+00
 3.60000E+00 0.00000E+00 0.00000E+00
 3.80000E+00 0.00000E+00 0.00000E+00
 4.00000E+00 8.86979E-01 4.92458E-01
 4.20000E+00 1.81001E+00 5.99240E-01
 4.40000E+00 3.10681E+00 6.41866E-01
 4.60000E+00 4.94679E+00 6.63162E-01
 4.80000E+00 8.78309E+00 7.67724E-01
 5.00000E+00 1.34232E+01 8.02666E-01
 5.20000E+00 1.94712E+01 8.22323E-01
 5.40000E+00 2.67272E+01 8.24137E-01
 5.60000E+00 3.57572E+01 8.24922E-01
 5.80000E+00 4.76034E+01 8.39524E-01
 6.00000E+00 6.25857E+01 8.61973E-01
 6.20000E+00 7.99629E+01 8.80851E-01
 6.40000E+00 9.92466E+01 8.94571E-01
 6.60000E+00 1.20204E+02 9.05310E-01
 6.80000E+00 1.42527E+02 9.14073E-01
 7.00000E+00 1.65697E+02 9.20300E-01
 7.20000E+00 1.89677E+02 9.25962E-01
 7.40000E+00 2.13874E+02 9.29546E-01
 7.60000E+00 2.38466E+02 9.32921E-01
 7.80000E+00 2.62994E+02 9.34843E-01
 8.00000E+00 2.87683E+02 9.36595E-01
 8.50000E+00 3.48941E+02 9.37896E-01
 9.00000E+00 4.09427E+02 9.36480E-01
 9.50000E+00 4.68154E+02 9.33188E-01
 1.00000E+01 5.24985E+02 9.28707E-01
 1.05000E+01 5.79789E+02 9.23615E-01
 1.10000E+01 6.32421E+02 9.18147E-01
 1.15000E+01 6.82503E+02 9.12358E-01
 1.20000E+01 7.29841E+02 9.06854E-01
 1.25000E+01 7.73996E+02 9.02014E-01
 1.30000E+01 8.14256E+02 8.97759E-01
 1.35000E+01 8.50302E+02 8.94106E-01
 1.40000E+01 8.82461E+02 8.91286E-01
 1.45000E+01 9.11214E+02 8.89268E-01
 1.50000E+01 9.80460E+02 9.28933E-01
 1.60000E+01 1.24279E+03 1.12075E+00
 1.70000E+01 1.47402E+03 1.27550E+00
 1.80000E+01 1.63322E+03 1.36297E+00
 1.90000E+01 1.74134E+03 1.40745E+00
 2.00000E+01 1.80960E+03 1.42244E+00
 2.10000E+01 1.86148E+03 1.42862E+00
 2.20000E+01 1.89678E+03 1.42643E+00
 2.30000E+01 1.93764E+03 1.43244E+00
 2.40000E+01 1.97833E+03 1.44164E+00
 2.50000E+01 2.03818E+03 1.46722E+00
 2.60000E+01 2.12329E+03 1.51228E+00
 2.70000E+01 2.22047E+03 1.56638E+00
 2.80000E+01 2.32225E+03 1.62370E+00
 2.90000E+01 2.41773E+03 1.67658E+00
 3.00000E+01 2.49499E+03 1.71722E+00
 3.20000E+01 2.59969E+03 1.76803E+00
 3.40000E+01 2.65372E+03 1.79193E+00
 3.60000E+01 2.68819E+03 1.80919E+00
 3.80000E+01 2.74826E+03 1.84727E+00
 4.00000E+01 2.82876E+03 1.90106E+00
 4.20000E+01 2.91573E+03 1.96137E+00
 4.40000E+01 2.97505E+03 2.00582E+00
 4.60000E+01 3.02544E+03 2.04701E+00
 4.80000E+01 3.05663E+03 2.07736E+00
 5.00000E+01 3.09861E+03 2.11659E+00
 5.20000E+01 3.13961E+03 2.15641E+00
 5.40000E+01 3.18587E+03 2.20100E+00
 5.60000E+01 3.22991E+03 2.24519E+00
 5.80000E+01 3.26129E+03 2.28155E+00
 6.00000E+01 3.29409E+03 2.31968E+00
