# p + 118Sn Total neutron  production
# Q-value    =-4.43899E+00
# 
# # energies =   103
#    E         xs         Yield
 1.00000E-11 0.00000E+00 0.00000E+00
 2.53000E-08 0.00000E+00 0.00000E+00
 2.00000E-07 0.00000E+00 0.00000E+00
 1.00000E-06 0.00000E+00 0.00000E+00
 1.00000E-05 0.00000E+00 0.00000E+00
 1.00000E-04 0.00000E+00 0.00000E+00
 1.00000E-03 0.00000E+00 0.00000E+00
 2.00000E-03 0.00000E+00 0.00000E+00
 4.00000E-03 0.00000E+00 0.00000E+00
 7.00000E-03 0.00000E+00 0.00000E+00
 1.00000E-02 0.00000E+00 0.00000E+00
 2.00000E-02 0.00000E+00 0.00000E+00
 4.00000E-02 0.00000E+00 0.00000E+00
 7.00000E-02 0.00000E+00 0.00000E+00
 1.00000E-01 0.00000E+00 0.00000E+00
 2.00000E-01 0.00000E+00 0.00000E+00
 3.00000E-01 0.00000E+00 0.00000E+00
 4.00000E-01 0.00000E+00 0.00000E+00
 5.00000E-01 0.00000E+00 0.00000E+00
 6.00000E-01 0.00000E+00 0.00000E+00
 7.00000E-01 0.00000E+00 0.00000E+00
 8.00000E-01 0.00000E+00 0.00000E+00
 9.00000E-01 0.00000E+00 0.00000E+00
 1.00000E+00 0.00000E+00 0.00000E+00
 1.20000E+00 0.00000E+00 0.00000E+00
 1.40000E+00 0.00000E+00 0.00000E+00
 1.60000E+00 0.00000E+00 0.00000E+00
 1.80000E+00 0.00000E+00 0.00000E+00
 2.00000E+00 0.00000E+00 0.00000E+00
 2.20000E+00 0.00000E+00 0.00000E+00
 2.40000E+00 0.00000E+00 0.00000E+00
 2.60000E+00 0.00000E+00 0.00000E+00
 2.80000E+00 0.00000E+00 0.00000E+00
 3.00000E+00 0.00000E+00 0.00000E+00
 3.20000E+00 0.00000E+00 0.00000E+00
 3.40000E+00 0.00000E+00 0.00000E+00
 3.60000E+00 0.00000E+00 0.00000E+00
 3.80000E+00 0.00000E+00 0.00000E+00
 4.00000E+00 0.00000E+00 0.00000E+00
 4.20000E+00 0.00000E+00 0.00000E+00
 4.40000E+00 0.00000E+00 0.00000E+00
 4.60000E+00 5.18123E+00 5.86187E-01
 4.80000E+00 1.06684E+01 7.89132E-01
 5.00000E+00 1.71367E+01 8.71803E-01
 5.20000E+00 2.48535E+01 9.04093E-01
 5.40000E+00 3.43308E+01 9.21563E-01
 5.60000E+00 4.57852E+01 9.33035E-01
 5.80000E+00 5.92724E+01 9.41318E-01
 6.00000E+00 7.47274E+01 9.47529E-01
 6.20000E+00 9.20389E+01 9.52717E-01
 6.40000E+00 1.10988E+02 9.56989E-01
 6.60000E+00 1.31324E+02 9.60418E-01
 6.80000E+00 1.52898E+02 9.63698E-01
 7.00000E+00 1.75440E+02 9.66378E-01
 7.20000E+00 1.98854E+02 9.68886E-01
 7.40000E+00 2.23017E+02 9.71177E-01
 7.60000E+00 2.47803E+02 9.73116E-01
 7.80000E+00 2.73198E+02 9.74932E-01
 8.00000E+00 2.99077E+02 9.76399E-01
 8.50000E+00 3.65545E+02 9.79061E-01
 9.00000E+00 4.33507E+02 9.80306E-01
 9.50000E+00 5.01505E+02 9.80208E-01
 1.00000E+01 5.68364E+02 9.79049E-01
 1.05000E+01 6.33168E+02 9.77086E-01
 1.10000E+01 6.95202E+02 9.74488E-01
 1.15000E+01 7.53633E+02 9.71376E-01
 1.20000E+01 8.10356E+02 9.71253E-01
 1.25000E+01 9.44225E+02 1.06336E+00
 1.30000E+01 1.11830E+03 1.19460E+00
 1.35000E+01 1.29638E+03 1.32446E+00
 1.40000E+01 1.46130E+03 1.43765E+00
 1.45000E+01 1.60204E+03 1.52590E+00
 1.50000E+01 1.71620E+03 1.58896E+00
 1.60000E+01 1.89444E+03 1.67076E+00
 1.70000E+01 2.01865E+03 1.70752E+00
 1.80000E+01 2.10897E+03 1.71981E+00
 1.90000E+01 2.17414E+03 1.71762E+00
 2.00000E+01 2.21617E+03 1.70417E+00
 2.10000E+01 2.25010E+03 1.69128E+00
 2.20000E+01 2.27515E+03 1.67763E+00
 2.30000E+01 2.31836E+03 1.68192E+00
 2.40000E+01 2.41076E+03 1.72466E+00
 2.50000E+01 2.55449E+03 1.80506E+00
 2.60000E+01 2.71815E+03 1.89936E+00
 2.70000E+01 2.86560E+03 1.98185E+00
 2.80000E+01 2.98775E+03 2.04670E+00
 2.90000E+01 3.07482E+03 2.08814E+00
 3.00000E+01 3.13994E+03 2.11620E+00
 3.20000E+01 3.21478E+03 2.14226E+00
 3.40000E+01 3.27851E+03 2.17079E+00
 3.60000E+01 3.38189E+03 2.23180E+00
 3.80000E+01 3.51246E+03 2.31366E+00
 4.00000E+01 3.61296E+03 2.37813E+00
 4.20000E+01 3.66936E+03 2.41701E+00
 4.40000E+01 3.70206E+03 2.44412E+00
 4.60000E+01 3.71060E+03 2.45842E+00
 4.80000E+01 3.74565E+03 2.49250E+00
 5.00000E+01 3.78610E+03 2.53183E+00
 5.20000E+01 3.83902E+03 2.58098E+00
 5.40000E+01 3.87293E+03 2.61877E+00
 5.60000E+01 3.89260E+03 2.64815E+00
 5.80000E+01 3.93403E+03 2.69340E+00
 6.00000E+01 3.95976E+03 2.72882E+00
