# p + 122Sn Total neutron  production
# Q-value    =-2.38810E+00
# 
# # energies =   103
#    E         xs         Yield
 1.00000E-11 0.00000E+00 0.00000E+00
 2.53000E-08 0.00000E+00 0.00000E+00
 2.00000E-07 0.00000E+00 0.00000E+00
 1.00000E-06 0.00000E+00 0.00000E+00
 1.00000E-05 0.00000E+00 0.00000E+00
 1.00000E-04 0.00000E+00 0.00000E+00
 1.00000E-03 0.00000E+00 0.00000E+00
 2.00000E-03 0.00000E+00 0.00000E+00
 4.00000E-03 0.00000E+00 0.00000E+00
 7.00000E-03 0.00000E+00 0.00000E+00
 1.00000E-02 0.00000E+00 0.00000E+00
 2.00000E-02 0.00000E+00 0.00000E+00
 4.00000E-02 0.00000E+00 0.00000E+00
 7.00000E-02 0.00000E+00 0.00000E+00
 1.00000E-01 0.00000E+00 0.00000E+00
 2.00000E-01 0.00000E+00 0.00000E+00
 3.00000E-01 0.00000E+00 0.00000E+00
 4.00000E-01 0.00000E+00 0.00000E+00
 5.00000E-01 0.00000E+00 0.00000E+00
 6.00000E-01 0.00000E+00 0.00000E+00
 7.00000E-01 0.00000E+00 0.00000E+00
 8.00000E-01 0.00000E+00 0.00000E+00
 9.00000E-01 0.00000E+00 0.00000E+00
 1.00000E+00 0.00000E+00 0.00000E+00
 1.20000E+00 0.00000E+00 0.00000E+00
 1.40000E+00 0.00000E+00 0.00000E+00
 1.60000E+00 0.00000E+00 0.00000E+00
 1.80000E+00 0.00000E+00 0.00000E+00
 2.00000E+00 0.00000E+00 0.00000E+00
 2.20000E+00 0.00000E+00 0.00000E+00
 2.40000E+00 0.00000E+00 0.00000E+00
 2.60000E+00 1.14381E-02 7.75895E-01
 2.80000E+00 3.80959E-02 9.34460E-01
 3.00000E+00 9.75737E-02 9.68021E-01
 3.20000E+00 2.21910E-01 9.78962E-01
 3.40000E+00 4.62498E-01 9.84130E-01
 3.60000E+00 8.96253E-01 9.87098E-01
 3.80000E+00 1.63065E+00 9.88992E-01
 4.00000E+00 2.80675E+00 9.90295E-01
 4.20000E+00 4.59848E+00 9.91310E-01
 4.40000E+00 7.20634E+00 9.92078E-01
 4.60000E+00 1.08468E+01 9.92655E-01
 4.80000E+00 1.57394E+01 9.93234E-01
 5.00000E+00 2.20825E+01 9.93669E-01
 5.20000E+00 3.00431E+01 9.94088E-01
 5.40000E+00 3.97369E+01 9.94471E-01
 5.60000E+00 5.12203E+01 9.94769E-01
 5.80000E+00 6.45022E+01 9.95090E-01
 6.00000E+00 7.95303E+01 9.95281E-01
 6.20000E+00 9.62410E+01 9.95493E-01
 6.40000E+00 1.14534E+02 9.95606E-01
 6.60000E+00 1.34325E+02 9.95698E-01
 6.80000E+00 1.55530E+02 9.95752E-01
 7.00000E+00 1.78055E+02 9.95691E-01
 7.20000E+00 2.01855E+02 9.95656E-01
 7.40000E+00 2.26814E+02 9.95435E-01
 7.60000E+00 2.52897E+02 9.95250E-01
 7.80000E+00 2.79976E+02 9.94952E-01
 8.00000E+00 3.07916E+02 9.94529E-01
 8.50000E+00 3.80740E+02 9.93118E-01
 9.00000E+00 4.55691E+02 9.91033E-01
 9.50000E+00 5.56043E+02 1.03631E+00
 1.00000E+01 7.34006E+02 1.19989E+00
 1.05000E+01 9.50892E+02 1.39022E+00
 1.10000E+01 1.15448E+03 1.53461E+00
 1.15000E+01 1.33019E+03 1.63070E+00
 1.20000E+01 1.48966E+03 1.70548E+00
 1.25000E+01 1.61668E+03 1.74756E+00
 1.30000E+01 1.72866E+03 1.78063E+00
 1.35000E+01 1.81910E+03 1.79891E+00
 1.40000E+01 1.89523E+03 1.80965E+00
 1.45000E+01 1.96103E+03 1.81563E+00
 1.50000E+01 2.01889E+03 1.81804E+00
 1.60000E+01 2.11653E+03 1.81454E+00
 1.70000E+01 2.19824E+03 1.80592E+00
 1.80000E+01 2.26438E+03 1.79344E+00
 1.90000E+01 2.31631E+03 1.77905E+00
 2.00000E+01 2.40298E+03 1.79904E+00
 2.10000E+01 2.58002E+03 1.89068E+00
 2.20000E+01 2.79594E+03 2.01184E+00
 2.30000E+01 3.00715E+03 2.12957E+00
 2.40000E+01 3.17182E+03 2.21434E+00
 2.50000E+01 3.29237E+03 2.26874E+00
 2.60000E+01 3.37568E+03 2.29843E+00
 2.70000E+01 3.43777E+03 2.31511E+00
 2.80000E+01 3.49132E+03 2.32801E+00
 2.90000E+01 3.55553E+03 2.35053E+00
 3.00000E+01 3.64110E+03 2.38998E+00
 3.20000E+01 3.82564E+03 2.48602E+00
 3.40000E+01 3.99569E+03 2.58106E+00
 3.60000E+01 4.11203E+03 2.64562E+00
 3.80000E+01 4.18024E+03 2.68206E+00
 4.00000E+01 4.22369E+03 2.70678E+00
 4.20000E+01 4.30188E+03 2.75891E+00
 4.40000E+01 4.38497E+03 2.81883E+00
 4.60000E+01 4.46951E+03 2.88306E+00
 4.80000E+01 4.51963E+03 2.92741E+00
 5.00000E+01 4.56443E+03 2.97024E+00
 5.20000E+01 4.61511E+03 3.01880E+00
 5.40000E+01 4.64359E+03 3.05463E+00
 5.60000E+01 4.67024E+03 3.09075E+00
 5.80000E+01 4.72038E+03 3.14367E+00
 6.00000E+01 4.75651E+03 3.18833E+00
