# p + 122Sn Total proton   production
# Q-value    = 0.00000E+00
# 
# # energies =   103
#    E         xs         Yield
 1.00000E-11 0.00000E+00 0.00000E+00
 2.53000E-08 0.00000E+00 0.00000E+00
 2.00000E-07 0.00000E+00 0.00000E+00
 1.00000E-06 0.00000E+00 0.00000E+00
 1.00000E-05 0.00000E+00 0.00000E+00
 1.00000E-04 0.00000E+00 0.00000E+00
 1.00000E-03 0.00000E+00 0.00000E+00
 2.00000E-03 0.00000E+00 0.00000E+00
 4.00000E-03 0.00000E+00 0.00000E+00
 7.00000E-03 0.00000E+00 0.00000E+00
 1.00000E-02 0.00000E+00 0.00000E+00
 2.00000E-02 0.00000E+00 0.00000E+00
 4.00000E-02 0.00000E+00 0.00000E+00
 7.00000E-02 0.00000E+00 0.00000E+00
 1.00000E-01 0.00000E+00 0.00000E+00
 2.00000E-01 0.00000E+00 0.00000E+00
 3.00000E-01 0.00000E+00 0.00000E+00
 4.00000E-01 0.00000E+00 0.00000E+00
 5.00000E-01 0.00000E+00 0.00000E+00
 6.00000E-01 0.00000E+00 0.00000E+00
 7.00000E-01 0.00000E+00 0.00000E+00
 8.00000E-01 0.00000E+00 0.00000E+00
 9.00000E-01 0.00000E+00 0.00000E+00
 1.00000E+00 0.00000E+00 0.00000E+00
 1.20000E+00 0.00000E+00 0.00000E+00
 1.40000E+00 0.00000E+00 0.00000E+00
 1.60000E+00 0.00000E+00 0.00000E+00
 1.80000E+00 1.30780E-24 2.80851E-20
 2.00000E+00 1.60074E-20 5.82891E-17
 2.20000E+00 1.47169E-17 1.17529E-14
 2.40000E+00 2.46723E-10 5.29278E-08
 2.60000E+00 8.79048E-10 5.96298E-08
 2.80000E+00 1.55380E-09 3.81134E-08
 3.00000E+00 6.08034E-09 6.03226E-08
 3.20000E+00 1.12526E-06 4.96412E-06
 3.40000E+00 1.01574E-06 2.16134E-06
 3.60000E+00 1.42080E-06 1.56482E-06
 3.80000E+00 3.04003E-06 1.84379E-06
 4.00000E+00 8.74048E-06 3.08387E-06
 4.20000E+00 2.65308E-05 5.71934E-06
 4.40000E+00 7.65387E-05 1.05369E-05
 4.60000E+00 2.04246E-04 1.86917E-05
 4.80000E+00 5.03213E-04 3.17552E-05
 5.00000E+00 1.15010E-03 5.17524E-05
 5.20000E+00 2.45424E-03 8.12076E-05
 5.40000E+00 4.94168E-03 1.23672E-04
 5.60000E+00 9.29469E-03 1.80516E-04
 5.80000E+00 1.66210E-02 2.56415E-04
 6.00000E+00 2.83360E-02 3.54610E-04
 6.20000E+00 4.61460E-02 4.77323E-04
 6.40000E+00 7.24649E-02 6.29911E-04
 6.60000E+00 1.09794E-01 8.13861E-04
 6.80000E+00 1.61459E-01 1.03371E-03
 7.00000E+00 2.31367E-01 1.29381E-03
 7.20000E+00 3.23860E-01 1.59745E-03
 7.40000E+00 4.45439E-01 1.95493E-03
 7.60000E+00 6.01348E-01 2.36654E-03
 7.80000E+00 8.02873E-01 2.85317E-03
 8.00000E+00 1.05333E+00 3.40213E-03
 8.50000E+00 1.97250E+00 5.14505E-03
 9.00000E+00 3.41183E+00 7.42002E-03
 9.50000E+00 5.46304E+00 1.01816E-02
 1.00000E+01 8.15112E+00 1.33247E-02
 1.05000E+01 1.14437E+01 1.67309E-02
 1.10000E+01 1.52750E+01 2.03045E-02
 1.15000E+01 1.95666E+01 2.39871E-02
 1.20000E+01 2.42401E+01 2.77520E-02
 1.25000E+01 2.92187E+01 3.15841E-02
 1.30000E+01 3.44173E+01 3.54520E-02
 1.35000E+01 3.97922E+01 3.93507E-02
 1.40000E+01 4.52929E+01 4.32477E-02
 1.45000E+01 5.09281E+01 4.71521E-02
 1.50000E+01 5.67157E+01 5.10731E-02
 1.60000E+01 6.88552E+01 5.90307E-02
 1.70000E+01 8.18440E+01 6.72374E-02
 1.80000E+01 9.56630E+01 7.57673E-02
 1.90000E+01 1.10211E+02 8.46482E-02
 2.00000E+01 1.25368E+02 9.38592E-02
 2.10000E+01 1.41531E+02 1.03716E-01
 2.20000E+01 1.58059E+02 1.13733E-01
 2.30000E+01 1.75163E+02 1.24045E-01
 2.40000E+01 1.91943E+02 1.34001E-01
 2.50000E+01 2.10600E+02 1.45122E-01
 2.60000E+01 2.29539E+02 1.56289E-01
 2.70000E+01 2.48812E+02 1.67558E-01
 2.80000E+01 2.68452E+02 1.79004E-01
 2.90000E+01 2.88106E+02 1.90465E-01
 3.00000E+01 3.07856E+02 2.02073E-01
 3.20000E+01 3.47127E+02 2.25574E-01
 3.40000E+01 3.86007E+02 2.49345E-01
 3.60000E+01 4.24371E+02 2.73033E-01
 3.80000E+01 4.61993E+02 2.96417E-01
 4.00000E+01 4.98852E+02 3.19693E-01
 4.20000E+01 5.33505E+02 3.42150E-01
 4.40000E+01 5.65810E+02 3.63724E-01
 4.60000E+01 5.97709E+02 3.85552E-01
 4.80000E+01 6.27711E+02 4.06575E-01
 5.00000E+01 6.56217E+02 4.27024E-01
 5.20000E+01 6.83275E+02 4.46939E-01
 5.40000E+01 7.08896E+02 4.66324E-01
 5.60000E+01 7.33284E+02 4.85284E-01
 5.80000E+01 7.56539E+02 5.03839E-01
 6.00000E+01 7.78470E+02 5.21815E-01
