# p + 120Sn Total proton   production
# Q-value    = 0.00000E+00
# 
# # energies =   103
#    E         xs         Yield
 1.00000E-11 0.00000E+00 0.00000E+00
 2.53000E-08 0.00000E+00 0.00000E+00
 2.00000E-07 0.00000E+00 0.00000E+00
 1.00000E-06 0.00000E+00 0.00000E+00
 1.00000E-05 0.00000E+00 0.00000E+00
 1.00000E-04 0.00000E+00 0.00000E+00
 1.00000E-03 0.00000E+00 0.00000E+00
 2.00000E-03 0.00000E+00 0.00000E+00
 4.00000E-03 0.00000E+00 0.00000E+00
 7.00000E-03 0.00000E+00 0.00000E+00
 1.00000E-02 0.00000E+00 0.00000E+00
 2.00000E-02 0.00000E+00 0.00000E+00
 4.00000E-02 0.00000E+00 0.00000E+00
 7.00000E-02 0.00000E+00 0.00000E+00
 1.00000E-01 0.00000E+00 0.00000E+00
 2.00000E-01 0.00000E+00 0.00000E+00
 3.00000E-01 0.00000E+00 0.00000E+00
 4.00000E-01 0.00000E+00 0.00000E+00
 5.00000E-01 0.00000E+00 0.00000E+00
 6.00000E-01 0.00000E+00 0.00000E+00
 7.00000E-01 0.00000E+00 0.00000E+00
 8.00000E-01 0.00000E+00 0.00000E+00
 9.00000E-01 0.00000E+00 0.00000E+00
 1.00000E+00 0.00000E+00 0.00000E+00
 1.20000E+00 0.00000E+00 0.00000E+00
 1.40000E+00 0.00000E+00 0.00000E+00
 1.60000E+00 0.00000E+00 0.00000E+00
 1.80000E+00 1.81880E-25 4.33496E-21
 2.00000E+00 3.68528E-21 1.51341E-17
 2.20000E+00 3.44405E-12 3.14472E-09
 2.40000E+00 5.03416E-10 1.24895E-07
 2.60000E+00 7.01733E-09 5.55795E-07
 2.80000E+00 6.51237E-08 1.87936E-06
 3.00000E+00 2.12400E-06 2.49351E-05
 3.20000E+00 4.34272E-06 2.27701E-05
 3.40000E+00 1.81748E-05 4.61093E-05
 3.60000E+00 2.96002E-05 3.84185E-05
 3.80000E+00 4.49831E-05 3.17940E-05
 4.00000E+00 7.30816E-05 2.96688E-05
 4.20000E+00 1.45880E-04 3.56676E-05
 4.40000E+00 3.08606E-04 4.73912E-05
 4.60000E+00 6.44855E-04 6.46032E-05
 4.80000E+00 1.31939E-03 8.92848E-05
 5.00000E+00 2.63173E-03 1.24239E-04
 5.20000E+00 5.07779E-03 1.72337E-04
 5.40000E+00 9.53610E-03 2.39362E-04
 5.60000E+00 1.68361E-02 3.20988E-04
 5.80000E+00 2.86418E-02 4.25319E-04
 6.00000E+00 4.70996E-02 5.57704E-04
 6.20000E+00 7.39815E-02 7.13926E-04
 6.40000E+00 1.12949E-01 9.06249E-04
 6.60000E+00 1.66390E-01 1.13031E-03
 6.80000E+00 2.36890E-01 1.38465E-03
 7.00000E+00 3.28063E-01 1.67364E-03
 7.20000E+00 4.42545E-01 1.99518E-03
 7.40000E+00 5.82049E-01 2.34422E-03
 7.60000E+00 7.53461E-01 2.73638E-03
 7.80000E+00 9.56595E-01 3.15825E-03
 8.00000E+00 1.19512E+00 3.61261E-03
 8.50000E+00 1.99072E+00 4.95342E-03
 9.00000E+00 3.13399E+00 6.61523E-03
 9.50000E+00 4.69563E+00 8.61172E-03
 1.00000E+01 6.71099E+00 1.09032E-02
 1.05000E+01 9.18766E+00 1.34350E-02
 1.10000E+01 1.21251E+01 1.61716E-02
 1.15000E+01 1.55262E+01 1.91080E-02
 1.20000E+01 1.93947E+01 2.22585E-02
 1.25000E+01 2.37244E+01 2.56376E-02
 1.30000E+01 2.84841E+01 2.92376E-02
 1.35000E+01 3.36186E+01 3.30264E-02
 1.40000E+01 3.90483E+01 3.69447E-02
 1.45000E+01 4.47652E+01 4.09941E-02
 1.50000E+01 5.07457E+01 4.51518E-02
 1.60000E+01 6.34840E+01 5.37572E-02
 1.70000E+01 7.72651E+01 6.27274E-02
 1.80000E+01 9.20375E+01 7.20416E-02
 1.90000E+01 1.07717E+02 8.17012E-02
 2.00000E+01 1.24388E+02 9.18409E-02
 2.10000E+01 1.42848E+02 1.03081E-01
 2.20000E+01 1.61884E+02 1.14564E-01
 2.30000E+01 1.80856E+02 1.25882E-01
 2.40000E+01 1.99106E+02 1.36616E-01
 2.50000E+01 2.19194E+02 1.48526E-01
 2.60000E+01 2.39513E+02 1.60483E-01
 2.70000E+01 2.60293E+02 1.72638E-01
 2.80000E+01 2.81396E+02 1.84915E-01
 2.90000E+01 3.02619E+02 1.97222E-01
 3.00000E+01 3.23996E+02 2.09645E-01
 3.20000E+01 3.66685E+02 2.34726E-01
 3.40000E+01 4.08890E+02 2.60026E-01
 3.60000E+01 4.50152E+02 2.85159E-01
 3.80000E+01 4.90391E+02 3.09964E-01
 4.00000E+01 5.29662E+02 3.34535E-01
 4.20000E+01 5.67527E+02 3.58727E-01
 4.40000E+01 6.03870E+02 3.82528E-01
 4.60000E+01 6.38431E+02 4.05747E-01
 4.80000E+01 6.70574E+02 4.27919E-01
 5.00000E+01 7.01064E+02 4.49475E-01
 5.20000E+01 7.30134E+02 4.70553E-01
 5.40000E+01 7.57994E+02 4.91272E-01
 5.60000E+01 7.84616E+02 5.11594E-01
 5.80000E+01 8.10317E+02 5.31687E-01
 6.00000E+01 8.35147E+02 5.51554E-01
