# p + 114Sn Total proton   production
# Q-value    = 0.00000E+00
# 
# # energies =   103
#    E         xs         Yield
 1.00000E-11 0.00000E+00 0.00000E+00
 2.53000E-08 0.00000E+00 0.00000E+00
 2.00000E-07 0.00000E+00 0.00000E+00
 1.00000E-06 0.00000E+00 0.00000E+00
 1.00000E-05 0.00000E+00 0.00000E+00
 1.00000E-04 0.00000E+00 0.00000E+00
 1.00000E-03 0.00000E+00 0.00000E+00
 2.00000E-03 0.00000E+00 0.00000E+00
 4.00000E-03 0.00000E+00 0.00000E+00
 7.00000E-03 0.00000E+00 0.00000E+00
 1.00000E-02 0.00000E+00 0.00000E+00
 2.00000E-02 0.00000E+00 0.00000E+00
 4.00000E-02 0.00000E+00 0.00000E+00
 7.00000E-02 0.00000E+00 0.00000E+00
 1.00000E-01 0.00000E+00 0.00000E+00
 2.00000E-01 0.00000E+00 0.00000E+00
 3.00000E-01 0.00000E+00 0.00000E+00
 4.00000E-01 0.00000E+00 0.00000E+00
 5.00000E-01 0.00000E+00 0.00000E+00
 6.00000E-01 0.00000E+00 0.00000E+00
 7.00000E-01 0.00000E+00 0.00000E+00
 8.00000E-01 0.00000E+00 0.00000E+00
 9.00000E-01 0.00000E+00 0.00000E+00
 1.00000E+00 0.00000E+00 0.00000E+00
 1.20000E+00 0.00000E+00 0.00000E+00
 1.40000E+00 0.00000E+00 0.00000E+00
 1.60000E+00 0.00000E+00 0.00000E+00
 1.80000E+00 6.02712E-29 2.07737E-24
 2.00000E+00 2.33953E-23 1.39074E-19
 2.20000E+00 1.24087E-19 1.64367E-16
 2.40000E+00 4.91520E-09 1.78040E-06
 2.60000E+00 1.16786E-07 1.37029E-05
 2.80000E+00 1.10970E-06 4.87498E-05
 3.00000E+00 7.04697E-06 1.31396E-04
 3.20000E+00 3.99806E-05 3.52512E-04
 3.40000E+00 1.75690E-04 8.02232E-04
 3.60000E+00 6.80228E-04 1.73324E-03
 3.80000E+00 2.30973E-03 3.48811E-03
 4.00000E+00 7.01668E-03 6.59081E-03
 4.20000E+00 1.93049E-02 1.17241E-02
 4.40000E+00 4.85721E-02 1.96774E-02
 4.60000E+00 1.12780E-01 3.12655E-02
 4.80000E+00 2.43638E-01 4.71993E-02
 5.00000E+00 4.93739E-01 6.80200E-02
 5.20000E+00 9.45733E-01 9.40416E-02
 5.40000E+00 1.73309E+00 1.25960E-01
 5.60000E+00 3.06458E+00 1.64494E-01
 5.80000E+00 5.04434E+00 2.02727E-01
 6.00000E+00 8.17753E+00 2.48142E-01
 6.20000E+00 1.26828E+01 2.94064E-01
 6.40000E+00 1.89204E+01 3.39689E-01
 6.60000E+00 2.75969E+01 3.87821E-01
 6.80000E+00 3.86843E+01 4.32338E-01
 7.00000E+00 4.30373E+01 3.55480E-01
 7.20000E+00 3.61819E+01 2.18168E-01
 7.40000E+00 3.67285E+01 1.83042E-01
 7.60000E+00 3.99031E+01 1.72040E-01
 7.80000E+00 4.42974E+01 1.69100E-01
 8.00000E+00 4.91956E+01 1.68909E-01
 8.50000E+00 6.26379E+01 1.70299E-01
 9.00000E+00 7.49513E+01 1.72734E-01
 9.50000E+00 8.61415E+01 1.72861E-01
 1.00000E+01 9.59129E+01 1.70950E-01
 1.05000E+01 1.04373E+02 1.67753E-01
 1.10000E+01 1.11884E+02 1.64102E-01
 1.15000E+01 1.19221E+02 1.61166E-01
 1.20000E+01 1.27213E+02 1.59915E-01
 1.25000E+01 1.36008E+02 1.60339E-01
 1.30000E+01 1.45731E+02 1.62452E-01
 1.35000E+01 1.57677E+02 1.67505E-01
 1.40000E+01 1.76324E+02 1.79774E-01
 1.45000E+01 2.08762E+02 2.05515E-01
 1.50000E+01 2.59253E+02 2.47642E-01
 1.60000E+01 3.46639E+02 3.15006E-01
 1.70000E+01 3.99910E+02 3.48731E-01
 1.80000E+01 4.36445E+02 3.67103E-01
 1.90000E+01 4.51138E+02 3.67520E-01
 2.00000E+01 4.62792E+02 3.66585E-01
 2.10000E+01 4.80747E+02 3.71681E-01
 2.20000E+01 5.05304E+02 3.82655E-01
 2.30000E+01 5.37244E+02 3.99786E-01
 2.40000E+01 5.77106E+02 4.23207E-01
 2.50000E+01 6.23373E+02 4.51546E-01
 2.60000E+01 6.79984E+02 4.87378E-01
 2.70000E+01 7.47173E+02 5.30527E-01
 2.80000E+01 8.10592E+02 5.70619E-01
 2.90000E+01 8.57801E+02 5.99027E-01
 3.00000E+01 8.88664E+02 6.16024E-01
 3.20000E+01 9.27085E+02 6.34986E-01
 3.40000E+01 9.54750E+02 6.49106E-01
 3.60000E+01 9.84506E+02 6.67055E-01
 3.80000E+01 1.02685E+03 6.94955E-01
 4.00000E+01 1.07316E+03 7.26324E-01
 4.20000E+01 1.11202E+03 7.53428E-01
 4.40000E+01 1.14001E+03 7.74170E-01
 4.60000E+01 1.16055E+03 7.90897E-01
 4.80000E+01 1.17989E+03 8.07682E-01
 5.00000E+01 1.19880E+03 8.24844E-01
 5.20000E+01 1.21898E+03 8.43385E-01
 5.40000E+01 1.23842E+03 8.61885E-01
 5.60000E+01 1.25605E+03 8.79553E-01
 5.80000E+01 1.27160E+03 8.96169E-01
 6.00000E+01 1.28676E+03 9.12842E-01
