# p + 112Sn Total proton   production
# Q-value    = 0.00000E+00
# 
# # energies =   103
#    E         xs         Yield
 1.00000E-11 0.00000E+00 0.00000E+00
 2.53000E-08 0.00000E+00 0.00000E+00
 2.00000E-07 0.00000E+00 0.00000E+00
 1.00000E-06 0.00000E+00 0.00000E+00
 1.00000E-05 0.00000E+00 0.00000E+00
 1.00000E-04 0.00000E+00 0.00000E+00
 1.00000E-03 0.00000E+00 0.00000E+00
 2.00000E-03 0.00000E+00 0.00000E+00
 4.00000E-03 0.00000E+00 0.00000E+00
 7.00000E-03 0.00000E+00 0.00000E+00
 1.00000E-02 0.00000E+00 0.00000E+00
 2.00000E-02 0.00000E+00 0.00000E+00
 4.00000E-02 0.00000E+00 0.00000E+00
 7.00000E-02 0.00000E+00 0.00000E+00
 1.00000E-01 0.00000E+00 0.00000E+00
 2.00000E-01 0.00000E+00 0.00000E+00
 3.00000E-01 0.00000E+00 0.00000E+00
 4.00000E-01 0.00000E+00 0.00000E+00
 5.00000E-01 0.00000E+00 0.00000E+00
 6.00000E-01 0.00000E+00 0.00000E+00
 7.00000E-01 0.00000E+00 0.00000E+00
 8.00000E-01 0.00000E+00 0.00000E+00
 9.00000E-01 0.00000E+00 0.00000E+00
 1.00000E+00 0.00000E+00 0.00000E+00
 1.20000E+00 0.00000E+00 0.00000E+00
 1.40000E+00 0.00000E+00 0.00000E+00
 1.60000E+00 0.00000E+00 0.00000E+00
 1.80000E+00 1.01026E-27 3.65305E-23
 2.00000E+00 1.22076E-22 7.71810E-19
 2.20000E+00 3.66679E-19 5.25938E-16
 2.40000E+00 8.25530E-09 3.32789E-06
 2.60000E+00 2.64571E-07 3.59677E-05
 2.80000E+00 2.40265E-06 1.29012E-04
 3.00000E+00 1.39644E-05 3.38545E-04
 3.20000E+00 7.08871E-05 8.65864E-04
 3.40000E+00 3.07595E-04 2.06414E-03
 3.60000E+00 1.15815E-03 4.56520E-03
 3.80000E+00 3.84135E-03 9.36489E-03
 4.00000E+00 1.14570E-02 1.79727E-02
 4.20000E+00 3.09189E-02 3.21778E-02
 4.40000E+00 7.60048E-02 5.37141E-02
 4.60000E+00 1.71693E-01 8.38689E-02
 4.80000E+00 3.59610E-01 1.23035E-01
 5.00000E+00 7.05049E-01 1.70650E-01
 5.20000E+00 1.30565E+00 2.25330E-01
 5.40000E+00 2.33058E+00 2.88034E-01
 5.60000E+00 3.97470E+00 3.53783E-01
 5.80000E+00 6.32524E+00 4.11424E-01
 6.00000E+00 1.01120E+01 4.79037E-01
 6.20000E+00 1.53118E+01 5.36740E-01
 6.40000E+00 2.26066E+01 5.91617E-01
 6.60000E+00 3.25773E+01 6.43116E-01
 6.80000E+00 4.52949E+01 6.86464E-01
 7.00000E+00 6.17081E+01 7.26712E-01
 7.20000E+00 8.14690E+01 7.60373E-01
 7.40000E+00 1.04791E+02 7.89053E-01
 7.60000E+00 1.59391E+02 8.25692E-01
 7.80000E+00 1.89903E+02 8.43944E-01
 8.00000E+00 2.13732E+02 8.26539E-01
 8.50000E+00 1.99880E+02 5.71696E-01
 9.00000E+00 1.95107E+02 4.58929E-01
 9.50000E+00 2.01134E+02 4.08730E-01
 1.00000E+01 2.15030E+02 3.88005E-01
 1.05000E+01 2.34134E+02 3.81857E-01
 1.10000E+01 2.56777E+02 3.83296E-01
 1.15000E+01 2.81312E+02 3.88018E-01
 1.20000E+01 3.06765E+02 3.94122E-01
 1.25000E+01 3.31597E+02 3.99776E-01
 1.30000E+01 3.54723E+02 4.04234E-01
 1.35000E+01 3.75023E+02 4.06848E-01
 1.40000E+01 3.95924E+02 4.11661E-01
 1.45000E+01 4.27001E+02 4.28085E-01
 1.50000E+01 4.78477E+02 4.64901E-01
 1.60000E+01 6.27261E+02 5.79045E-01
 1.70000E+01 7.76918E+02 6.88117E-01
 1.80000E+01 8.68415E+02 7.42134E-01
 1.90000E+01 9.19610E+02 7.61286E-01
 2.00000E+01 9.41534E+02 7.57725E-01
 2.10000E+01 9.41712E+02 7.39317E-01
 2.20000E+01 9.42184E+02 7.23978E-01
 2.30000E+01 9.51257E+02 7.17686E-01
 2.40000E+01 9.70616E+02 7.21149E-01
 2.50000E+01 9.93489E+02 7.28835E-01
 2.60000E+01 1.02268E+03 7.42345E-01
 2.70000E+01 1.05937E+03 7.62028E-01
 2.80000E+01 1.10243E+03 7.86583E-01
 2.90000E+01 1.14491E+03 8.10799E-01
 3.00000E+01 1.18399E+03 8.32646E-01
 3.20000E+01 1.24451E+03 8.64882E-01
 3.40000E+01 1.28002E+03 8.82595E-01
 3.60000E+01 1.30274E+03 8.94926E-01
 3.80000E+01 1.32804E+03 9.11407E-01
 4.00000E+01 1.35978E+03 9.33584E-01
 4.20000E+01 1.39373E+03 9.58179E-01
 4.40000E+01 1.42448E+03 9.81673E-01
 4.60000E+01 1.45180E+03 1.00404E+00
 4.80000E+01 1.47315E+03 1.02340E+00
 5.00000E+01 1.49393E+03 1.04322E+00
 5.20000E+01 1.51567E+03 1.06438E+00
 5.40000E+01 1.53523E+03 1.08455E+00
 5.60000E+01 1.55194E+03 1.10318E+00
 5.80000E+01 1.56829E+03 1.12199E+00
 6.00000E+01 1.58108E+03 1.13862E+00
