# p + 117Sn Total proton   production
# Q-value    = 0.00000E+00
# 
# # energies =   103
#    E         xs         Yield
 1.00000E-11 0.00000E+00 0.00000E+00
 2.53000E-08 0.00000E+00 0.00000E+00
 2.00000E-07 0.00000E+00 0.00000E+00
 1.00000E-06 0.00000E+00 0.00000E+00
 1.00000E-05 0.00000E+00 0.00000E+00
 1.00000E-04 0.00000E+00 0.00000E+00
 1.00000E-03 0.00000E+00 0.00000E+00
 2.00000E-03 0.00000E+00 0.00000E+00
 4.00000E-03 0.00000E+00 0.00000E+00
 7.00000E-03 0.00000E+00 0.00000E+00
 1.00000E-02 0.00000E+00 0.00000E+00
 2.00000E-02 0.00000E+00 0.00000E+00
 4.00000E-02 0.00000E+00 0.00000E+00
 7.00000E-02 0.00000E+00 0.00000E+00
 1.00000E-01 0.00000E+00 0.00000E+00
 2.00000E-01 0.00000E+00 0.00000E+00
 3.00000E-01 0.00000E+00 0.00000E+00
 4.00000E-01 0.00000E+00 0.00000E+00
 5.00000E-01 0.00000E+00 0.00000E+00
 6.00000E-01 0.00000E+00 0.00000E+00
 7.00000E-01 0.00000E+00 0.00000E+00
 8.00000E-01 0.00000E+00 0.00000E+00
 9.00000E-01 0.00000E+00 0.00000E+00
 1.00000E+00 0.00000E+00 0.00000E+00
 1.20000E+00 0.00000E+00 0.00000E+00
 1.40000E+00 0.00000E+00 0.00000E+00
 1.60000E+00 0.00000E+00 0.00000E+00
 1.80000E+00 3.59129E-35 1.07897E-30
 2.00000E+00 6.73255E-10 3.44765E-06
 2.20000E+00 2.91490E-06 3.28411E-03
 2.40000E+00 3.10772E-06 9.41353E-04
 2.60000E+00 4.28142E-06 4.09662E-04
 2.80000E+00 8.76899E-06 3.02354E-04
 3.00000E+00 2.95100E-05 4.09195E-04
 3.20000E+00 1.06855E-04 6.53615E-04
 3.40000E+00 2.47672E-04 7.22288E-04
 3.60000E+00 5.66214E-04 8.42769E-04
 3.80000E+00 1.44813E-03 1.16777E-03
 4.00000E+00 3.55467E-03 1.63676E-03
 4.20000E+00 7.04363E-03 1.93932E-03
 4.40000E+00 1.36116E-02 2.33689E-03
 4.60000E+00 2.43849E-02 2.71231E-03
 4.80000E+00 4.18707E-02 3.12547E-03
 5.00000E+00 6.94765E-02 3.59634E-03
 5.20000E+00 1.08560E-01 4.01838E-03
 5.40000E+00 1.65685E-01 4.51448E-03
 5.60000E+00 2.41297E-01 4.97425E-03
 5.80000E+00 3.40024E-01 5.44225E-03
 6.00000E+00 4.59882E-01 5.85552E-03
 6.20000E+00 6.03712E-01 6.25475E-03
 6.40000E+00 7.71111E-01 6.63684E-03
 6.60000E+00 9.56091E-01 6.96539E-03
 6.80000E+00 1.16614E+00 7.31206E-03
 7.00000E+00 1.39608E+00 7.64524E-03
 7.20000E+00 1.64956E+00 7.98996E-03
 7.40000E+00 1.93292E+00 8.37162E-03
 7.60000E+00 2.24484E+00 8.77499E-03
 7.80000E+00 2.60088E+00 9.24946E-03
 8.00000E+00 2.99597E+00 9.76027E-03
 8.50000E+00 4.25504E+00 1.14143E-02
 9.00000E+00 6.00355E+00 1.36451E-02
 9.50000E+00 8.39110E+00 1.65319E-02
 1.00000E+01 1.17890E+01 2.05160E-02
 1.05000E+01 1.72399E+01 2.69166E-02
 1.10000E+01 2.62993E+01 3.73260E-02
 1.15000E+01 3.98072E+01 5.19557E-02
 1.20000E+01 5.71498E+01 6.93297E-02
 1.25000E+01 7.68183E+01 8.74888E-02
 1.30000E+01 9.10724E+01 9.82859E-02
 1.35000E+01 9.55280E+01 9.85016E-02
 1.40000E+01 9.63645E+01 9.56035E-02
 1.45000E+01 9.75080E+01 9.36002E-02
 1.50000E+01 9.95318E+01 9.28399E-02
 1.60000E+01 1.09291E+02 9.70941E-02
 1.70000E+01 1.23588E+02 1.05326E-01
 1.80000E+01 1.40585E+02 1.15517E-01
 1.90000E+01 1.59155E+02 1.26677E-01
 2.00000E+01 1.78663E+02 1.38370E-01
 2.10000E+01 2.00350E+02 1.51611E-01
 2.20000E+01 2.23539E+02 1.65887E-01
 2.30000E+01 2.48431E+02 1.81344E-01
 2.40000E+01 2.74158E+02 1.97331E-01
 2.50000E+01 2.99325E+02 2.12823E-01
 2.60000E+01 3.24062E+02 2.27898E-01
 2.70000E+01 3.49011E+02 2.42981E-01
 2.80000E+01 3.74619E+02 2.58383E-01
 2.90000E+01 4.00798E+02 2.74076E-01
 3.00000E+01 4.27721E+02 2.90266E-01
 3.20000E+01 4.85161E+02 3.25454E-01
 3.40000E+01 5.46600E+02 3.64247E-01
 3.60000E+01 6.04404E+02 4.01450E-01
 3.80000E+01 6.55664E+02 4.34785E-01
 4.00000E+01 6.99525E+02 4.63615E-01
 4.20000E+01 7.38944E+02 4.90117E-01
 4.40000E+01 7.76536E+02 5.16221E-01
 4.60000E+01 8.13531E+02 5.42730E-01
 4.80000E+01 8.49503E+02 5.69231E-01
 5.00000E+01 8.81810E+02 5.93823E-01
 5.20000E+01 9.10018E+02 6.16134E-01
 5.40000E+01 9.35531E+02 6.37074E-01
 5.60000E+01 9.59568E+02 6.57445E-01
 5.80000E+01 9.84236E+02 6.78657E-01
 6.00000E+01 1.00628E+03 6.98416E-01
