# p + 115Sn Total proton   production
# Q-value    = 0.00000E+00
# 
# # energies =   103
#    E         xs         Yield
 1.00000E-11 0.00000E+00 0.00000E+00
 2.53000E-08 0.00000E+00 0.00000E+00
 2.00000E-07 0.00000E+00 0.00000E+00
 1.00000E-06 0.00000E+00 0.00000E+00
 1.00000E-05 0.00000E+00 0.00000E+00
 1.00000E-04 0.00000E+00 0.00000E+00
 1.00000E-03 0.00000E+00 0.00000E+00
 2.00000E-03 0.00000E+00 0.00000E+00
 4.00000E-03 0.00000E+00 0.00000E+00
 7.00000E-03 0.00000E+00 0.00000E+00
 1.00000E-02 0.00000E+00 0.00000E+00
 2.00000E-02 0.00000E+00 0.00000E+00
 4.00000E-02 0.00000E+00 0.00000E+00
 7.00000E-02 0.00000E+00 0.00000E+00
 1.00000E-01 0.00000E+00 0.00000E+00
 2.00000E-01 0.00000E+00 0.00000E+00
 3.00000E-01 0.00000E+00 0.00000E+00
 4.00000E-01 0.00000E+00 0.00000E+00
 5.00000E-01 0.00000E+00 0.00000E+00
 6.00000E-01 0.00000E+00 0.00000E+00
 7.00000E-01 0.00000E+00 0.00000E+00
 8.00000E-01 0.00000E+00 0.00000E+00
 9.00000E-01 0.00000E+00 0.00000E+00
 1.00000E+00 0.00000E+00 0.00000E+00
 1.20000E+00 0.00000E+00 0.00000E+00
 1.40000E+00 0.00000E+00 0.00000E+00
 1.60000E+00 0.00000E+00 0.00000E+00
 1.80000E+00 1.07499E-33 3.56596E-29
 2.00000E+00 4.31731E-26 2.45710E-22
 2.20000E+00 1.71256E-21 2.15705E-18
 2.40000E+00 2.53889E-06 8.64778E-04
 2.60000E+00 2.82573E-06 3.05878E-04
 2.80000E+00 8.10301E-06 3.18416E-04
 3.00000E+00 4.28450E-05 6.83416E-04
 3.20000E+00 2.19309E-04 1.56204E-03
 3.40000E+00 9.54145E-04 3.29499E-03
 3.60000E+00 3.51738E-03 6.32590E-03
 3.80000E+00 1.12180E-02 1.11805E-02
 4.00000E+00 1.61202E-02 8.95010E-03
 4.20000E+00 3.29322E-02 1.09028E-02
 4.40000E+00 6.98117E-02 1.44231E-02
 4.60000E+00 1.44900E-01 1.94252E-02
 4.80000E+00 2.06315E-01 1.80338E-02
 5.00000E+00 3.27124E-01 1.95610E-02
 5.20000E+00 5.26805E-01 2.22484E-02
 5.40000E+00 8.91961E-01 2.75037E-02
 5.60000E+00 1.41157E+00 3.25651E-02
 5.80000E+00 2.01410E+00 3.55203E-02
 6.00000E+00 2.57365E+00 3.54460E-02
 6.20000E+00 3.18057E+00 3.50363E-02
 6.40000E+00 3.85533E+00 3.47505E-02
 6.60000E+00 4.57989E+00 3.44932E-02
 6.80000E+00 5.35752E+00 3.43594E-02
 7.00000E+00 6.20744E+00 3.44769E-02
 7.20000E+00 7.10982E+00 3.47087E-02
 7.40000E+00 8.10678E+00 3.52340E-02
 7.60000E+00 9.20321E+00 3.60045E-02
 7.80000E+00 1.04124E+01 3.70121E-02
 8.00000E+00 1.17697E+01 3.83179E-02
 8.50000E+00 1.58838E+01 4.26929E-02
 9.00000E+00 2.11896E+01 4.84667E-02
 9.50000E+00 2.76525E+01 5.51208E-02
 1.00000E+01 3.51839E+01 6.22410E-02
 1.05000E+01 4.43080E+01 7.05834E-02
 1.10000E+01 5.73697E+01 8.32891E-02
 1.15000E+01 7.73048E+01 1.03340E-01
 1.20000E+01 1.04504E+02 1.29850E-01
 1.25000E+01 1.37018E+02 1.59681E-01
 1.30000E+01 1.72540E+02 1.90234E-01
 1.35000E+01 2.10487E+02 2.21330E-01
 1.40000E+01 2.51042E+02 2.53553E-01
 1.45000E+01 2.95303E+02 2.88191E-01
 1.50000E+01 3.24712E+02 3.07647E-01
 1.60000E+01 3.27294E+02 2.95154E-01
 1.70000E+01 3.28216E+02 2.84012E-01
 1.80000E+01 3.41646E+02 2.85114E-01
 1.90000E+01 3.59679E+02 2.90713E-01
 2.00000E+01 3.76981E+02 2.96326E-01
 2.10000E+01 3.96258E+02 3.04114E-01
 2.20000E+01 4.17272E+02 3.13800E-01
 2.30000E+01 4.50143E+02 3.32776E-01
 2.40000E+01 4.93291E+02 3.59468E-01
 2.50000E+01 5.41023E+02 3.89463E-01
 2.60000E+01 5.85733E+02 4.17180E-01
 2.70000E+01 6.23541E+02 4.39863E-01
 2.80000E+01 6.53739E+02 4.57090E-01
 2.90000E+01 6.78256E+02 4.70338E-01
 3.00000E+01 7.01216E+02 4.82622E-01
 3.20000E+01 7.45088E+02 5.06728E-01
 3.40000E+01 7.93253E+02 5.35645E-01
 3.60000E+01 8.52225E+02 5.73561E-01
 3.80000E+01 9.13814E+02 6.14230E-01
 4.00000E+01 9.62379E+02 6.46764E-01
 4.20000E+01 9.97568E+02 6.71049E-01
 4.40000E+01 1.02402E+03 6.90411E-01
 4.60000E+01 1.04722E+03 7.08545E-01
 4.80000E+01 1.07076E+03 7.27712E-01
 5.00000E+01 1.09549E+03 7.48307E-01
 5.20000E+01 1.11766E+03 7.67658E-01
 5.40000E+01 1.13570E+03 7.84614E-01
 5.60000E+01 1.15219E+03 8.00917E-01
 5.80000E+01 1.16632E+03 8.15939E-01
 6.00000E+01 1.17999E+03 8.30945E-01
