# p + 116Sn Total proton   production
# Q-value    = 0.00000E+00
# 
# # energies =   103
#    E         xs         Yield
 1.00000E-11 0.00000E+00 0.00000E+00
 2.53000E-08 0.00000E+00 0.00000E+00
 2.00000E-07 0.00000E+00 0.00000E+00
 1.00000E-06 0.00000E+00 0.00000E+00
 1.00000E-05 0.00000E+00 0.00000E+00
 1.00000E-04 0.00000E+00 0.00000E+00
 1.00000E-03 0.00000E+00 0.00000E+00
 2.00000E-03 0.00000E+00 0.00000E+00
 4.00000E-03 0.00000E+00 0.00000E+00
 7.00000E-03 0.00000E+00 0.00000E+00
 1.00000E-02 0.00000E+00 0.00000E+00
 2.00000E-02 0.00000E+00 0.00000E+00
 4.00000E-02 0.00000E+00 0.00000E+00
 7.00000E-02 0.00000E+00 0.00000E+00
 1.00000E-01 0.00000E+00 0.00000E+00
 2.00000E-01 0.00000E+00 0.00000E+00
 3.00000E-01 0.00000E+00 0.00000E+00
 4.00000E-01 0.00000E+00 0.00000E+00
 5.00000E-01 0.00000E+00 0.00000E+00
 6.00000E-01 0.00000E+00 0.00000E+00
 7.00000E-01 0.00000E+00 0.00000E+00
 8.00000E-01 0.00000E+00 0.00000E+00
 9.00000E-01 0.00000E+00 0.00000E+00
 1.00000E+00 0.00000E+00 0.00000E+00
 1.20000E+00 0.00000E+00 0.00000E+00
 1.40000E+00 0.00000E+00 0.00000E+00
 1.60000E+00 0.00000E+00 0.00000E+00
 1.80000E+00 9.91722E-29 3.14191E-24
 2.00000E+00 3.20746E-23 1.73753E-19
 2.20000E+00 1.56557E-19 1.87201E-16
 2.40000E+00 2.69716E-09 8.70993E-07
 2.60000E+00 5.49382E-08 5.64344E-06
 2.80000E+00 4.89148E-07 1.83198E-05
 3.00000E+00 3.28456E-06 5.03799E-05
 3.20000E+00 1.91173E-05 1.32797E-04
 3.40000E+00 9.24622E-05 3.17415E-04
 3.60000E+00 3.76363E-04 6.88497E-04
 3.80000E+00 1.34115E-03 1.39429E-03
 4.00000E+00 4.26244E-03 2.65940E-03
 4.20000E+00 1.21945E-02 4.77971E-03
 4.40000E+00 3.17443E-02 8.12267E-03
 4.60000E+00 7.59476E-02 1.31048E-02
 4.80000E+00 1.68076E-01 2.01001E-02
 5.00000E+00 3.46784E-01 2.94315E-02
 5.20000E+00 6.72129E-01 4.13273E-02
 5.40000E+00 1.24277E+00 5.63830E-02
 5.60000E+00 2.02876E+00 6.70995E-02
 5.80000E+00 1.72822E+00 3.50753E-02
 6.00000E+00 2.32978E+00 3.56979E-02
 6.20000E+00 2.69199E+00 3.18853E-02
 6.40000E+00 2.90747E+00 2.73192E-02
 6.60000E+00 3.26216E+00 2.52148E-02
 6.80000E+00 3.68691E+00 2.40786E-02
 7.00000E+00 4.19981E+00 2.36560E-02
 7.20000E+00 4.74414E+00 2.34299E-02
 7.40000E+00 5.34417E+00 2.34566E-02
 7.60000E+00 5.96538E+00 2.35333E-02
 7.80000E+00 6.63437E+00 2.37468E-02
 8.00000E+00 7.32684E+00 2.39859E-02
 8.50000E+00 9.24816E+00 2.49062E-02
 9.00000E+00 1.15389E+01 2.63637E-02
 9.50000E+00 1.43197E+01 2.84054E-02
 1.00000E+01 1.77084E+01 3.10961E-02
 1.05000E+01 2.17992E+01 3.44009E-02
 1.10000E+01 2.66298E+01 3.82427E-02
 1.15000E+01 3.22054E+01 4.25508E-02
 1.20000E+01 3.85043E+01 4.72776E-02
 1.25000E+01 4.55596E+01 5.24858E-02
 1.30000E+01 5.37806E+01 5.86572E-02
 1.35000E+01 6.43295E+01 6.69730E-02
 1.40000E+01 7.55747E+01 7.56378E-02
 1.45000E+01 8.70116E+01 8.42043E-02
 1.50000E+01 9.86674E+01 9.27439E-02
 1.60000E+01 1.23477E+02 1.10515E-01
 1.70000E+01 1.44762E+02 1.24311E-01
 1.80000E+01 1.65325E+02 1.36897E-01
 1.90000E+01 1.88204E+02 1.50941E-01
 2.00000E+01 2.13343E+02 1.66443E-01
 2.10000E+01 2.40367E+02 1.83161E-01
 2.20000E+01 2.70724E+02 2.02223E-01
 2.30000E+01 3.06715E+02 2.25295E-01
 2.40000E+01 3.48525E+02 2.52402E-01
 2.50000E+01 3.95262E+02 2.82778E-01
 2.60000E+01 4.37755E+02 3.09816E-01
 2.70000E+01 4.72234E+02 3.30946E-01
 2.80000E+01 5.02044E+02 3.48642E-01
 2.90000E+01 5.28834E+02 3.64161E-01
 3.00000E+01 5.53753E+02 3.78438E-01
 3.20000E+01 5.99407E+02 4.04833E-01
 3.40000E+01 6.44165E+02 4.32079E-01
 3.60000E+01 6.97217E+02 4.66139E-01
 3.80000E+01 7.51729E+02 5.01859E-01
 4.00000E+01 7.99435E+02 5.33515E-01
 4.20000E+01 8.39096E+02 5.60459E-01
 4.40000E+01 8.72625E+02 5.84173E-01
 4.60000E+01 9.05954E+02 6.08631E-01
 4.80000E+01 9.39875E+02 6.34228E-01
 5.00000E+01 9.72269E+02 6.59394E-01
 5.20000E+01 1.00237E+03 6.83518E-01
 5.40000E+01 1.02814E+03 7.05173E-01
 5.60000E+01 1.04820E+03 7.23354E-01
 5.80000E+01 1.06603E+03 7.40363E-01
 6.00000E+01 1.08305E+03 7.57131E-01
