# p + 118Sn Total proton   production
# Q-value    = 0.00000E+00
# 
# # energies =   103
#    E         xs         Yield
 1.00000E-11 0.00000E+00 0.00000E+00
 2.53000E-08 0.00000E+00 0.00000E+00
 2.00000E-07 0.00000E+00 0.00000E+00
 1.00000E-06 0.00000E+00 0.00000E+00
 1.00000E-05 0.00000E+00 0.00000E+00
 1.00000E-04 0.00000E+00 0.00000E+00
 1.00000E-03 0.00000E+00 0.00000E+00
 2.00000E-03 0.00000E+00 0.00000E+00
 4.00000E-03 0.00000E+00 0.00000E+00
 7.00000E-03 0.00000E+00 0.00000E+00
 1.00000E-02 0.00000E+00 0.00000E+00
 2.00000E-02 0.00000E+00 0.00000E+00
 4.00000E-02 0.00000E+00 0.00000E+00
 7.00000E-02 0.00000E+00 0.00000E+00
 1.00000E-01 0.00000E+00 0.00000E+00
 2.00000E-01 0.00000E+00 0.00000E+00
 3.00000E-01 0.00000E+00 0.00000E+00
 4.00000E-01 0.00000E+00 0.00000E+00
 5.00000E-01 0.00000E+00 0.00000E+00
 6.00000E-01 0.00000E+00 0.00000E+00
 7.00000E-01 0.00000E+00 0.00000E+00
 8.00000E-01 0.00000E+00 0.00000E+00
 9.00000E-01 0.00000E+00 0.00000E+00
 1.00000E+00 0.00000E+00 0.00000E+00
 1.20000E+00 0.00000E+00 0.00000E+00
 1.40000E+00 0.00000E+00 0.00000E+00
 1.60000E+00 0.00000E+00 0.00000E+00
 1.80000E+00 7.87678E-27 2.23119E-22
 2.00000E+00 5.11635E-22 2.46469E-18
 2.20000E+00 1.13634E-18 1.20215E-15
 2.40000E+00 8.70390E-10 2.47331E-07
 2.60000E+00 1.79372E-08 1.61053E-06
 2.80000E+00 1.65748E-07 5.37566E-06
 3.00000E+00 2.67701E-06 3.50943E-05
 3.20000E+00 8.35514E-06 4.87393E-05
 3.40000E+00 3.92361E-05 1.10682E-04
 3.60000E+00 1.71267E-04 2.51217E-04
 3.80000E+00 6.51057E-04 5.29106E-04
 4.00000E+00 2.18848E-03 1.04175E-03
 4.20000E+00 6.53931E-03 1.91388E-03
 4.40000E+00 1.75984E-02 3.30371E-03
 4.60000E+00 1.84223E-02 2.08424E-03
 4.80000E+00 2.15727E-02 1.59572E-03
 5.00000E+00 2.95637E-02 1.50400E-03
 5.20000E+00 4.56750E-02 1.66152E-03
 5.40000E+00 7.22342E-02 1.93903E-03
 5.60000E+00 1.10877E-01 2.25952E-03
 5.80000E+00 1.62983E-01 2.58837E-03
 6.00000E+00 2.39679E-01 3.03908E-03
 6.20000E+00 3.33652E-01 3.45371E-03
 6.40000E+00 4.54384E-01 3.91791E-03
 6.60000E+00 6.02655E-01 4.40741E-03
 6.80000E+00 7.75570E-01 4.88831E-03
 7.00000E+00 9.78649E-01 5.39069E-03
 7.20000E+00 1.20612E+00 5.87661E-03
 7.40000E+00 1.46059E+00 6.36047E-03
 7.60000E+00 1.74578E+00 6.85565E-03
 7.80000E+00 2.06515E+00 7.36969E-03
 8.00000E+00 2.41442E+00 7.88238E-03
 8.50000E+00 3.49855E+00 9.37038E-03
 9.00000E+00 4.96490E+00 1.12273E-02
 9.50000E+00 6.92341E+00 1.35320E-02
 1.00000E+01 9.43213E+00 1.62475E-02
 1.05000E+01 1.25063E+01 1.92993E-02
 1.10000E+01 1.61428E+01 2.26279E-02
 1.15000E+01 2.03297E+01 2.62035E-02
 1.20000E+01 2.50605E+01 3.00363E-02
 1.25000E+01 3.03226E+01 3.41485E-02
 1.30000E+01 3.60797E+01 3.85413E-02
 1.35000E+01 4.22849E+01 4.32006E-02
 1.40000E+01 4.88804E+01 4.80894E-02
 1.45000E+01 5.57608E+01 5.31106E-02
 1.50000E+01 6.29118E+01 5.82473E-02
 1.60000E+01 7.77888E+01 6.86040E-02
 1.70000E+01 9.32502E+01 7.88779E-02
 1.80000E+01 1.09248E+02 8.90891E-02
 1.90000E+01 1.25816E+02 9.93975E-02
 2.00000E+01 1.43121E+02 1.10056E-01
 2.10000E+01 1.62678E+02 1.22276E-01
 2.20000E+01 1.85638E+02 1.36884E-01
 2.30000E+01 2.11145E+02 1.53181E-01
 2.40000E+01 2.33490E+02 1.67039E-01
 2.50000E+01 2.54546E+02 1.79868E-01
 2.60000E+01 2.74046E+02 1.91494E-01
 2.70000E+01 2.93863E+02 2.03236E-01
 2.80000E+01 3.14307E+02 2.15310E-01
 2.90000E+01 3.35266E+02 2.27682E-01
 3.00000E+01 3.56716E+02 2.40414E-01
 3.20000E+01 4.00299E+02 2.66751E-01
 3.40000E+01 4.44918E+02 2.94593E-01
 3.60000E+01 4.89279E+02 3.22888E-01
 3.80000E+01 5.32775E+02 3.50939E-01
 4.00000E+01 5.75521E+02 3.78822E-01
 4.20000E+01 6.17565E+02 4.06791E-01
 4.40000E+01 6.59410E+02 4.35346E-01
 4.60000E+01 7.01252E+02 4.64609E-01
 4.80000E+01 7.40803E+02 4.92959E-01
 5.00000E+01 7.77466E+02 5.19905E-01
 5.20000E+01 8.10128E+02 5.44649E-01
 5.40000E+01 8.39346E+02 5.67544E-01
 5.60000E+01 8.67139E+02 5.89919E-01
 5.80000E+01 8.93582E+02 6.11783E-01
 6.00000E+01 9.18582E+02 6.33029E-01
