# p + 124Sn Total proton   production
# Q-value    = 0.00000E+00
# 
# # energies =   103
#    E         xs         Yield
 1.00000E-11 0.00000E+00 0.00000E+00
 2.53000E-08 0.00000E+00 0.00000E+00
 2.00000E-07 0.00000E+00 0.00000E+00
 1.00000E-06 0.00000E+00 0.00000E+00
 1.00000E-05 0.00000E+00 0.00000E+00
 1.00000E-04 0.00000E+00 0.00000E+00
 1.00000E-03 0.00000E+00 0.00000E+00
 2.00000E-03 0.00000E+00 0.00000E+00
 4.00000E-03 0.00000E+00 0.00000E+00
 7.00000E-03 0.00000E+00 0.00000E+00
 1.00000E-02 0.00000E+00 0.00000E+00
 2.00000E-02 0.00000E+00 0.00000E+00
 4.00000E-02 0.00000E+00 0.00000E+00
 7.00000E-02 0.00000E+00 0.00000E+00
 1.00000E-01 0.00000E+00 0.00000E+00
 2.00000E-01 0.00000E+00 0.00000E+00
 3.00000E-01 0.00000E+00 0.00000E+00
 4.00000E-01 0.00000E+00 0.00000E+00
 5.00000E-01 0.00000E+00 0.00000E+00
 6.00000E-01 0.00000E+00 0.00000E+00
 7.00000E-01 0.00000E+00 0.00000E+00
 8.00000E-01 0.00000E+00 0.00000E+00
 9.00000E-01 0.00000E+00 0.00000E+00
 1.00000E+00 0.00000E+00 0.00000E+00
 1.20000E+00 0.00000E+00 0.00000E+00
 1.40000E+00 0.00000E+00 0.00000E+00
 1.60000E+00 0.00000E+00 0.00000E+00
 1.80000E+00 2.16652E-24 4.00054E-20
 2.00000E+00 2.29770E-20 7.21361E-17
 2.20000E+00 1.94525E-17 1.34438E-14
 2.40000E+00 3.56640E-15 6.65264E-13
 2.60000E+00 2.36158E-13 1.40159E-11
 2.80000E+00 7.58632E-12 1.64000E-10
 3.00000E+00 3.72849E-10 3.28729E-09
 3.20000E+00 1.20416E-06 4.76543E-06
 3.40000E+00 9.32205E-07 1.79778E-06
 3.60000E+00 1.09317E-06 1.10337E-06
 3.80000E+00 1.84961E-06 1.04007E-06
 4.00000E+00 4.84190E-06 1.60297E-06
 4.20000E+00 1.50505E-05 3.08121E-06
 4.40000E+00 4.56740E-05 6.04249E-06
 4.60000E+00 1.27751E-04 1.13631E-05
 4.80000E+00 3.26915E-04 2.02634E-05
 5.00000E+00 7.69333E-04 3.43265E-05
 5.20000E+00 1.67820E-03 5.55094E-05
 5.40000E+00 3.42379E-03 8.62181E-05
 5.60000E+00 6.54462E-03 1.28520E-04
 5.80000E+00 1.18561E-02 1.85522E-04
 6.00000E+00 2.04572E-02 2.60038E-04
 6.20000E+00 3.37951E-02 3.55002E-04
 6.40000E+00 5.38247E-02 4.74407E-04
 6.60000E+00 8.29490E-02 6.21752E-04
 6.80000E+00 1.24315E-01 8.01948E-04
 7.00000E+00 1.81885E-01 1.02057E-03
 7.20000E+00 2.60364E-01 1.28288E-03
 7.40000E+00 3.66249E-01 1.59839E-03
 7.60000E+00 5.05336E-01 1.96886E-03
 7.80000E+00 6.88427E-01 2.41214E-03
 8.00000E+00 9.21089E-01 2.92220E-03
 8.50000E+00 1.78758E+00 4.54695E-03
 9.00000E+00 3.15543E+00 6.66462E-03
 9.50000E+00 5.09553E+00 9.20957E-03
 1.00000E+01 7.60789E+00 1.20664E-02
 1.05000E+01 1.06381E+01 1.51167E-02
 1.10000E+01 1.41061E+01 1.82716E-02
 1.15000E+01 1.79318E+01 2.14849E-02
 1.20000E+01 2.20463E+01 2.47425E-02
 1.25000E+01 2.63863E+01 2.80345E-02
 1.30000E+01 3.09139E+01 3.13642E-02
 1.35000E+01 3.56062E+01 3.47306E-02
 1.40000E+01 4.04529E+01 3.81275E-02
 1.45000E+01 4.54769E+01 4.15694E-02
 1.50000E+01 5.07067E+01 4.50730E-02
 1.60000E+01 6.18624E+01 5.23136E-02
 1.70000E+01 7.39615E+01 5.99126E-02
 1.80000E+01 8.68242E+01 6.78235E-02
 1.90000E+01 1.00336E+02 7.60554E-02
 2.00000E+01 1.14413E+02 8.45927E-02
 2.10000E+01 1.29832E+02 9.40013E-02
 2.20000E+01 1.45609E+02 1.03530E-01
 2.30000E+01 1.62055E+02 1.13382E-01
 2.40000E+01 1.78495E+02 1.23075E-01
 2.50000E+01 1.96603E+02 1.33758E-01
 2.60000E+01 2.14983E+02 1.44481E-01
 2.70000E+01 2.33708E+02 1.55331E-01
 2.80000E+01 2.52730E+02 1.66336E-01
 2.90000E+01 2.71901E+02 1.77473E-01
 3.00000E+01 2.91145E+02 1.88751E-01
 3.20000E+01 3.29561E+02 2.11634E-01
 3.40000E+01 3.67839E+02 2.34778E-01
 3.60000E+01 4.05924E+02 2.57921E-01
 3.80000E+01 4.43456E+02 2.80890E-01
 4.00000E+01 4.79799E+02 3.03544E-01
 4.20000E+01 5.14164E+02 3.25548E-01
 4.40000E+01 5.46627E+02 3.46917E-01
 4.60000E+01 5.78254E+02 3.68207E-01
 4.80000E+01 6.08201E+02 3.88816E-01
 5.00000E+01 6.36807E+02 4.08957E-01
 5.20000E+01 6.63814E+02 4.28482E-01
 5.40000E+01 6.89359E+02 4.47476E-01
 5.60000E+01 7.13640E+02 4.66023E-01
 5.80000E+01 7.36692E+02 4.84099E-01
 6.00000E+01 7.58251E+02 5.01489E-01
