# p + 119Sn Total proton   production
# Q-value    = 0.00000E+00
# 
# # energies =   103
#    E         xs         Yield
 1.00000E-11 0.00000E+00 0.00000E+00
 2.53000E-08 0.00000E+00 0.00000E+00
 2.00000E-07 0.00000E+00 0.00000E+00
 1.00000E-06 0.00000E+00 0.00000E+00
 1.00000E-05 0.00000E+00 0.00000E+00
 1.00000E-04 0.00000E+00 0.00000E+00
 1.00000E-03 0.00000E+00 0.00000E+00
 2.00000E-03 0.00000E+00 0.00000E+00
 4.00000E-03 0.00000E+00 0.00000E+00
 7.00000E-03 0.00000E+00 0.00000E+00
 1.00000E-02 0.00000E+00 0.00000E+00
 2.00000E-02 0.00000E+00 0.00000E+00
 4.00000E-02 0.00000E+00 0.00000E+00
 7.00000E-02 0.00000E+00 0.00000E+00
 1.00000E-01 0.00000E+00 0.00000E+00
 2.00000E-01 0.00000E+00 0.00000E+00
 3.00000E-01 0.00000E+00 0.00000E+00
 4.00000E-01 0.00000E+00 0.00000E+00
 5.00000E-01 0.00000E+00 0.00000E+00
 6.00000E-01 0.00000E+00 0.00000E+00
 7.00000E-01 0.00000E+00 0.00000E+00
 8.00000E-01 0.00000E+00 0.00000E+00
 9.00000E-01 0.00000E+00 0.00000E+00
 1.00000E+00 0.00000E+00 0.00000E+00
 1.20000E+00 0.00000E+00 0.00000E+00
 1.40000E+00 0.00000E+00 0.00000E+00
 1.60000E+00 0.00000E+00 0.00000E+00
 1.80000E+00 3.78433E-26 1.00552E-21
 2.00000E+00 2.80020E-06 1.26366E-02
 2.20000E+00 2.80132E-06 2.77096E-03
 2.40000E+00 2.81228E-06 7.45951E-04
 2.60000E+00 2.89893E-06 2.42444E-04
 2.80000E+00 3.38102E-06 1.01798E-04
 3.00000E+00 5.16241E-06 6.24885E-05
 3.20000E+00 1.11494E-05 5.95567E-05
 3.40000E+00 2.88776E-05 7.37193E-05
 3.60000E+00 7.58369E-05 9.91280E-05
 3.80000E+00 1.88487E-04 1.33993E-04
 4.00000E+00 4.36265E-04 1.77931E-04
 4.20000E+00 9.61249E-04 2.35926E-04
 4.40000E+00 1.94377E-03 2.99751E-04
 4.60000E+00 3.62421E-03 3.65258E-04
 4.80000E+00 6.60183E-03 4.50887E-04
 5.00000E+00 1.11897E-02 5.35611E-04
 5.20000E+00 1.83327E-02 6.34608E-04
 5.40000E+00 2.88270E-02 7.43132E-04
 5.60000E+00 4.36172E-02 8.60599E-04
 5.80000E+00 6.42800E-02 9.95726E-04
 6.00000E+00 9.21066E-02 1.14670E-03
 6.20000E+00 1.29184E-01 1.32048E-03
 6.40000E+00 1.78044E-01 1.52321E-03
 6.60000E+00 2.41729E-01 1.76064E-03
 6.80000E+00 3.22997E-01 2.03302E-03
 7.00000E+00 4.26766E-01 2.35167E-03
 7.20000E+00 5.58789E-01 2.72611E-03
 7.40000E+00 7.17919E-01 3.13096E-03
 7.60000E+00 9.20319E-01 3.61801E-03
 7.80000E+00 1.16305E+00 4.15163E-03
 8.00000E+00 1.45812E+00 4.75655E-03
 8.50000E+00 2.47804E+00 6.61023E-03
 9.00000E+00 4.00147E+00 8.98348E-03
 9.50000E+00 6.19115E+00 1.19828E-02
 1.00000E+01 9.37134E+00 1.59572E-02
 1.05000E+01 1.41255E+01 2.15246E-02
 1.10000E+01 2.10254E+01 2.90920E-02
 1.15000E+01 2.72780E+01 3.47150E-02
 1.20000E+01 3.19064E+01 3.77863E-02
 1.25000E+01 3.65294E+01 4.06909E-02
 1.30000E+01 4.14842E+01 4.38812E-02
 1.35000E+01 4.72091E+01 4.78082E-02
 1.40000E+01 5.32116E+01 5.19320E-02
 1.45000E+01 5.96722E+01 5.64116E-02
 1.50000E+01 6.64359E+01 6.10669E-02
 1.60000E+01 8.06385E+01 7.06061E-02
 1.70000E+01 9.56915E+01 8.03435E-02
 1.80000E+01 1.11570E+02 9.03034E-02
 1.90000E+01 1.28114E+02 1.00477E-01
 2.00000E+01 1.45243E+02 1.10914E-01
 2.10000E+01 1.64223E+02 1.22631E-01
 2.20000E+01 1.83256E+02 1.34285E-01
 2.30000E+01 2.02710E+02 1.46170E-01
 2.40000E+01 2.22792E+02 1.58418E-01
 2.50000E+01 2.43161E+02 1.70756E-01
 2.60000E+01 2.63792E+02 1.83147E-01
 2.70000E+01 2.84684E+02 1.95581E-01
 2.80000E+01 3.05965E+02 2.08172E-01
 2.90000E+01 3.27732E+02 2.21043E-01
 3.00000E+01 3.50284E+02 2.34478E-01
 3.20000E+01 3.95476E+02 2.61830E-01
 3.40000E+01 4.38079E+02 2.88240E-01
 3.60000E+01 4.78111E+02 3.13501E-01
 3.80000E+01 5.17277E+02 3.38475E-01
 4.00000E+01 5.55318E+02 3.63045E-01
 4.20000E+01 5.91923E+02 3.87247E-01
 4.40000E+01 6.27691E+02 4.11592E-01
 4.60000E+01 6.61847E+02 4.35523E-01
 4.80000E+01 6.94349E+02 4.58886E-01
 5.00000E+01 7.26153E+02 4.82237E-01
 5.20000E+01 7.57468E+02 5.05707E-01
 5.40000E+01 7.87782E+02 5.28958E-01
 5.60000E+01 8.17209E+02 5.52060E-01
 5.80000E+01 8.44668E+02 5.74245E-01
 6.00000E+01 8.70498E+02 5.95681E-01
