# p + 120Sn Reaction cross sections
# 
# 
# # energies =   103
#    E      Cross section
 1.00000E-11 0.00000E+00
 2.53000E-08 0.00000E+00
 2.00000E-07 0.00000E+00
 1.00000E-06 0.00000E+00
 1.00000E-05 0.00000E+00
 1.00000E-04 0.00000E+00
 1.00000E-03 0.00000E+00
 2.00000E-03 0.00000E+00
 4.00000E-03 0.00000E+00
 7.00000E-03 0.00000E+00
 1.00000E-02 0.00000E+00
 2.00000E-02 0.00000E+00
 4.00000E-02 0.00000E+00
 7.00000E-02 0.00000E+00
 1.00000E-01 0.00000E+00
 2.00000E-01 1.74487E-36
 3.00000E-01 7.91865E-28
 4.00000E-01 2.34638E-22
 5.00000E-01 7.30728E-19
 6.00000E-01 2.70742E-16
 7.00000E-01 2.64104E-14
 8.00000E-01 1.04628E-12
 9.00000E-01 2.18133E-11
 1.00000E+00 2.82454E-10
 1.20000E+00 1.71422E-08
 1.40000E+00 4.08527E-07
 1.60000E+00 5.18203E-06
 1.80000E+00 4.19571E-05
 2.00000E+00 2.43520E-04
 2.20000E+00 1.09537E-03
 2.40000E+00 4.03266E-03
 2.60000E+00 1.26408E-02
 2.80000E+00 3.47413E-02
 3.00000E+00 8.56042E-02
 3.20000E+00 1.92386E-01
 3.40000E+00 3.99745E-01
 3.60000E+00 7.76271E-01
 3.80000E+00 1.42111E+00
 4.00000E+00 2.46989E+00
 4.20000E+00 4.09865E+00
 4.40000E+00 6.52433E+00
 4.60000E+00 1.00001E+01
 4.80000E+00 1.48042E+01
 5.00000E+00 2.12213E+01
 5.20000E+00 2.95173E+01
 5.40000E+00 3.99097E+01
 5.60000E+00 5.25392E+01
 5.80000E+00 6.74485E+01
 6.00000E+00 8.45752E+01
 6.20000E+00 1.03761E+02
 6.40000E+00 1.24775E+02
 6.60000E+00 1.47351E+02
 6.80000E+00 1.71223E+02
 7.00000E+00 1.96149E+02
 7.20000E+00 2.21927E+02
 7.40000E+00 2.48398E+02
 7.60000E+00 2.75443E+02
 7.80000E+00 3.02967E+02
 8.00000E+00 3.30887E+02
 8.50000E+00 4.01930E+02
 9.00000E+00 4.73778E+02
 9.50000E+00 5.45274E+02
 1.00000E+01 6.15512E+02
 1.05000E+01 6.83867E+02
 1.10000E+01 7.49779E+02
 1.15000E+01 8.12549E+02
 1.20000E+01 8.71338E+02
 1.25000E+01 9.25376E+02
 1.30000E+01 9.74228E+02
 1.35000E+01 1.01793E+03
 1.40000E+01 1.05694E+03
 1.45000E+01 1.09199E+03
 1.50000E+01 1.12389E+03
 1.60000E+01 1.18094E+03
 1.70000E+01 1.23176E+03
 1.80000E+01 1.27756E+03
 1.90000E+01 1.31842E+03
 2.00000E+01 1.35439E+03
 2.10000E+01 1.38579E+03
 2.20000E+01 1.41305E+03
 2.30000E+01 1.43671E+03
 2.40000E+01 1.45741E+03
 2.50000E+01 1.47580E+03
 2.60000E+01 1.49245E+03
 2.70000E+01 1.50774E+03
 2.80000E+01 1.52176E+03
 2.90000E+01 1.53441E+03
 3.00000E+01 1.54545E+03
 3.20000E+01 1.56218E+03
 3.40000E+01 1.57250E+03
 3.60000E+01 1.57860E+03
 3.80000E+01 1.58209E+03
 4.00000E+01 1.58328E+03
 4.20000E+01 1.58206E+03
 4.40000E+01 1.57863E+03
 4.60000E+01 1.57347E+03
 4.80000E+01 1.56706E+03
 5.00000E+01 1.55974E+03
 5.20000E+01 1.55165E+03
 5.40000E+01 1.54292E+03
 5.60000E+01 1.53367E+03
 5.80000E+01 1.52405E+03
 6.00000E+01 1.51417E+03
