# p + 116Sn Reaction cross sections
# 
# 
# # energies =   103
#    E      Cross section
 1.00000E-11 0.00000E+00
 2.53000E-08 0.00000E+00
 2.00000E-07 0.00000E+00
 1.00000E-06 0.00000E+00
 1.00000E-05 0.00000E+00
 1.00000E-04 0.00000E+00
 1.00000E-03 0.00000E+00
 2.00000E-03 0.00000E+00
 4.00000E-03 0.00000E+00
 7.00000E-03 0.00000E+00
 1.00000E-02 0.00000E+00
 2.00000E-02 0.00000E+00
 4.00000E-02 0.00000E+00
 7.00000E-02 0.00000E+00
 1.00000E-01 0.00000E+00
 2.00000E-01 1.29487E-36
 3.00000E-01 5.88162E-28
 4.00000E-01 1.68004E-22
 5.00000E-01 5.24817E-19
 6.00000E-01 1.95070E-16
 7.00000E-01 1.90917E-14
 8.00000E-01 7.58870E-13
 9.00000E-01 1.58753E-11
 1.00000E+00 2.06279E-10
 1.20000E+00 1.26083E-08
 1.40000E+00 3.02692E-07
 1.60000E+00 3.86861E-06
 1.80000E+00 3.15673E-05
 2.00000E+00 1.84671E-04
 2.20000E+00 8.37398E-04
 2.40000E+00 3.10845E-03
 2.60000E+00 9.82608E-03
 2.80000E+00 2.72381E-02
 3.00000E+00 6.77031E-02
 3.20000E+00 1.53520E-01
 3.40000E+00 3.21913E-01
 3.60000E+00 6.30980E-01
 3.80000E+00 1.16625E+00
 4.00000E+00 2.04678E+00
 4.20000E+00 3.43053E+00
 4.40000E+00 5.51664E+00
 4.60000E+00 8.54356E+00
 4.80000E+00 1.27811E+01
 5.00000E+00 1.85147E+01
 5.20000E+00 2.60217E+01
 5.40000E+00 3.55404E+01
 5.60000E+00 4.72377E+01
 5.80000E+00 6.11804E+01
 6.00000E+00 7.73194E+01
 6.20000E+00 9.54924E+01
 6.40000E+00 1.15448E+02
 6.60000E+00 1.36882E+02
 6.80000E+00 1.59483E+02
 7.00000E+00 1.82971E+02
 7.20000E+00 2.07118E+02
 7.40000E+00 2.31758E+02
 7.60000E+00 2.56780E+02
 7.80000E+00 2.82114E+02
 8.00000E+00 3.07715E+02
 8.50000E+00 3.72652E+02
 9.00000E+00 4.38439E+02
 9.50000E+00 5.04313E+02
 1.00000E+01 5.69579E+02
 1.05000E+01 6.33737E+02
 1.10000E+01 6.96366E+02
 1.15000E+01 7.56885E+02
 1.20000E+01 8.14439E+02
 1.25000E+01 8.68040E+02
 1.30000E+01 9.16866E+02
 1.35000E+01 9.60530E+02
 1.40000E+01 9.99167E+02
 1.45000E+01 1.03334E+03
 1.50000E+01 1.06387E+03
 1.60000E+01 1.11729E+03
 1.70000E+01 1.16451E+03
 1.80000E+01 1.20766E+03
 1.90000E+01 1.24687E+03
 2.00000E+01 1.28178E+03
 2.10000E+01 1.31233E+03
 2.20000E+01 1.33874E+03
 2.30000E+01 1.36139E+03
 2.40000E+01 1.38083E+03
 2.50000E+01 1.39778E+03
 2.60000E+01 1.41295E+03
 2.70000E+01 1.42692E+03
 2.80000E+01 1.44000E+03
 2.90000E+01 1.45220E+03
 3.00000E+01 1.46326E+03
 3.20000E+01 1.48063E+03
 3.40000E+01 1.49085E+03
 3.60000E+01 1.49573E+03
 3.80000E+01 1.49789E+03
 4.00000E+01 1.49843E+03
 4.20000E+01 1.49716E+03
 4.40000E+01 1.49378E+03
 4.60000E+01 1.48851E+03
 4.80000E+01 1.48192E+03
 5.00000E+01 1.47449E+03
 5.20000E+01 1.46649E+03
 5.40000E+01 1.45800E+03
 5.60000E+01 1.44909E+03
 5.80000E+01 1.43988E+03
 6.00000E+01 1.43046E+03
