# p + 117Sn Reaction cross sections
# 
# 
# # energies =   103
#    E      Cross section
 1.00000E-11 0.00000E+00
 2.53000E-08 0.00000E+00
 2.00000E-07 0.00000E+00
 1.00000E-06 0.00000E+00
 1.00000E-05 0.00000E+00
 1.00000E-04 0.00000E+00
 1.00000E-03 0.00000E+00
 2.00000E-03 0.00000E+00
 4.00000E-03 0.00000E+00
 7.00000E-03 0.00000E+00
 1.00000E-02 0.00000E+00
 2.00000E-02 0.00000E+00
 4.00000E-02 0.00000E+00
 7.00000E-02 0.00000E+00
 1.00000E-01 0.00000E+00
 2.00000E-01 1.25805E-36
 3.00000E-01 5.73717E-28
 4.00000E-01 1.71651E-22
 5.00000E-01 5.37808E-19
 6.00000E-01 2.00469E-16
 7.00000E-01 1.96737E-14
 8.00000E-01 7.84043E-13
 9.00000E-01 1.64428E-11
 1.00000E+00 2.14164E-10
 1.20000E+00 1.31487E-08
 1.40000E+00 3.16946E-07
 1.60000E+00 4.06586E-06
 1.80000E+00 3.32846E-05
 2.00000E+00 1.95286E-04
 2.20000E+00 8.87780E-04
 2.40000E+00 3.30258E-03
 2.60000E+00 1.04582E-02
 2.80000E+00 2.90297E-02
 3.00000E+00 7.22244E-02
 3.20000E+00 1.63856E-01
 3.40000E+00 3.43606E-01
 3.60000E+00 6.73218E-01
 3.80000E+00 1.24317E+00
 4.00000E+00 2.17860E+00
 4.20000E+00 3.64408E+00
 4.40000E+00 5.84471E+00
 4.60000E+00 9.02241E+00
 4.80000E+00 1.34456E+01
 5.00000E+00 1.93908E+01
 5.20000E+00 2.71175E+01
 5.40000E+00 3.68373E+01
 5.60000E+00 4.86842E+01
 5.80000E+00 6.26920E+01
 6.00000E+00 7.87865E+01
 6.20000E+00 9.67959E+01
 6.40000E+00 1.16478E+02
 6.60000E+00 1.37559E+02
 6.80000E+00 1.59771E+02
 7.00000E+00 1.82880E+02
 7.20000E+00 2.06703E+02
 7.40000E+00 2.31111E+02
 7.60000E+00 2.56015E+02
 7.80000E+00 2.81357E+02
 8.00000E+00 3.07093E+02
 8.50000E+00 3.72865E+02
 9.00000E+00 4.40028E+02
 9.50000E+00 5.07586E+02
 1.00000E+01 5.74636E+02
 1.05000E+01 6.40498E+02
 1.10000E+01 7.04588E+02
 1.15000E+01 7.66177E+02
 1.20000E+01 8.24320E+02
 1.25000E+01 8.78036E+02
 1.30000E+01 9.26607E+02
 1.35000E+01 9.69812E+02
 1.40000E+01 1.00796E+03
 1.45000E+01 1.04175E+03
 1.50000E+01 1.07208E+03
 1.60000E+01 1.12562E+03
 1.70000E+01 1.17338E+03
 1.80000E+01 1.21700E+03
 1.90000E+01 1.25639E+03
 2.00000E+01 1.29120E+03
 2.10000E+01 1.32147E+03
 2.20000E+01 1.34754E+03
 2.30000E+01 1.36994E+03
 2.40000E+01 1.38933E+03
 2.50000E+01 1.40645E+03
 2.60000E+01 1.42196E+03
 2.70000E+01 1.43637E+03
 2.80000E+01 1.44986E+03
 2.90000E+01 1.46236E+03
 3.00000E+01 1.47355E+03
 3.20000E+01 1.49072E+03
 3.40000E+01 1.50063E+03
 3.60000E+01 1.50555E+03
 3.80000E+01 1.50802E+03
 4.00000E+01 1.50885E+03
 4.20000E+01 1.50769E+03
 4.40000E+01 1.50427E+03
 4.60000E+01 1.49896E+03
 4.80000E+01 1.49237E+03
 5.00000E+01 1.48497E+03
 5.20000E+01 1.47698E+03
 5.40000E+01 1.46848E+03
 5.60000E+01 1.45954E+03
 5.80000E+01 1.45027E+03
 6.00000E+01 1.44080E+03
