# p + 119Sn Reaction cross sections
# 
# 
# # energies =   103
#    E      Cross section
 1.00000E-11 0.00000E+00
 2.53000E-08 0.00000E+00
 2.00000E-07 0.00000E+00
 1.00000E-06 0.00000E+00
 1.00000E-05 0.00000E+00
 1.00000E-04 0.00000E+00
 1.00000E-03 0.00000E+00
 2.00000E-03 0.00000E+00
 4.00000E-03 0.00000E+00
 7.00000E-03 0.00000E+00
 1.00000E-02 0.00000E+00
 2.00000E-02 0.00000E+00
 4.00000E-02 0.00000E+00
 7.00000E-02 0.00000E+00
 1.00000E-01 0.00000E+00
 2.00000E-01 1.23887E-36
 3.00000E-01 5.68643E-28
 4.00000E-01 1.84843E-22
 5.00000E-01 5.81883E-19
 6.00000E-01 2.17880E-16
 7.00000E-01 2.14751E-14
 8.00000E-01 8.59380E-13
 9.00000E-01 1.80940E-11
 1.00000E+00 2.36556E-10
 1.20000E+00 1.46248E-08
 1.40000E+00 3.54728E-07
 1.60000E+00 4.57564E-06
 1.80000E+00 3.76358E-05
 2.00000E+00 2.21695E-04
 2.20000E+00 1.01106E-03
 2.40000E+00 3.77019E-03
 2.60000E+00 1.19574E-02
 2.80000E+00 3.32142E-02
 3.00000E+00 8.26178E-02
 3.20000E+00 1.87220E-01
 3.40000E+00 3.91763E-01
 3.60000E+00 7.65146E-01
 3.80000E+00 1.40695E+00
 4.00000E+00 2.45245E+00
 4.20000E+00 4.07554E+00
 4.40000E+00 6.48686E+00
 4.60000E+00 9.92625E+00
 4.80000E+00 1.46483E+01
 5.00000E+00 2.09014E+01
 5.20000E+00 2.89025E+01
 5.40000E+00 3.88106E+01
 5.60000E+00 5.07073E+01
 5.80000E+00 6.45861E+01
 6.00000E+00 8.03578E+01
 6.20000E+00 9.78686E+01
 6.40000E+00 1.16927E+02
 6.60000E+00 1.37336E+02
 6.80000E+00 1.58914E+02
 7.00000E+00 1.81510E+02
 7.20000E+00 2.05009E+02
 7.40000E+00 2.29326E+02
 7.60000E+00 2.54397E+02
 7.80000E+00 2.80164E+02
 8.00000E+00 3.06568E+02
 8.50000E+00 3.74891E+02
 9.00000E+00 4.45433E+02
 9.50000E+00 5.16673E+02
 1.00000E+01 5.87282E+02
 1.05000E+01 6.56252E+02
 1.10000E+01 7.22724E+02
 1.15000E+01 7.85771E+02
 1.20000E+01 8.44389E+02
 1.25000E+01 8.97730E+02
 1.30000E+01 9.45376E+02
 1.35000E+01 9.87470E+02
 1.40000E+01 1.02464E+03
 1.45000E+01 1.05780E+03
 1.50000E+01 1.08792E+03
 1.60000E+01 1.14209E+03
 1.70000E+01 1.19103E+03
 1.80000E+01 1.23550E+03
 1.90000E+01 1.27506E+03
 2.00000E+01 1.30951E+03
 2.10000E+01 1.33917E+03
 2.20000E+01 1.36468E+03
 2.30000E+01 1.38681E+03
 2.40000E+01 1.40635E+03
 2.50000E+01 1.42402E+03
 2.60000E+01 1.44033E+03
 2.70000E+01 1.45558E+03
 2.80000E+01 1.46977E+03
 2.90000E+01 1.48266E+03
 3.00000E+01 1.49389E+03
 3.20000E+01 1.51043E+03
 3.40000E+01 1.51984E+03
 3.60000E+01 1.52507E+03
 3.80000E+01 1.52826E+03
 4.00000E+01 1.52961E+03
 4.20000E+01 1.52854E+03
 4.40000E+01 1.52503E+03
 4.60000E+01 1.51966E+03
 4.80000E+01 1.51312E+03
 5.00000E+01 1.50580E+03
 5.20000E+01 1.49784E+03
 5.40000E+01 1.48931E+03
 5.60000E+01 1.48029E+03
 5.80000E+01 1.47092E+03
 6.00000E+01 1.46135E+03
