# p + 118Sn Reaction cross sections
# 
# 
# # energies =   103
#    E      Cross section
 1.00000E-11 0.00000E+00
 2.53000E-08 0.00000E+00
 2.00000E-07 0.00000E+00
 1.00000E-06 0.00000E+00
 1.00000E-05 0.00000E+00
 1.00000E-04 0.00000E+00
 1.00000E-03 0.00000E+00
 2.00000E-03 0.00000E+00
 4.00000E-03 0.00000E+00
 7.00000E-03 0.00000E+00
 1.00000E-02 0.00000E+00
 2.00000E-02 0.00000E+00
 4.00000E-02 0.00000E+00
 7.00000E-02 0.00000E+00
 1.00000E-01 0.00000E+00
 2.00000E-01 1.24033E-36
 3.00000E-01 5.67599E-28
 4.00000E-01 1.77284E-22
 5.00000E-01 5.56874E-19
 6.00000E-01 2.08081E-16
 7.00000E-01 2.04684E-14
 8.00000E-01 8.17534E-13
 9.00000E-01 1.71818E-11
 1.00000E+00 2.24243E-10
 1.20000E+00 1.38196E-08
 1.40000E+00 3.34257E-07
 1.60000E+00 4.30102E-06
 1.80000E+00 3.53039E-05
 2.00000E+00 2.07609E-04
 2.20000E+00 9.45609E-04
 2.40000E+00 3.52305E-03
 2.60000E+00 1.11687E-02
 2.80000E+00 3.10235E-02
 3.00000E+00 7.72043E-02
 3.20000E+00 1.75118E-01
 3.40000E+00 3.66972E-01
 3.60000E+00 7.18148E-01
 3.80000E+00 1.32387E+00
 4.00000E+00 2.31477E+00
 4.20000E+00 3.86085E+00
 4.40000E+00 6.17114E+00
 4.60000E+00 9.48805E+00
 4.80000E+00 1.40748E+01
 5.00000E+00 2.01953E+01
 5.20000E+00 2.80881E+01
 5.40000E+00 3.79377E+01
 5.60000E+00 4.98486E+01
 5.80000E+00 6.38298E+01
 6.00000E+00 7.97938E+01
 6.20000E+00 9.75721E+01
 6.40000E+00 1.16944E+02
 6.60000E+00 1.37673E+02
 6.80000E+00 1.59534E+02
 7.00000E+00 1.82339E+02
 7.20000E+00 2.05942E+02
 7.40000E+00 2.30241E+02
 7.60000E+00 2.55161E+02
 7.80000E+00 2.80649E+02
 8.00000E+00 3.06656E+02
 8.50000E+00 3.73567E+02
 9.00000E+00 4.42331E+02
 9.50000E+00 5.11695E+02
 1.00000E+01 5.80543E+02
 1.05000E+01 6.48025E+02
 1.10000E+01 7.13407E+02
 1.15000E+01 7.75844E+02
 1.20000E+01 8.34342E+02
 1.25000E+01 8.87964E+02
 1.30000E+01 9.36132E+02
 1.35000E+01 9.78804E+02
 1.40000E+01 1.01645E+03
 1.45000E+01 1.04990E+03
 1.50000E+01 1.08008E+03
 1.60000E+01 1.13388E+03
 1.70000E+01 1.18221E+03
 1.80000E+01 1.22628E+03
 1.90000E+01 1.26579E+03
 2.00000E+01 1.30044E+03
 2.10000E+01 1.33041E+03
 2.20000E+01 1.35617E+03
 2.30000E+01 1.37840E+03
 2.40000E+01 1.39782E+03
 2.50000E+01 1.41518E+03
 2.60000E+01 1.43109E+03
 2.70000E+01 1.44592E+03
 2.80000E+01 1.45979E+03
 2.90000E+01 1.47252E+03
 3.00000E+01 1.48376E+03
 3.20000E+01 1.50065E+03
 3.40000E+01 1.51028E+03
 3.60000E+01 1.51532E+03
 3.80000E+01 1.51814E+03
 4.00000E+01 1.51924E+03
 4.20000E+01 1.51814E+03
 4.40000E+01 1.51468E+03
 4.60000E+01 1.50934E+03
 4.80000E+01 1.50277E+03
 5.00000E+01 1.49540E+03
 5.20000E+01 1.48743E+03
 5.40000E+01 1.47891E+03
 5.60000E+01 1.46993E+03
 5.80000E+01 1.46062E+03
 6.00000E+01 1.45109E+03
