# p + 112Sn Reaction cross sections
# 
# 
# # energies =   103
#    E      Cross section
 1.00000E-11 0.00000E+00
 2.53000E-08 0.00000E+00
 2.00000E-07 0.00000E+00
 1.00000E-06 0.00000E+00
 1.00000E-05 0.00000E+00
 1.00000E-04 0.00000E+00
 1.00000E-03 0.00000E+00
 2.00000E-03 0.00000E+00
 4.00000E-03 0.00000E+00
 7.00000E-03 0.00000E+00
 1.00000E-02 0.00000E+00
 2.00000E-02 0.00000E+00
 4.00000E-02 0.00000E+00
 7.00000E-02 0.00000E+00
 1.00000E-01 0.00000E+00
 2.00000E-01 1.73437E-36
 3.00000E-01 7.71067E-28
 4.00000E-01 1.78065E-22
 5.00000E-01 5.46439E-19
 6.00000E-01 1.99687E-16
 7.00000E-01 1.92284E-14
 8.00000E-01 7.52582E-13
 9.00000E-01 1.55121E-11
 1.00000E+00 1.98724E-10
 1.20000E+00 1.18285E-08
 1.40000E+00 2.77154E-07
 1.60000E+00 3.46430E-06
 1.80000E+00 2.76987E-05
 2.00000E+00 1.59059E-04
 2.20000E+00 7.09192E-04
 2.40000E+00 2.59272E-03
 2.60000E+00 8.08462E-03
 2.80000E+00 2.21415E-02
 3.00000E+00 5.44591E-02
 3.20000E+00 1.22391E-01
 3.40000E+00 2.54774E-01
 3.60000E+00 4.96590E-01
 3.80000E+00 9.14303E-01
 4.00000E+00 1.60157E+00
 4.20000E+00 2.68453E+00
 4.40000E+00 4.32670E+00
 4.60000E+00 6.73152E+00
 4.80000E+00 1.01420E+01
 5.00000E+00 1.48352E+01
 5.20000E+00 2.11110E+01
 5.40000E+00 2.92715E+01
 5.60000E+00 3.95935E+01
 5.80000E+00 5.22936E+01
 6.00000E+00 6.74921E+01
 6.20000E+00 8.51835E+01
 6.40000E+00 1.05222E+02
 6.60000E+00 1.27330E+02
 6.80000E+00 1.51132E+02
 7.00000E+00 1.76203E+02
 7.20000E+00 2.02124E+02
 7.40000E+00 2.28529E+02
 7.60000E+00 2.55127E+02
 7.80000E+00 2.81713E+02
 8.00000E+00 3.08158E+02
 8.50000E+00 3.73238E+02
 9.00000E+00 4.36550E+02
 9.50000E+00 4.97923E+02
 1.00000E+01 5.57297E+02
 1.05000E+01 6.14838E+02
 1.10000E+01 6.70851E+02
 1.15000E+01 7.25514E+02
 1.20000E+01 7.78636E+02
 1.25000E+01 8.29614E+02
 1.30000E+01 8.77605E+02
 1.35000E+01 9.21824E+02
 1.40000E+01 9.61799E+02
 1.45000E+01 9.97482E+02
 1.50000E+01 1.02921E+03
 1.60000E+01 1.08327E+03
 1.70000E+01 1.12905E+03
 1.80000E+01 1.17016E+03
 1.90000E+01 1.20797E+03
 2.00000E+01 1.24258E+03
 2.10000E+01 1.27376E+03
 2.20000E+01 1.30140E+03
 2.30000E+01 1.32545E+03
 2.40000E+01 1.34593E+03
 2.50000E+01 1.36312E+03
 2.60000E+01 1.37763E+03
 2.70000E+01 1.39020E+03
 2.80000E+01 1.40154E+03
 2.90000E+01 1.41208E+03
 3.00000E+01 1.42196E+03
 3.20000E+01 1.43893E+03
 3.40000E+01 1.45029E+03
 3.60000E+01 1.45570E+03
 3.80000E+01 1.45713E+03
 4.00000E+01 1.45652E+03
 4.20000E+01 1.45456E+03
 4.40000E+01 1.45107E+03
 4.60000E+01 1.44596E+03
 4.80000E+01 1.43947E+03
 5.00000E+01 1.43204E+03
 5.20000E+01 1.42400E+03
 5.40000E+01 1.41555E+03
 5.60000E+01 1.40679E+03
 5.80000E+01 1.39778E+03
 6.00000E+01 1.38859E+03
