# p + 115Sn Reaction cross sections
# 
# 
# # energies =   103
#    E      Cross section
 1.00000E-11 0.00000E+00
 2.53000E-08 0.00000E+00
 2.00000E-07 0.00000E+00
 1.00000E-06 0.00000E+00
 1.00000E-05 0.00000E+00
 1.00000E-04 0.00000E+00
 1.00000E-03 0.00000E+00
 2.00000E-03 0.00000E+00
 4.00000E-03 0.00000E+00
 7.00000E-03 0.00000E+00
 1.00000E-02 0.00000E+00
 2.00000E-02 0.00000E+00
 4.00000E-02 0.00000E+00
 7.00000E-02 0.00000E+00
 1.00000E-01 0.00000E+00
 2.00000E-01 1.35488E-36
 3.00000E-01 6.12629E-28
 4.00000E-01 1.66512E-22
 5.00000E-01 5.18337E-19
 6.00000E-01 1.92018E-16
 7.00000E-01 1.87330E-14
 8.00000E-01 7.42340E-13
 9.00000E-01 1.54842E-11
 1.00000E+00 2.00637E-10
 1.20000E+00 1.21995E-08
 1.40000E+00 2.91482E-07
 1.60000E+00 3.70917E-06
 1.80000E+00 3.01470E-05
 2.00000E+00 1.75735E-04
 2.20000E+00 7.94351E-04
 2.40000E+00 2.94043E-03
 2.60000E+00 9.27254E-03
 2.80000E+00 2.56516E-02
 3.00000E+00 6.36563E-02
 3.20000E+00 1.44169E-01
 3.40000E+00 3.02069E-01
 3.60000E+00 5.91890E-01
 3.80000E+00 1.09416E+00
 4.00000E+00 1.92154E+00
 4.20000E+00 3.22451E+00
 4.40000E+00 5.19461E+00
 4.60000E+00 8.06423E+00
 4.80000E+00 1.21009E+01
 5.00000E+00 1.75943E+01
 5.20000E+00 2.48352E+01
 5.40000E+00 3.40861E+01
 5.60000E+00 4.55472E+01
 5.80000E+00 5.93236E+01
 6.00000E+00 7.54014E+01
 6.20000E+00 9.36421E+01
 6.40000E+00 1.13798E+02
 6.60000E+00 1.35548E+02
 6.80000E+00 1.58545E+02
 7.00000E+00 1.82459E+02
 7.20000E+00 2.07013E+02
 7.40000E+00 2.31995E+02
 7.60000E+00 2.57264E+02
 7.80000E+00 2.82729E+02
 8.00000E+00 3.08338E+02
 8.50000E+00 3.72775E+02
 9.00000E+00 4.37454E+02
 9.50000E+00 5.01819E+02
 1.00000E+01 5.65369E+02
 1.05000E+01 6.27786E+02
 1.10000E+01 6.88827E+02
 1.15000E+01 7.48079E+02
 1.20000E+01 8.04814E+02
 1.25000E+01 8.58080E+02
 1.30000E+01 9.06990E+02
 1.35000E+01 9.51009E+02
 1.40000E+01 9.90099E+02
 1.45000E+01 1.02468E+03
 1.50000E+01 1.05547E+03
 1.60000E+01 1.10889E+03
 1.70000E+01 1.15564E+03
 1.80000E+01 1.19828E+03
 1.90000E+01 1.23723E+03
 2.00000E+01 1.27218E+03
 2.10000E+01 1.30299E+03
 2.20000E+01 1.32974E+03
 2.30000E+01 1.35269E+03
 2.40000E+01 1.37228E+03
 2.50000E+01 1.38915E+03
 2.60000E+01 1.40403E+03
 2.70000E+01 1.41758E+03
 2.80000E+01 1.43022E+03
 2.90000E+01 1.44206E+03
 3.00000E+01 1.45293E+03
 3.20000E+01 1.47039E+03
 3.40000E+01 1.48093E+03
 3.60000E+01 1.48585E+03
 3.80000E+01 1.48774E+03
 4.00000E+01 1.48799E+03
 4.20000E+01 1.48658E+03
 4.40000E+01 1.48321E+03
 4.60000E+01 1.47798E+03
 4.80000E+01 1.47140E+03
 5.00000E+01 1.46396E+03
 5.20000E+01 1.45594E+03
 5.40000E+01 1.44746E+03
 5.60000E+01 1.43859E+03
 5.80000E+01 1.42942E+03
 6.00000E+01 1.42006E+03
