# p + 114Sn Reaction cross sections
# 
# 
# # energies =   103
#    E      Cross section
 1.00000E-11 0.00000E+00
 2.53000E-08 0.00000E+00
 2.00000E-07 0.00000E+00
 1.00000E-06 0.00000E+00
 1.00000E-05 0.00000E+00
 1.00000E-04 0.00000E+00
 1.00000E-03 0.00000E+00
 2.00000E-03 0.00000E+00
 4.00000E-03 0.00000E+00
 7.00000E-03 0.00000E+00
 1.00000E-02 0.00000E+00
 2.00000E-02 0.00000E+00
 4.00000E-02 0.00000E+00
 7.00000E-02 0.00000E+00
 1.00000E-01 0.00000E+00
 2.00000E-01 1.44336E-36
 3.00000E-01 6.49298E-28
 4.00000E-01 1.67433E-22
 5.00000E-01 5.19067E-19
 6.00000E-01 1.91537E-16
 7.00000E-01 1.86163E-14
 8.00000E-01 7.35086E-13
 9.00000E-01 1.52807E-11
 1.00000E+00 1.97354E-10
 1.20000E+00 1.19269E-08
 1.40000E+00 2.83382E-07
 1.60000E+00 3.58775E-06
 1.80000E+00 2.90244E-05
 2.00000E+00 1.68475E-04
 2.20000E+00 7.58615E-04
 2.40000E+00 2.79847E-03
 2.60000E+00 8.79786E-03
 2.80000E+00 2.42733E-02
 3.00000E+00 6.00981E-02
 3.20000E+00 1.35853E-01
 3.40000E+00 2.84223E-01
 3.60000E+00 5.56335E-01
 3.80000E+00 1.02777E+00
 4.00000E+00 1.80482E+00
 4.20000E+00 3.02986E+00
 4.40000E+00 4.88573E+00
 4.60000E+00 7.59658E+00
 4.80000E+00 1.14243E+01
 5.00000E+00 1.66584E+01
 5.20000E+00 2.35978E+01
 5.40000E+00 3.25245E+01
 5.60000E+00 4.36694E+01
 5.80000E+00 5.71776E+01
 6.00000E+00 7.30780E+01
 6.20000E+00 9.12681E+01
 6.40000E+00 1.11520E+02
 6.60000E+00 1.33511E+02
 6.80000E+00 1.56868E+02
 7.00000E+00 1.81217E+02
 7.20000E+00 2.06228E+02
 7.40000E+00 2.31642E+02
 7.60000E+00 2.57273E+02
 7.80000E+00 2.83001E+02
 8.00000E+00 3.08759E+02
 8.50000E+00 3.73056E+02
 9.00000E+00 4.36931E+02
 9.50000E+00 5.00014E+02
 1.00000E+01 5.61975E+02
 1.05000E+01 6.22672E+02
 1.10000E+01 6.82046E+02
 1.15000E+01 7.39872E+02
 1.20000E+01 7.95575E+02
 1.25000E+01 8.48286E+02
 1.30000E+01 8.97089E+02
 1.35000E+01 9.41332E+02
 1.40000E+01 9.80814E+02
 1.45000E+01 1.01580E+03
 1.50000E+01 1.04689E+03
 1.60000E+01 1.10042E+03
 1.70000E+01 1.14676E+03
 1.80000E+01 1.18889E+03
 1.90000E+01 1.22752E+03
 2.00000E+01 1.26244E+03
 2.10000E+01 1.29344E+03
 2.20000E+01 1.32052E+03
 2.30000E+01 1.34383E+03
 2.40000E+01 1.36365E+03
 2.50000E+01 1.38053E+03
 2.60000E+01 1.39519E+03
 2.70000E+01 1.40836E+03
 2.80000E+01 1.42055E+03
 2.90000E+01 1.43199E+03
 3.00000E+01 1.44258E+03
 3.20000E+01 1.46001E+03
 3.40000E+01 1.47087E+03
 3.60000E+01 1.47590E+03
 3.80000E+01 1.47757E+03
 4.00000E+01 1.47752E+03
 4.20000E+01 1.47595E+03
 4.40000E+01 1.47256E+03
 4.60000E+01 1.46738E+03
 4.80000E+01 1.46083E+03
 5.00000E+01 1.45337E+03
 5.20000E+01 1.44534E+03
 5.40000E+01 1.43687E+03
 5.60000E+01 1.42805E+03
 5.80000E+01 1.41893E+03
 6.00000E+01 1.40962E+03
