# p + 122Sn Reaction cross sections
# 
# 
# # energies =   103
#    E      Cross section
 1.00000E-11 0.00000E+00
 2.53000E-08 0.00000E+00
 2.00000E-07 0.00000E+00
 1.00000E-06 0.00000E+00
 1.00000E-05 0.00000E+00
 1.00000E-04 0.00000E+00
 1.00000E-03 0.00000E+00
 2.00000E-03 0.00000E+00
 4.00000E-03 0.00000E+00
 7.00000E-03 0.00000E+00
 1.00000E-02 0.00000E+00
 2.00000E-02 0.00000E+00
 4.00000E-02 0.00000E+00
 7.00000E-02 0.00000E+00
 1.00000E-01 0.00000E+00
 2.00000E-01 1.31483E-36
 3.00000E-01 6.07755E-28
 4.00000E-01 2.19242E-22
 5.00000E-01 6.93505E-19
 6.00000E-01 2.60863E-16
 7.00000E-01 2.58229E-14
 8.00000E-01 1.03753E-12
 9.00000E-01 2.19271E-11
 1.00000E+00 2.87669E-10
 1.20000E+00 1.78937E-08
 1.40000E+00 4.36165E-07
 1.60000E+00 5.64724E-06
 1.80000E+00 4.65658E-05
 2.00000E+00 2.74627E-04
 2.20000E+00 1.25229E-03
 2.40000E+00 4.66258E-03
 2.60000E+00 1.47438E-02
 2.80000E+00 4.07710E-02
 3.00000E+00 1.00804E-01
 3.20000E+00 2.26696E-01
 3.40000E+00 4.69999E-01
 3.60000E+00 9.08070E-01
 3.80000E+00 1.64903E+00
 4.00000E+00 2.83474E+00
 4.20000E+00 4.63974E+00
 4.40000E+00 7.26561E+00
 4.60000E+00 1.09300E+01
 4.80000E+00 1.58513E+01
 5.00000E+00 2.22301E+01
 5.20000E+00 3.02315E+01
 5.40000E+00 3.99707E+01
 5.60000E+00 5.15058E+01
 5.80000E+00 6.48397E+01
 6.00000E+00 7.99293E+01
 6.20000E+00 9.67006E+01
 6.40000E+00 1.15065E+02
 6.60000E+00 1.34931E+02
 6.80000E+00 1.56218E+02
 7.00000E+00 1.78850E+02
 7.20000E+00 2.02758E+02
 7.40000E+00 2.27875E+02
 7.60000E+00 2.54123E+02
 7.80000E+00 2.81413E+02
 8.00000E+00 3.09625E+02
 8.50000E+00 3.83388E+02
 9.00000E+00 4.59821E+02
 9.50000E+00 5.36565E+02
 1.00000E+01 6.11732E+02
 1.05000E+01 6.83988E+02
 1.10000E+01 7.52297E+02
 1.15000E+01 8.15715E+02
 1.20000E+01 8.73455E+02
 1.25000E+01 9.25110E+02
 1.30000E+01 9.70815E+02
 1.35000E+01 1.01122E+03
 1.40000E+01 1.04729E+03
 1.45000E+01 1.08008E+03
 1.50000E+01 1.11048E+03
 1.60000E+01 1.16643E+03
 1.70000E+01 1.21724E+03
 1.80000E+01 1.26259E+03
 1.90000E+01 1.30199E+03
 2.00000E+01 1.33570E+03
 2.10000E+01 1.36460E+03
 2.20000E+01 1.38974E+03
 2.30000E+01 1.41209E+03
 2.40000E+01 1.43240E+03
 2.50000E+01 1.45119E+03
 2.60000E+01 1.46869E+03
 2.70000E+01 1.48493E+03
 2.80000E+01 1.49970E+03
 2.90000E+01 1.51265E+03
 3.00000E+01 1.52349E+03
 3.20000E+01 1.53886E+03
 3.40000E+01 1.54808E+03
 3.60000E+01 1.55428E+03
 3.80000E+01 1.55859E+03
 4.00000E+01 1.56041E+03
 4.20000E+01 1.55927E+03
 4.40000E+01 1.55560E+03
 4.60000E+01 1.55027E+03
 4.80000E+01 1.54390E+03
 5.00000E+01 1.53672E+03
 5.20000E+01 1.52879E+03
 5.40000E+01 1.52018E+03
 5.60000E+01 1.51104E+03
 5.80000E+01 1.50155E+03
 6.00000E+01 1.49185E+03
