# p + 112Sn: Production of 108In - Total
# Q-value    =-7.74249E+00 mass= 107.909694
# E-threshold= 7.81218E+00
# # energies =   103
#     E          xs
 1.00000E-11 0.00000E+00
 2.53000E-08 0.00000E+00
 2.00000E-07 0.00000E+00
 1.00000E-06 0.00000E+00
 1.00000E-05 0.00000E+00
 1.00000E-04 0.00000E+00
 1.00000E-03 0.00000E+00
 2.00000E-03 0.00000E+00
 4.00000E-03 0.00000E+00
 7.00000E-03 0.00000E+00
 1.00000E-02 0.00000E+00
 2.00000E-02 0.00000E+00
 4.00000E-02 0.00000E+00
 7.00000E-02 0.00000E+00
 1.00000E-01 0.00000E+00
 2.00000E-01 0.00000E+00
 3.00000E-01 0.00000E+00
 4.00000E-01 0.00000E+00
 5.00000E-01 0.00000E+00
 6.00000E-01 0.00000E+00
 7.00000E-01 0.00000E+00
 8.00000E-01 0.00000E+00
 9.00000E-01 0.00000E+00
 1.00000E+00 0.00000E+00
 1.20000E+00 0.00000E+00
 1.40000E+00 0.00000E+00
 1.60000E+00 0.00000E+00
 1.80000E+00 0.00000E+00
 2.00000E+00 0.00000E+00
 2.20000E+00 0.00000E+00
 2.40000E+00 0.00000E+00
 2.60000E+00 0.00000E+00
 2.80000E+00 0.00000E+00
 3.00000E+00 0.00000E+00
 3.20000E+00 0.00000E+00
 3.40000E+00 0.00000E+00
 3.60000E+00 0.00000E+00
 3.80000E+00 0.00000E+00
 4.00000E+00 0.00000E+00
 4.20000E+00 0.00000E+00
 4.40000E+00 0.00000E+00
 4.60000E+00 0.00000E+00
 4.80000E+00 0.00000E+00
 5.00000E+00 0.00000E+00
 5.20000E+00 0.00000E+00
 5.40000E+00 0.00000E+00
 5.60000E+00 0.00000E+00
 5.80000E+00 0.00000E+00
 6.00000E+00 0.00000E+00
 6.20000E+00 0.00000E+00
 6.40000E+00 0.00000E+00
 6.60000E+00 0.00000E+00
 6.80000E+00 0.00000E+00
 7.00000E+00 0.00000E+00
 7.20000E+00 0.00000E+00
 7.40000E+00 0.00000E+00
 7.60000E+00 0.00000E+00
 7.80000E+00 0.00000E+00
 8.00000E+00 0.00000E+00
 8.50000E+00 0.00000E+00
 9.00000E+00 0.00000E+00
 9.50000E+00 0.00000E+00
 1.00000E+01 0.00000E+00
 1.05000E+01 0.00000E+00
 1.10000E+01 0.00000E+00
 1.15000E+01 0.00000E+00
 1.20000E+01 0.00000E+00
 1.25000E+01 0.00000E+00
 1.30000E+01 0.00000E+00
 1.35000E+01 0.00000E+00
 1.40000E+01 0.00000E+00
 1.45000E+01 0.00000E+00
 1.50000E+01 0.00000E+00
 1.60000E+01 7.80628E-03
 1.70000E+01 9.21911E-02
 1.80000E+01 5.29012E-01
 1.90000E+01 1.86457E+00
 2.00000E+01 4.92476E+00
 2.10000E+01 1.09505E+01
 2.20000E+01 1.89142E+01
 2.30000E+01 2.71450E+01
 2.40000E+01 3.45193E+01
 2.50000E+01 3.99906E+01
 2.60000E+01 4.48776E+01
 2.70000E+01 4.87279E+01
 2.80000E+01 5.21334E+01
 2.90000E+01 5.40481E+01
 3.00000E+01 5.41987E+01
 3.20000E+01 4.75831E+01
 3.40000E+01 3.61117E+01
 3.60000E+01 2.59149E+01
 3.80000E+01 1.95382E+01
 4.00000E+01 1.53239E+01
 4.20000E+01 1.28372E+01
 4.40000E+01 1.13617E+01
 4.60000E+01 1.08995E+01
 4.80000E+01 1.24025E+01
 5.00000E+01 1.87262E+01
 5.20000E+01 3.49365E+01
 5.40000E+01 6.11355E+01
 5.60000E+01 9.02760E+01
 5.80000E+01 1.15311E+02
 6.00000E+01 1.34268E+02
