# p + 120Sn: Production of 116In - Level  4     0.28966 MeV
# Q-value    =-6.34491E+00 mass= 115.905260
# E-threshold= 6.39821E+00
# # energies =   103
#     E          xs      Branching
 1.00000E-11 0.00000E+00 0.00000E+00
 2.53000E-08 0.00000E+00 0.00000E+00
 2.00000E-07 0.00000E+00 0.00000E+00
 1.00000E-06 0.00000E+00 0.00000E+00
 1.00000E-05 0.00000E+00 0.00000E+00
 1.00000E-04 0.00000E+00 0.00000E+00
 1.00000E-03 0.00000E+00 0.00000E+00
 2.00000E-03 0.00000E+00 0.00000E+00
 4.00000E-03 0.00000E+00 0.00000E+00
 7.00000E-03 0.00000E+00 0.00000E+00
 1.00000E-02 0.00000E+00 0.00000E+00
 2.00000E-02 0.00000E+00 0.00000E+00
 4.00000E-02 0.00000E+00 0.00000E+00
 7.00000E-02 0.00000E+00 0.00000E+00
 1.00000E-01 0.00000E+00 0.00000E+00
 2.00000E-01 0.00000E+00 0.00000E+00
 3.00000E-01 0.00000E+00 0.00000E+00
 4.00000E-01 0.00000E+00 0.00000E+00
 5.00000E-01 0.00000E+00 0.00000E+00
 6.00000E-01 0.00000E+00 0.00000E+00
 7.00000E-01 0.00000E+00 0.00000E+00
 8.00000E-01 0.00000E+00 0.00000E+00
 9.00000E-01 0.00000E+00 0.00000E+00
 1.00000E+00 0.00000E+00 0.00000E+00
 1.20000E+00 0.00000E+00 0.00000E+00
 1.40000E+00 0.00000E+00 0.00000E+00
 1.60000E+00 0.00000E+00 0.00000E+00
 1.80000E+00 0.00000E+00 0.00000E+00
 2.00000E+00 0.00000E+00 0.00000E+00
 2.20000E+00 0.00000E+00 0.00000E+00
 2.40000E+00 0.00000E+00 0.00000E+00
 2.60000E+00 0.00000E+00 0.00000E+00
 2.80000E+00 0.00000E+00 0.00000E+00
 3.00000E+00 0.00000E+00 0.00000E+00
 3.20000E+00 0.00000E+00 0.00000E+00
 3.40000E+00 0.00000E+00 0.00000E+00
 3.60000E+00 0.00000E+00 0.00000E+00
 3.80000E+00 0.00000E+00 0.00000E+00
 4.00000E+00 0.00000E+00 0.00000E+00
 4.20000E+00 0.00000E+00 0.00000E+00
 4.40000E+00 0.00000E+00 0.00000E+00
 4.60000E+00 0.00000E+00 0.00000E+00
 4.80000E+00 0.00000E+00 0.00000E+00
 5.00000E+00 0.00000E+00 0.00000E+00
 5.20000E+00 0.00000E+00 0.00000E+00
 5.40000E+00 0.00000E+00 0.00000E+00
 5.60000E+00 0.00000E+00 0.00000E+00
 5.80000E+00 0.00000E+00 0.00000E+00
 6.00000E+00 0.00000E+00 0.00000E+00
 6.20000E+00 0.00000E+00 0.00000E+00
 6.40000E+00 0.00000E+00 0.00000E+00
 6.60000E+00 0.00000E+00 0.00000E+00
 6.80000E+00 0.00000E+00 0.00000E+00
 7.00000E+00 0.00000E+00 0.00000E+00
 7.20000E+00 0.00000E+00 0.00000E+00
 7.40000E+00 0.00000E+00 0.00000E+00
 7.60000E+00 0.00000E+00 0.00000E+00
 7.80000E+00 0.00000E+00 0.00000E+00
 8.00000E+00 0.00000E+00 0.00000E+00
 8.50000E+00 0.00000E+00 0.00000E+00
 9.00000E+00 0.00000E+00 0.00000E+00
 9.50000E+00 0.00000E+00 0.00000E+00
 1.00000E+01 0.00000E+00 0.00000E+00
 1.05000E+01 0.00000E+00 0.00000E+00
 1.10000E+01 0.00000E+00 0.00000E+00
 1.15000E+01 0.00000E+00 0.00000E+00
 1.20000E+01 0.00000E+00 0.00000E+00
 1.25000E+01 0.00000E+00 0.00000E+00
 1.30000E+01 0.00000E+00 0.00000E+00
 1.35000E+01 0.00000E+00 0.00000E+00
 1.40000E+01 0.00000E+00 0.00000E+00
 1.45000E+01 0.00000E+00 0.00000E+00
 1.50000E+01 0.00000E+00 0.00000E+00
 1.60000E+01 4.38913E-04 1.56613E-01
 1.70000E+01 3.32133E-03 1.89886E-01
 1.80000E+01 2.14430E-02 2.42753E-01
 1.90000E+01 9.63804E-02 2.93295E-01
 2.00000E+01 3.24235E-01 3.19433E-01
 2.10000E+01 8.28207E-01 3.88324E-01
 2.20000E+01 1.56074E+00 4.15544E-01
 2.30000E+01 1.74721E+00 4.20587E-01
 2.40000E+01 2.35038E+00 4.46494E-01
 2.50000E+01 2.86600E+00 4.61339E-01
 2.60000E+01 3.52851E+00 4.83253E-01
 2.70000E+01 4.11264E+00 5.10094E-01
 2.80000E+01 4.54433E+00 5.31599E-01
 2.90000E+01 4.96273E+00 5.58342E-01
 3.00000E+01 5.06413E+00 5.82089E-01
 3.20000E+01 5.18293E+00 6.07380E-01
 3.40000E+01 4.87604E+00 6.32006E-01
 3.60000E+01 4.49826E+00 6.46719E-01
 3.80000E+01 3.98342E+00 6.57362E-01
 4.00000E+01 3.62011E+00 6.63754E-01
 4.20000E+01 3.11661E+00 6.63301E-01
 4.40000E+01 2.81647E+00 6.50448E-01
 4.60000E+01 2.89740E+00 6.41608E-01
 4.80000E+01 3.01178E+00 6.30885E-01
 5.00000E+01 3.28432E+00 6.28859E-01
 5.20000E+01 3.64931E+00 6.10786E-01
 5.40000E+01 3.64569E+00 5.26346E-01
 5.60000E+01 4.17521E+00 5.31409E-01
 5.80000E+01 4.66039E+00 5.30896E-01
 6.00000E+01 5.26655E+00 5.26030E-01
