# p + 115Sn: Production of 111In - Total
# Q-value    =-4.84906E+00 mass= 110.905107
# E-threshold= 4.89157E+00
# # energies =   103
#     E          xs
 1.00000E-11 0.00000E+00
 2.53000E-08 0.00000E+00
 2.00000E-07 0.00000E+00
 1.00000E-06 0.00000E+00
 1.00000E-05 0.00000E+00
 1.00000E-04 0.00000E+00
 1.00000E-03 0.00000E+00
 2.00000E-03 0.00000E+00
 4.00000E-03 0.00000E+00
 7.00000E-03 0.00000E+00
 1.00000E-02 0.00000E+00
 2.00000E-02 0.00000E+00
 4.00000E-02 0.00000E+00
 7.00000E-02 0.00000E+00
 1.00000E-01 0.00000E+00
 2.00000E-01 0.00000E+00
 3.00000E-01 0.00000E+00
 4.00000E-01 0.00000E+00
 5.00000E-01 0.00000E+00
 6.00000E-01 0.00000E+00
 7.00000E-01 0.00000E+00
 8.00000E-01 0.00000E+00
 9.00000E-01 0.00000E+00
 1.00000E+00 0.00000E+00
 1.20000E+00 0.00000E+00
 1.40000E+00 0.00000E+00
 1.60000E+00 0.00000E+00
 1.80000E+00 0.00000E+00
 2.00000E+00 0.00000E+00
 2.20000E+00 0.00000E+00
 2.40000E+00 0.00000E+00
 2.60000E+00 0.00000E+00
 2.80000E+00 0.00000E+00
 3.00000E+00 0.00000E+00
 3.20000E+00 0.00000E+00
 3.40000E+00 0.00000E+00
 3.60000E+00 0.00000E+00
 3.80000E+00 0.00000E+00
 4.00000E+00 0.00000E+00
 4.20000E+00 0.00000E+00
 4.40000E+00 0.00000E+00
 4.60000E+00 0.00000E+00
 4.80000E+00 0.00000E+00
 5.00000E+00 0.00000E+00
 5.20000E+00 0.00000E+00
 5.40000E+00 0.00000E+00
 5.60000E+00 0.00000E+00
 5.80000E+00 0.00000E+00
 6.00000E+00 0.00000E+00
 6.20000E+00 0.00000E+00
 6.40000E+00 0.00000E+00
 6.60000E+00 0.00000E+00
 6.80000E+00 0.00000E+00
 7.00000E+00 0.00000E+00
 7.20000E+00 0.00000E+00
 7.40000E+00 0.00000E+00
 7.60000E+00 0.00000E+00
 7.80000E+00 0.00000E+00
 8.00000E+00 0.00000E+00
 8.50000E+00 0.00000E+00
 9.00000E+00 0.00000E+00
 9.50000E+00 0.00000E+00
 1.00000E+01 0.00000E+00
 1.05000E+01 0.00000E+00
 1.10000E+01 0.00000E+00
 1.15000E+01 0.00000E+00
 1.20000E+01 0.00000E+00
 1.25000E+01 0.00000E+00
 1.30000E+01 4.50095E-03
 1.35000E+01 1.60127E-02
 1.40000E+01 5.10952E-02
 1.45000E+01 1.18933E-01
 1.50000E+01 2.31448E-01
 1.60000E+01 5.44478E-01
 1.70000E+01 1.31328E+00
 1.80000E+01 2.86818E+00
 1.90000E+01 5.64818E+00
 2.00000E+01 9.30340E+00
 2.10000E+01 1.32863E+01
 2.20000E+01 1.77678E+01
 2.30000E+01 2.03835E+01
 2.40000E+01 2.27446E+01
 2.50000E+01 2.57644E+01
 2.60000E+01 2.85447E+01
 2.70000E+01 3.12218E+01
 2.80000E+01 3.28972E+01
 2.90000E+01 3.32254E+01
 3.00000E+01 3.17818E+01
 3.20000E+01 2.55923E+01
 3.40000E+01 1.94047E+01
 3.60000E+01 1.51905E+01
 3.80000E+01 1.23940E+01
 4.00000E+01 1.04826E+01
 4.20000E+01 9.19995E+00
 4.40000E+01 8.38572E+00
 4.60000E+01 8.53362E+00
 4.80000E+01 9.88974E+00
 5.00000E+01 1.25973E+01
 5.20000E+01 1.68183E+01
 5.40000E+01 2.18842E+01
 5.60000E+01 2.90987E+01
 5.80000E+01 3.66954E+01
 6.00000E+01 4.22684E+01
