# p + 116Sn: Production of 113In - Ground state
# Q-value    = 2.70520E+00 mass= 112.904060
# E-threshold= 0.00000E+00
# # energies =   103
#     E          xs      Branching
 1.00000E-11 0.00000E+00 0.00000E+00
 2.53000E-08 0.00000E+00 0.00000E+00
 2.00000E-07 0.00000E+00 0.00000E+00
 1.00000E-06 0.00000E+00 0.00000E+00
 1.00000E-05 0.00000E+00 0.00000E+00
 1.00000E-04 0.00000E+00 0.00000E+00
 1.00000E-03 0.00000E+00 0.00000E+00
 2.00000E-03 0.00000E+00 0.00000E+00
 4.00000E-03 0.00000E+00 0.00000E+00
 7.00000E-03 0.00000E+00 0.00000E+00
 1.00000E-02 0.00000E+00 0.00000E+00
 2.00000E-02 0.00000E+00 0.00000E+00
 4.00000E-02 0.00000E+00 0.00000E+00
 7.00000E-02 0.00000E+00 0.00000E+00
 1.00000E-01 0.00000E+00 0.00000E+00
 2.00000E-01 0.00000E+00 0.00000E+00
 3.00000E-01 0.00000E+00 0.00000E+00
 4.00000E-01 0.00000E+00 0.00000E+00
 5.00000E-01 0.00000E+00 0.00000E+00
 6.00000E-01 0.00000E+00 0.00000E+00
 7.00000E-01 0.00000E+00 0.00000E+00
 8.00000E-01 0.00000E+00 0.00000E+00
 9.00000E-01 0.00000E+00 0.00000E+00
 1.00000E+00 0.00000E+00 0.00000E+00
 1.20000E+00 0.00000E+00 0.00000E+00
 1.40000E+00 0.00000E+00 0.00000E+00
 1.60000E+00 0.00000E+00 0.00000E+00
 1.80000E+00 0.00000E+00 0.00000E+00
 2.00000E+00 0.00000E+00 0.00000E+00
 2.20000E+00 0.00000E+00 0.00000E+00
 2.40000E+00 0.00000E+00 0.00000E+00
 2.60000E+00 0.00000E+00 0.00000E+00
 2.80000E+00 0.00000E+00 0.00000E+00
 3.00000E+00 0.00000E+00 0.00000E+00
 3.20000E+00 0.00000E+00 0.00000E+00
 3.40000E+00 0.00000E+00 0.00000E+00
 3.60000E+00 0.00000E+00 0.00000E+00
 3.80000E+00 0.00000E+00 0.00000E+00
 4.00000E+00 0.00000E+00 0.00000E+00
 4.20000E+00 0.00000E+00 0.00000E+00
 4.40000E+00 2.02503E-06 0.00000E+00
 4.60000E+00 6.25969E-06 0.00000E+00
 4.80000E+00 1.29849E-05 0.00000E+00
 5.00000E+00 4.79213E-05 0.00000E+00
 5.20000E+00 1.02828E-04 0.00000E+00
 5.40000E+00 2.10097E-04 0.00000E+00
 5.60000E+00 3.99195E-04 0.00000E+00
 5.80000E+00 3.79849E-04 0.00000E+00
 6.00000E+00 6.83020E-04 5.62060E-01
 6.20000E+00 8.26135E-04 5.28826E-01
 6.40000E+00 9.80339E-04 5.17199E-01
 6.60000E+00 1.33571E-03 5.13745E-01
 6.80000E+00 1.69101E-03 5.01120E-01
 7.00000E+00 2.26046E-03 4.96149E-01
 7.20000E+00 3.00404E-03 4.86481E-01
 7.40000E+00 3.82649E-03 4.76761E-01
 7.60000E+00 5.15355E-03 4.77513E-01
 7.80000E+00 6.53938E-03 4.73489E-01
 8.00000E+00 8.68796E-03 4.82150E-01
 8.50000E+00 1.63704E-02 4.88987E-01
 9.00000E+00 2.78264E-02 4.83759E-01
 9.50000E+00 4.39483E-02 4.89460E-01
 1.00000E+01 6.49961E-02 5.05190E-01
 1.05000E+01 9.13753E-02 5.26964E-01
 1.10000E+01 1.24249E-01 5.53302E-01
 1.15000E+01 1.65956E-01 5.82945E-01
 1.20000E+01 2.20492E-01 6.14233E-01
 1.25000E+01 2.91680E-01 6.44145E-01
 1.30000E+01 3.85676E-01 6.70772E-01
 1.35000E+01 5.08398E-01 6.93656E-01
 1.40000E+01 6.67203E-01 7.12262E-01
 1.45000E+01 8.68799E-01 7.28821E-01
 1.50000E+01 1.11927E+00 7.43084E-01
 1.60000E+01 1.78805E+00 7.67166E-01
 1.70000E+01 2.71704E+00 7.87305E-01
 1.80000E+01 3.99269E+00 8.05793E-01
 1.90000E+01 5.86443E+00 8.23566E-01
 2.00000E+01 9.70139E+00 8.41775E-01
 2.10000E+01 1.16053E+01 8.52261E-01
 2.20000E+01 1.25628E+01 8.58063E-01
 2.30000E+01 9.42686E+00 8.64574E-01
 2.40000E+01 6.80444E+00 8.67358E-01
 2.50000E+01 5.85343E+00 8.71498E-01
 2.60000E+01 5.22029E+00 8.71622E-01
 2.70000E+01 4.67267E+00 8.75463E-01
 2.80000E+01 4.23730E+00 8.75589E-01
 2.90000E+01 3.84687E+00 8.76552E-01
 3.00000E+01 3.45174E+00 8.78650E-01
 3.20000E+01 2.90942E+00 8.78290E-01
 3.40000E+01 2.59576E+00 8.73360E-01
 3.60000E+01 2.71810E+00 8.64581E-01
 3.80000E+01 3.18450E+00 8.59946E-01
 4.00000E+01 4.14018E+00 8.63069E-01
 4.20000E+01 5.46643E+00 8.67339E-01
 4.40000E+01 6.32509E+00 7.99935E-01
 4.60000E+01 8.03757E+00 8.04139E-01
 4.80000E+01 9.46355E+00 8.06719E-01
 5.00000E+01 1.07308E+01 8.00163E-01
 5.20000E+01 1.23285E+01 8.10414E-01
 5.40000E+01 1.39317E+01 8.10375E-01
 5.60000E+01 1.47323E+01 8.07487E-01
 5.80000E+01 1.57394E+01 8.10256E-01
 6.00000E+01 1.68444E+01 8.13500E-01
