# p + 112Sn: Production of 108In - Ground state
# Q-value    =-7.74249E+00 mass= 107.909694
# E-threshold= 7.81218E+00
# # energies =   103
#     E          xs      Branching
 1.00000E-11 0.00000E+00 0.00000E+00
 2.53000E-08 0.00000E+00 0.00000E+00
 2.00000E-07 0.00000E+00 0.00000E+00
 1.00000E-06 0.00000E+00 0.00000E+00
 1.00000E-05 0.00000E+00 0.00000E+00
 1.00000E-04 0.00000E+00 0.00000E+00
 1.00000E-03 0.00000E+00 0.00000E+00
 2.00000E-03 0.00000E+00 0.00000E+00
 4.00000E-03 0.00000E+00 0.00000E+00
 7.00000E-03 0.00000E+00 0.00000E+00
 1.00000E-02 0.00000E+00 0.00000E+00
 2.00000E-02 0.00000E+00 0.00000E+00
 4.00000E-02 0.00000E+00 0.00000E+00
 7.00000E-02 0.00000E+00 0.00000E+00
 1.00000E-01 0.00000E+00 0.00000E+00
 2.00000E-01 0.00000E+00 0.00000E+00
 3.00000E-01 0.00000E+00 0.00000E+00
 4.00000E-01 0.00000E+00 0.00000E+00
 5.00000E-01 0.00000E+00 0.00000E+00
 6.00000E-01 0.00000E+00 0.00000E+00
 7.00000E-01 0.00000E+00 0.00000E+00
 8.00000E-01 0.00000E+00 0.00000E+00
 9.00000E-01 0.00000E+00 0.00000E+00
 1.00000E+00 0.00000E+00 0.00000E+00
 1.20000E+00 0.00000E+00 0.00000E+00
 1.40000E+00 0.00000E+00 0.00000E+00
 1.60000E+00 0.00000E+00 0.00000E+00
 1.80000E+00 0.00000E+00 0.00000E+00
 2.00000E+00 0.00000E+00 0.00000E+00
 2.20000E+00 0.00000E+00 0.00000E+00
 2.40000E+00 0.00000E+00 0.00000E+00
 2.60000E+00 0.00000E+00 0.00000E+00
 2.80000E+00 0.00000E+00 0.00000E+00
 3.00000E+00 0.00000E+00 0.00000E+00
 3.20000E+00 0.00000E+00 0.00000E+00
 3.40000E+00 0.00000E+00 0.00000E+00
 3.60000E+00 0.00000E+00 0.00000E+00
 3.80000E+00 0.00000E+00 0.00000E+00
 4.00000E+00 0.00000E+00 0.00000E+00
 4.20000E+00 0.00000E+00 0.00000E+00
 4.40000E+00 0.00000E+00 0.00000E+00
 4.60000E+00 0.00000E+00 0.00000E+00
 4.80000E+00 0.00000E+00 0.00000E+00
 5.00000E+00 0.00000E+00 0.00000E+00
 5.20000E+00 0.00000E+00 0.00000E+00
 5.40000E+00 0.00000E+00 0.00000E+00
 5.60000E+00 0.00000E+00 0.00000E+00
 5.80000E+00 0.00000E+00 0.00000E+00
 6.00000E+00 0.00000E+00 0.00000E+00
 6.20000E+00 0.00000E+00 0.00000E+00
 6.40000E+00 0.00000E+00 0.00000E+00
 6.60000E+00 0.00000E+00 0.00000E+00
 6.80000E+00 0.00000E+00 0.00000E+00
 7.00000E+00 0.00000E+00 0.00000E+00
 7.20000E+00 0.00000E+00 0.00000E+00
 7.40000E+00 0.00000E+00 0.00000E+00
 7.60000E+00 0.00000E+00 0.00000E+00
 7.80000E+00 0.00000E+00 0.00000E+00
 8.00000E+00 0.00000E+00 0.00000E+00
 8.50000E+00 0.00000E+00 0.00000E+00
 9.00000E+00 0.00000E+00 0.00000E+00
 9.50000E+00 0.00000E+00 0.00000E+00
 1.00000E+01 0.00000E+00 0.00000E+00
 1.05000E+01 0.00000E+00 0.00000E+00
 1.10000E+01 0.00000E+00 0.00000E+00
 1.15000E+01 0.00000E+00 0.00000E+00
 1.20000E+01 0.00000E+00 0.00000E+00
 1.25000E+01 0.00000E+00 0.00000E+00
 1.30000E+01 0.00000E+00 0.00000E+00
 1.35000E+01 0.00000E+00 0.00000E+00
 1.40000E+01 0.00000E+00 0.00000E+00
 1.45000E+01 0.00000E+00 0.00000E+00
 1.50000E+01 0.00000E+00 0.00000E+00
 1.60000E+01 3.85641E-03 4.94015E-01
 1.70000E+01 4.70755E-02 5.10629E-01
 1.80000E+01 2.70185E-01 5.10736E-01
 1.90000E+01 9.16403E-01 4.91481E-01
 2.00000E+01 2.35230E+00 4.77647E-01
 2.10000E+01 5.30527E+00 4.84479E-01
 2.20000E+01 9.37549E+00 4.95687E-01
 2.30000E+01 1.32515E+01 4.88175E-01
 2.40000E+01 1.71651E+01 4.97261E-01
 2.50000E+01 2.01596E+01 5.04108E-01
 2.60000E+01 2.30266E+01 5.13099E-01
 2.70000E+01 2.54950E+01 5.23211E-01
 2.80000E+01 2.78348E+01 5.33914E-01
 2.90000E+01 2.95002E+01 5.45813E-01
 3.00000E+01 3.04393E+01 5.61624E-01
 3.20000E+01 2.83543E+01 5.95890E-01
 3.40000E+01 2.24236E+01 6.20952E-01
 3.60000E+01 1.63259E+01 6.29984E-01
 3.80000E+01 1.21172E+01 6.20181E-01
 4.00000E+01 9.35952E+00 6.10781E-01
 4.20000E+01 7.72704E+00 6.01925E-01
 4.40000E+01 6.74052E+00 5.93265E-01
 4.60000E+01 6.51387E+00 5.97630E-01
 4.80000E+01 7.60849E+00 6.13463E-01
 5.00000E+01 1.21285E+01 6.47675E-01
 5.20000E+01 2.41719E+01 6.91879E-01
 5.40000E+01 4.12444E+01 6.74640E-01
 5.60000E+01 5.94273E+01 6.58284E-01
 5.80000E+01 7.45713E+01 6.46696E-01
 6.00000E+01 8.62334E+01 6.42247E-01
