# p + 120Sn: Production of 116In - Total
# Q-value    =-6.05525E+00 mass= 115.905260
# E-threshold= 6.10612E+00
# # energies =   103
#     E          xs
 1.00000E-11 0.00000E+00
 2.53000E-08 0.00000E+00
 2.00000E-07 0.00000E+00
 1.00000E-06 0.00000E+00
 1.00000E-05 0.00000E+00
 1.00000E-04 0.00000E+00
 1.00000E-03 0.00000E+00
 2.00000E-03 0.00000E+00
 4.00000E-03 0.00000E+00
 7.00000E-03 0.00000E+00
 1.00000E-02 0.00000E+00
 2.00000E-02 0.00000E+00
 4.00000E-02 0.00000E+00
 7.00000E-02 0.00000E+00
 1.00000E-01 0.00000E+00
 2.00000E-01 0.00000E+00
 3.00000E-01 0.00000E+00
 4.00000E-01 0.00000E+00
 5.00000E-01 0.00000E+00
 6.00000E-01 0.00000E+00
 7.00000E-01 0.00000E+00
 8.00000E-01 0.00000E+00
 9.00000E-01 0.00000E+00
 1.00000E+00 0.00000E+00
 1.20000E+00 0.00000E+00
 1.40000E+00 0.00000E+00
 1.60000E+00 0.00000E+00
 1.80000E+00 0.00000E+00
 2.00000E+00 0.00000E+00
 2.20000E+00 0.00000E+00
 2.40000E+00 0.00000E+00
 2.60000E+00 0.00000E+00
 2.80000E+00 0.00000E+00
 3.00000E+00 0.00000E+00
 3.20000E+00 0.00000E+00
 3.40000E+00 0.00000E+00
 3.60000E+00 0.00000E+00
 3.80000E+00 0.00000E+00
 4.00000E+00 0.00000E+00
 4.20000E+00 0.00000E+00
 4.40000E+00 0.00000E+00
 4.60000E+00 0.00000E+00
 4.80000E+00 0.00000E+00
 5.00000E+00 0.00000E+00
 5.20000E+00 0.00000E+00
 5.40000E+00 0.00000E+00
 5.60000E+00 0.00000E+00
 5.80000E+00 0.00000E+00
 6.00000E+00 0.00000E+00
 6.20000E+00 0.00000E+00
 6.40000E+00 0.00000E+00
 6.60000E+00 0.00000E+00
 6.80000E+00 0.00000E+00
 7.00000E+00 0.00000E+00
 7.20000E+00 0.00000E+00
 7.40000E+00 0.00000E+00
 7.60000E+00 0.00000E+00
 7.80000E+00 0.00000E+00
 8.00000E+00 0.00000E+00
 8.50000E+00 0.00000E+00
 9.00000E+00 0.00000E+00
 9.50000E+00 0.00000E+00
 1.00000E+01 0.00000E+00
 1.05000E+01 0.00000E+00
 1.10000E+01 0.00000E+00
 1.15000E+01 0.00000E+00
 1.20000E+01 0.00000E+00
 1.25000E+01 0.00000E+00
 1.30000E+01 0.00000E+00
 1.35000E+01 0.00000E+00
 1.40000E+01 0.00000E+00
 1.45000E+01 0.00000E+00
 1.50000E+01 0.00000E+00
 1.60000E+01 2.80254E-03
 1.70000E+01 1.74911E-02
 1.80000E+01 8.83325E-02
 1.90000E+01 3.28613E-01
 2.00000E+01 1.01503E+00
 2.10000E+01 2.13277E+00
 2.20000E+01 3.75589E+00
 2.30000E+01 4.15422E+00
 2.40000E+01 5.26408E+00
 2.50000E+01 6.21235E+00
 2.60000E+01 7.30158E+00
 2.70000E+01 8.06252E+00
 2.80000E+01 8.54841E+00
 2.90000E+01 8.88833E+00
 3.00000E+01 8.69993E+00
 3.20000E+01 8.53326E+00
 3.40000E+01 7.71517E+00
 3.60000E+01 6.95552E+00
 3.80000E+01 6.05970E+00
 4.00000E+01 5.45399E+00
 4.20000E+01 4.69863E+00
 4.40000E+01 4.33005E+00
 4.60000E+01 4.51584E+00
 4.80000E+01 4.77390E+00
 5.00000E+01 5.22266E+00
 5.20000E+01 5.97479E+00
 5.40000E+01 6.92641E+00
 5.60000E+01 7.85688E+00
 5.80000E+01 8.77836E+00
 6.00000E+01 1.00119E+01
