# p + 112Sn: Production of 105Ag - Ground state
# Q-value    = 8.54945E-01 mass= 104.906526
# E-threshold= 0.00000E+00
# # energies =   103
#     E          xs      Branching
 1.00000E-11 0.00000E+00 0.00000E+00
 2.53000E-08 0.00000E+00 0.00000E+00
 2.00000E-07 0.00000E+00 0.00000E+00
 1.00000E-06 0.00000E+00 0.00000E+00
 1.00000E-05 0.00000E+00 0.00000E+00
 1.00000E-04 0.00000E+00 0.00000E+00
 1.00000E-03 0.00000E+00 0.00000E+00
 2.00000E-03 0.00000E+00 0.00000E+00
 4.00000E-03 0.00000E+00 0.00000E+00
 7.00000E-03 0.00000E+00 0.00000E+00
 1.00000E-02 0.00000E+00 0.00000E+00
 2.00000E-02 0.00000E+00 0.00000E+00
 4.00000E-02 0.00000E+00 0.00000E+00
 7.00000E-02 0.00000E+00 0.00000E+00
 1.00000E-01 0.00000E+00 0.00000E+00
 2.00000E-01 0.00000E+00 0.00000E+00
 3.00000E-01 0.00000E+00 0.00000E+00
 4.00000E-01 0.00000E+00 0.00000E+00
 5.00000E-01 0.00000E+00 0.00000E+00
 6.00000E-01 0.00000E+00 0.00000E+00
 7.00000E-01 0.00000E+00 0.00000E+00
 8.00000E-01 0.00000E+00 0.00000E+00
 9.00000E-01 0.00000E+00 0.00000E+00
 1.00000E+00 0.00000E+00 0.00000E+00
 1.20000E+00 0.00000E+00 0.00000E+00
 1.40000E+00 0.00000E+00 0.00000E+00
 1.60000E+00 0.00000E+00 0.00000E+00
 1.80000E+00 0.00000E+00 0.00000E+00
 2.00000E+00 0.00000E+00 0.00000E+00
 2.20000E+00 0.00000E+00 0.00000E+00
 2.40000E+00 0.00000E+00 0.00000E+00
 2.60000E+00 0.00000E+00 0.00000E+00
 2.80000E+00 0.00000E+00 0.00000E+00
 3.00000E+00 0.00000E+00 0.00000E+00
 3.20000E+00 0.00000E+00 0.00000E+00
 3.40000E+00 0.00000E+00 0.00000E+00
 3.60000E+00 0.00000E+00 0.00000E+00
 3.80000E+00 0.00000E+00 0.00000E+00
 4.00000E+00 0.00000E+00 0.00000E+00
 4.20000E+00 0.00000E+00 0.00000E+00
 4.40000E+00 0.00000E+00 0.00000E+00
 4.60000E+00 0.00000E+00 0.00000E+00
 4.80000E+00 0.00000E+00 0.00000E+00
 5.00000E+00 0.00000E+00 0.00000E+00
 5.20000E+00 0.00000E+00 0.00000E+00
 5.40000E+00 0.00000E+00 0.00000E+00
 5.60000E+00 0.00000E+00 0.00000E+00
 5.80000E+00 0.00000E+00 0.00000E+00
 6.00000E+00 0.00000E+00 0.00000E+00
 6.20000E+00 0.00000E+00 0.00000E+00
 6.40000E+00 0.00000E+00 0.00000E+00
 6.60000E+00 0.00000E+00 0.00000E+00
 6.80000E+00 0.00000E+00 0.00000E+00
 7.00000E+00 0.00000E+00 0.00000E+00
 7.20000E+00 0.00000E+00 0.00000E+00
 7.40000E+00 0.00000E+00 0.00000E+00
 7.60000E+00 0.00000E+00 0.00000E+00
 7.80000E+00 0.00000E+00 0.00000E+00
 8.00000E+00 0.00000E+00 0.00000E+00
 8.50000E+00 0.00000E+00 0.00000E+00
 9.00000E+00 0.00000E+00 0.00000E+00
 9.50000E+00 0.00000E+00 0.00000E+00
 1.00000E+01 0.00000E+00 0.00000E+00
 1.05000E+01 0.00000E+00 0.00000E+00
 1.10000E+01 0.00000E+00 0.00000E+00
 1.15000E+01 0.00000E+00 0.00000E+00
 1.20000E+01 0.00000E+00 0.00000E+00
 1.25000E+01 0.00000E+00 0.00000E+00
 1.30000E+01 0.00000E+00 0.00000E+00
 1.35000E+01 5.45214E-11 0.00000E+00
 1.40000E+01 1.83218E-10 0.00000E+00
 1.45000E+01 5.41786E-09 0.00000E+00
 1.50000E+01 2.27982E-08 0.00000E+00
 1.60000E+01 3.59287E-07 0.00000E+00
 1.70000E+01 2.43097E-06 0.00000E+00
 1.80000E+01 9.56270E-06 0.00000E+00
 1.90000E+01 3.14086E-05 0.00000E+00
 2.00000E+01 8.36718E-05 0.00000E+00
 2.10000E+01 5.03893E-04 2.62010E-01
 2.20000E+01 1.06665E-03 2.62763E-01
 2.30000E+01 1.98737E-03 2.51801E-01
 2.40000E+01 3.41188E-03 2.44029E-01
 2.50000E+01 5.27307E-03 2.34599E-01
 2.60000E+01 7.34819E-03 2.24663E-01
 2.70000E+01 9.38707E-03 2.12957E-01
 2.80000E+01 1.12475E-02 1.99233E-01
 2.90000E+01 1.29464E-02 1.84180E-01
 3.00000E+01 1.46350E-02 1.69190E-01
 3.20000E+01 1.85623E-02 1.42391E-01
 3.40000E+01 2.22192E-02 1.24579E-01
 3.60000E+01 2.43571E-02 1.11253E-01
 3.80000E+01 1.66263E-02 9.45277E-02
 4.00000E+01 1.07668E-02 9.77009E-02
 4.20000E+01 8.03922E-03 9.30140E-02
 4.40000E+01 6.27624E-03 8.94034E-02
 4.60000E+01 3.41378E-03 8.18086E-02
 4.80000E+01 3.19577E-03 9.36478E-02
 5.00000E+01 4.22341E-03 9.93811E-02
 5.20000E+01 8.95407E-03 1.10992E-01
 5.40000E+01 2.19411E-02 9.98777E-02
 5.60000E+01 6.17695E-02 9.67460E-02
 5.80000E+01 1.52727E-01 1.03588E-01
 6.00000E+01 2.75854E-01 1.07271E-01
