# p + 118Sn: Production of 114In - Level  1     0.19027 MeV
# Q-value    =-6.48057E+00 mass= 113.904916
# E-threshold= 6.53594E+00
# # energies =   103
#     E          xs      Branching
 1.00000E-11 0.00000E+00 0.00000E+00
 2.53000E-08 0.00000E+00 0.00000E+00
 2.00000E-07 0.00000E+00 0.00000E+00
 1.00000E-06 0.00000E+00 0.00000E+00
 1.00000E-05 0.00000E+00 0.00000E+00
 1.00000E-04 0.00000E+00 0.00000E+00
 1.00000E-03 0.00000E+00 0.00000E+00
 2.00000E-03 0.00000E+00 0.00000E+00
 4.00000E-03 0.00000E+00 0.00000E+00
 7.00000E-03 0.00000E+00 0.00000E+00
 1.00000E-02 0.00000E+00 0.00000E+00
 2.00000E-02 0.00000E+00 0.00000E+00
 4.00000E-02 0.00000E+00 0.00000E+00
 7.00000E-02 0.00000E+00 0.00000E+00
 1.00000E-01 0.00000E+00 0.00000E+00
 2.00000E-01 0.00000E+00 0.00000E+00
 3.00000E-01 0.00000E+00 0.00000E+00
 4.00000E-01 0.00000E+00 0.00000E+00
 5.00000E-01 0.00000E+00 0.00000E+00
 6.00000E-01 0.00000E+00 0.00000E+00
 7.00000E-01 0.00000E+00 0.00000E+00
 8.00000E-01 0.00000E+00 0.00000E+00
 9.00000E-01 0.00000E+00 0.00000E+00
 1.00000E+00 0.00000E+00 0.00000E+00
 1.20000E+00 0.00000E+00 0.00000E+00
 1.40000E+00 0.00000E+00 0.00000E+00
 1.60000E+00 0.00000E+00 0.00000E+00
 1.80000E+00 0.00000E+00 0.00000E+00
 2.00000E+00 0.00000E+00 0.00000E+00
 2.20000E+00 0.00000E+00 0.00000E+00
 2.40000E+00 0.00000E+00 0.00000E+00
 2.60000E+00 0.00000E+00 0.00000E+00
 2.80000E+00 0.00000E+00 0.00000E+00
 3.00000E+00 0.00000E+00 0.00000E+00
 3.20000E+00 0.00000E+00 0.00000E+00
 3.40000E+00 0.00000E+00 0.00000E+00
 3.60000E+00 0.00000E+00 0.00000E+00
 3.80000E+00 0.00000E+00 0.00000E+00
 4.00000E+00 0.00000E+00 0.00000E+00
 4.20000E+00 0.00000E+00 0.00000E+00
 4.40000E+00 0.00000E+00 0.00000E+00
 4.60000E+00 0.00000E+00 0.00000E+00
 4.80000E+00 0.00000E+00 0.00000E+00
 5.00000E+00 0.00000E+00 0.00000E+00
 5.20000E+00 0.00000E+00 0.00000E+00
 5.40000E+00 0.00000E+00 0.00000E+00
 5.60000E+00 0.00000E+00 0.00000E+00
 5.80000E+00 0.00000E+00 0.00000E+00
 6.00000E+00 0.00000E+00 0.00000E+00
 6.20000E+00 0.00000E+00 0.00000E+00
 6.40000E+00 0.00000E+00 0.00000E+00
 6.60000E+00 0.00000E+00 0.00000E+00
 6.80000E+00 0.00000E+00 0.00000E+00
 7.00000E+00 0.00000E+00 0.00000E+00
 7.20000E+00 0.00000E+00 0.00000E+00
 7.40000E+00 0.00000E+00 0.00000E+00
 7.60000E+00 0.00000E+00 0.00000E+00
 7.80000E+00 0.00000E+00 0.00000E+00
 8.00000E+00 0.00000E+00 0.00000E+00
 8.50000E+00 0.00000E+00 0.00000E+00
 9.00000E+00 0.00000E+00 0.00000E+00
 9.50000E+00 0.00000E+00 0.00000E+00
 1.00000E+01 0.00000E+00 0.00000E+00
 1.05000E+01 0.00000E+00 0.00000E+00
 1.10000E+01 0.00000E+00 0.00000E+00
 1.15000E+01 0.00000E+00 0.00000E+00
 1.20000E+01 0.00000E+00 0.00000E+00
 1.25000E+01 0.00000E+00 0.00000E+00
 1.30000E+01 0.00000E+00 0.00000E+00
 1.35000E+01 0.00000E+00 0.00000E+00
 1.40000E+01 0.00000E+00 0.00000E+00
 1.45000E+01 0.00000E+00 0.00000E+00
 1.50000E+01 0.00000E+00 0.00000E+00
 1.60000E+01 3.21609E-03 6.06064E-01
 1.70000E+01 1.69937E-02 6.26015E-01
 1.80000E+01 8.54067E-02 6.44504E-01
 1.90000E+01 3.03552E-01 6.62202E-01
 2.00000E+01 8.75142E-01 6.88985E-01
 2.10000E+01 1.93557E+00 7.21407E-01
 2.20000E+01 3.47365E+00 7.38321E-01
 2.30000E+01 4.24002E+00 7.46641E-01
 2.40000E+01 5.44775E+00 7.54985E-01
 2.50000E+01 6.64136E+00 7.64932E-01
 2.60000E+01 7.81894E+00 7.71817E-01
 2.70000E+01 8.85668E+00 7.80632E-01
 2.80000E+01 9.49117E+00 7.88382E-01
 2.90000E+01 9.84738E+00 7.98248E-01
 3.00000E+01 9.72061E+00 8.08127E-01
 3.20000E+01 8.91042E+00 8.17503E-01
 3.40000E+01 8.02306E+00 8.20578E-01
 3.60000E+01 7.05841E+00 8.20553E-01
 3.80000E+01 6.11162E+00 8.20029E-01
 4.00000E+01 5.33250E+00 8.06932E-01
 4.20000E+01 4.76613E+00 8.06632E-01
 4.40000E+01 4.28092E+00 8.07255E-01
 4.60000E+01 4.19282E+00 7.98015E-01
 4.80000E+01 4.56919E+00 8.01453E-01
 5.00000E+01 5.08718E+00 7.99398E-01
 5.20000E+01 5.59608E+00 7.97791E-01
 5.40000E+01 6.46605E+00 7.95119E-01
 5.60000E+01 7.43480E+00 7.99540E-01
 5.80000E+01 8.63143E+00 7.99123E-01
 6.00000E+01 9.53104E+00 7.99972E-01
