# p + 124Sn: Production of 120In - Level  2     0.40000 MeV
# Q-value    =-6.11100E+00 mass= 119.907967
# E-threshold= 6.16068E+00
# # energies =   103
#     E          xs      Branching
 1.00000E-11 0.00000E+00 0.00000E+00
 2.53000E-08 0.00000E+00 0.00000E+00
 2.00000E-07 0.00000E+00 0.00000E+00
 1.00000E-06 0.00000E+00 0.00000E+00
 1.00000E-05 0.00000E+00 0.00000E+00
 1.00000E-04 0.00000E+00 0.00000E+00
 1.00000E-03 0.00000E+00 0.00000E+00
 2.00000E-03 0.00000E+00 0.00000E+00
 4.00000E-03 0.00000E+00 0.00000E+00
 7.00000E-03 0.00000E+00 0.00000E+00
 1.00000E-02 0.00000E+00 0.00000E+00
 2.00000E-02 0.00000E+00 0.00000E+00
 4.00000E-02 0.00000E+00 0.00000E+00
 7.00000E-02 0.00000E+00 0.00000E+00
 1.00000E-01 0.00000E+00 0.00000E+00
 2.00000E-01 0.00000E+00 0.00000E+00
 3.00000E-01 0.00000E+00 0.00000E+00
 4.00000E-01 0.00000E+00 0.00000E+00
 5.00000E-01 0.00000E+00 0.00000E+00
 6.00000E-01 0.00000E+00 0.00000E+00
 7.00000E-01 0.00000E+00 0.00000E+00
 8.00000E-01 0.00000E+00 0.00000E+00
 9.00000E-01 0.00000E+00 0.00000E+00
 1.00000E+00 0.00000E+00 0.00000E+00
 1.20000E+00 0.00000E+00 0.00000E+00
 1.40000E+00 0.00000E+00 0.00000E+00
 1.60000E+00 0.00000E+00 0.00000E+00
 1.80000E+00 0.00000E+00 0.00000E+00
 2.00000E+00 0.00000E+00 0.00000E+00
 2.20000E+00 0.00000E+00 0.00000E+00
 2.40000E+00 0.00000E+00 0.00000E+00
 2.60000E+00 0.00000E+00 0.00000E+00
 2.80000E+00 0.00000E+00 0.00000E+00
 3.00000E+00 0.00000E+00 0.00000E+00
 3.20000E+00 0.00000E+00 0.00000E+00
 3.40000E+00 0.00000E+00 0.00000E+00
 3.60000E+00 0.00000E+00 0.00000E+00
 3.80000E+00 0.00000E+00 0.00000E+00
 4.00000E+00 0.00000E+00 0.00000E+00
 4.20000E+00 0.00000E+00 0.00000E+00
 4.40000E+00 0.00000E+00 0.00000E+00
 4.60000E+00 0.00000E+00 0.00000E+00
 4.80000E+00 0.00000E+00 0.00000E+00
 5.00000E+00 0.00000E+00 0.00000E+00
 5.20000E+00 0.00000E+00 0.00000E+00
 5.40000E+00 0.00000E+00 0.00000E+00
 5.60000E+00 0.00000E+00 0.00000E+00
 5.80000E+00 0.00000E+00 0.00000E+00
 6.00000E+00 0.00000E+00 0.00000E+00
 6.20000E+00 0.00000E+00 0.00000E+00
 6.40000E+00 0.00000E+00 0.00000E+00
 6.60000E+00 0.00000E+00 0.00000E+00
 6.80000E+00 0.00000E+00 0.00000E+00
 7.00000E+00 0.00000E+00 0.00000E+00
 7.20000E+00 0.00000E+00 0.00000E+00
 7.40000E+00 0.00000E+00 0.00000E+00
 7.60000E+00 0.00000E+00 0.00000E+00
 7.80000E+00 0.00000E+00 0.00000E+00
 8.00000E+00 0.00000E+00 0.00000E+00
 8.50000E+00 0.00000E+00 0.00000E+00
 9.00000E+00 0.00000E+00 0.00000E+00
 9.50000E+00 0.00000E+00 0.00000E+00
 1.00000E+01 0.00000E+00 0.00000E+00
 1.05000E+01 0.00000E+00 0.00000E+00
 1.10000E+01 0.00000E+00 0.00000E+00
 1.15000E+01 0.00000E+00 0.00000E+00
 1.20000E+01 0.00000E+00 0.00000E+00
 1.25000E+01 0.00000E+00 0.00000E+00
 1.30000E+01 0.00000E+00 0.00000E+00
 1.35000E+01 0.00000E+00 0.00000E+00
 1.40000E+01 0.00000E+00 0.00000E+00
 1.45000E+01 0.00000E+00 0.00000E+00
 1.50000E+01 0.00000E+00 0.00000E+00
 1.60000E+01 5.69440E-05 3.41707E-02
 1.70000E+01 5.69386E-04 4.79681E-02
 1.80000E+01 3.91216E-03 6.32081E-02
 1.90000E+01 2.38961E-02 8.50477E-02
 2.00000E+01 1.10483E-01 9.99884E-02
 2.10000E+01 2.13525E-01 9.07523E-02
 2.20000E+01 4.02481E-01 1.03562E-01
 2.30000E+01 3.54055E-01 9.58117E-02
 2.40000E+01 4.52725E-01 1.04000E-01
 2.50000E+01 4.95683E-01 1.00344E-01
 2.60000E+01 5.94899E-01 1.05745E-01
 2.70000E+01 6.38671E-01 1.06561E-01
 2.80000E+01 6.60851E-01 1.05462E-01
 2.90000E+01 7.20044E-01 1.08756E-01
 3.00000E+01 7.09067E-01 1.09301E-01
 3.20000E+01 6.94979E-01 1.08152E-01
 3.40000E+01 6.23411E-01 1.08263E-01
 3.60000E+01 5.67037E-01 1.07530E-01
 3.80000E+01 4.77844E-01 1.07218E-01
 4.00000E+01 4.09760E-01 1.06254E-01
 4.20000E+01 3.91405E-01 1.09919E-01
 4.40000E+01 3.55062E-01 1.08093E-01
 4.60000E+01 3.59671E-01 1.05146E-01
 4.80000E+01 4.03603E-01 1.06633E-01
 5.00000E+01 4.61624E-01 1.08014E-01
 5.20000E+01 4.96484E-01 1.08037E-01
 5.40000E+01 5.38306E-01 1.08425E-01
 5.60000E+01 5.66106E-01 1.02523E-01
 5.80000E+01 6.44427E-01 1.02090E-01
 6.00000E+01 7.22086E-01 1.04710E-01
