# p + 118Sn: Production of 114In - Total
# Q-value    =-6.29030E+00 mass= 113.904916
# E-threshold= 6.34404E+00
# # energies =   103
#     E          xs
 1.00000E-11 0.00000E+00
 2.53000E-08 0.00000E+00
 2.00000E-07 0.00000E+00
 1.00000E-06 0.00000E+00
 1.00000E-05 0.00000E+00
 1.00000E-04 0.00000E+00
 1.00000E-03 0.00000E+00
 2.00000E-03 0.00000E+00
 4.00000E-03 0.00000E+00
 7.00000E-03 0.00000E+00
 1.00000E-02 0.00000E+00
 2.00000E-02 0.00000E+00
 4.00000E-02 0.00000E+00
 7.00000E-02 0.00000E+00
 1.00000E-01 0.00000E+00
 2.00000E-01 0.00000E+00
 3.00000E-01 0.00000E+00
 4.00000E-01 0.00000E+00
 5.00000E-01 0.00000E+00
 6.00000E-01 0.00000E+00
 7.00000E-01 0.00000E+00
 8.00000E-01 0.00000E+00
 9.00000E-01 0.00000E+00
 1.00000E+00 0.00000E+00
 1.20000E+00 0.00000E+00
 1.40000E+00 0.00000E+00
 1.60000E+00 0.00000E+00
 1.80000E+00 0.00000E+00
 2.00000E+00 0.00000E+00
 2.20000E+00 0.00000E+00
 2.40000E+00 0.00000E+00
 2.60000E+00 0.00000E+00
 2.80000E+00 0.00000E+00
 3.00000E+00 0.00000E+00
 3.20000E+00 0.00000E+00
 3.40000E+00 0.00000E+00
 3.60000E+00 0.00000E+00
 3.80000E+00 0.00000E+00
 4.00000E+00 0.00000E+00
 4.20000E+00 0.00000E+00
 4.40000E+00 0.00000E+00
 4.60000E+00 0.00000E+00
 4.80000E+00 0.00000E+00
 5.00000E+00 0.00000E+00
 5.20000E+00 0.00000E+00
 5.40000E+00 0.00000E+00
 5.60000E+00 0.00000E+00
 5.80000E+00 0.00000E+00
 6.00000E+00 0.00000E+00
 6.20000E+00 0.00000E+00
 6.40000E+00 0.00000E+00
 6.60000E+00 0.00000E+00
 6.80000E+00 0.00000E+00
 7.00000E+00 0.00000E+00
 7.20000E+00 0.00000E+00
 7.40000E+00 0.00000E+00
 7.60000E+00 0.00000E+00
 7.80000E+00 0.00000E+00
 8.00000E+00 0.00000E+00
 8.50000E+00 0.00000E+00
 9.00000E+00 0.00000E+00
 9.50000E+00 0.00000E+00
 1.00000E+01 0.00000E+00
 1.05000E+01 0.00000E+00
 1.10000E+01 0.00000E+00
 1.15000E+01 0.00000E+00
 1.20000E+01 0.00000E+00
 1.25000E+01 0.00000E+00
 1.30000E+01 0.00000E+00
 1.35000E+01 0.00000E+00
 1.40000E+01 0.00000E+00
 1.45000E+01 0.00000E+00
 1.50000E+01 0.00000E+00
 1.60000E+01 5.30651E-03
 1.70000E+01 2.71458E-02
 1.80000E+01 1.32515E-01
 1.90000E+01 4.58397E-01
 2.00000E+01 1.27019E+00
 2.10000E+01 2.68304E+00
 2.20000E+01 4.70480E+00
 2.30000E+01 5.67880E+00
 2.40000E+01 7.21570E+00
 2.50000E+01 8.68229E+00
 2.60000E+01 1.01306E+01
 2.70000E+01 1.13455E+01
 2.80000E+01 1.20388E+01
 2.90000E+01 1.23362E+01
 3.00000E+01 1.20286E+01
 3.20000E+01 1.08996E+01
 3.40000E+01 9.77733E+00
 3.60000E+01 8.60202E+00
 3.80000E+01 7.45293E+00
 4.00000E+01 6.60837E+00
 4.20000E+01 5.90869E+00
 4.40000E+01 5.30306E+00
 4.60000E+01 5.25407E+00
 4.80000E+01 5.70113E+00
 5.00000E+01 6.36377E+00
 5.20000E+01 7.01447E+00
 5.40000E+01 8.13217E+00
 5.60000E+01 9.29886E+00
 5.80000E+01 1.08011E+01
 6.00000E+01 1.19142E+01
