# p + 115Sn: Production of 111In - Level  1     0.53699 MeV
# Q-value    =-5.38605E+00 mass= 110.905107
# E-threshold= 5.43327E+00
# # energies =   103
#     E          xs      Branching
 1.00000E-11 0.00000E+00 0.00000E+00
 2.53000E-08 0.00000E+00 0.00000E+00
 2.00000E-07 0.00000E+00 0.00000E+00
 1.00000E-06 0.00000E+00 0.00000E+00
 1.00000E-05 0.00000E+00 0.00000E+00
 1.00000E-04 0.00000E+00 0.00000E+00
 1.00000E-03 0.00000E+00 0.00000E+00
 2.00000E-03 0.00000E+00 0.00000E+00
 4.00000E-03 0.00000E+00 0.00000E+00
 7.00000E-03 0.00000E+00 0.00000E+00
 1.00000E-02 0.00000E+00 0.00000E+00
 2.00000E-02 0.00000E+00 0.00000E+00
 4.00000E-02 0.00000E+00 0.00000E+00
 7.00000E-02 0.00000E+00 0.00000E+00
 1.00000E-01 0.00000E+00 0.00000E+00
 2.00000E-01 0.00000E+00 0.00000E+00
 3.00000E-01 0.00000E+00 0.00000E+00
 4.00000E-01 0.00000E+00 0.00000E+00
 5.00000E-01 0.00000E+00 0.00000E+00
 6.00000E-01 0.00000E+00 0.00000E+00
 7.00000E-01 0.00000E+00 0.00000E+00
 8.00000E-01 0.00000E+00 0.00000E+00
 9.00000E-01 0.00000E+00 0.00000E+00
 1.00000E+00 0.00000E+00 0.00000E+00
 1.20000E+00 0.00000E+00 0.00000E+00
 1.40000E+00 0.00000E+00 0.00000E+00
 1.60000E+00 0.00000E+00 0.00000E+00
 1.80000E+00 0.00000E+00 0.00000E+00
 2.00000E+00 0.00000E+00 0.00000E+00
 2.20000E+00 0.00000E+00 0.00000E+00
 2.40000E+00 0.00000E+00 0.00000E+00
 2.60000E+00 0.00000E+00 0.00000E+00
 2.80000E+00 0.00000E+00 0.00000E+00
 3.00000E+00 0.00000E+00 0.00000E+00
 3.20000E+00 0.00000E+00 0.00000E+00
 3.40000E+00 0.00000E+00 0.00000E+00
 3.60000E+00 0.00000E+00 0.00000E+00
 3.80000E+00 0.00000E+00 0.00000E+00
 4.00000E+00 0.00000E+00 0.00000E+00
 4.20000E+00 0.00000E+00 0.00000E+00
 4.40000E+00 0.00000E+00 0.00000E+00
 4.60000E+00 0.00000E+00 0.00000E+00
 4.80000E+00 0.00000E+00 0.00000E+00
 5.00000E+00 0.00000E+00 0.00000E+00
 5.20000E+00 0.00000E+00 0.00000E+00
 5.40000E+00 0.00000E+00 0.00000E+00
 5.60000E+00 0.00000E+00 0.00000E+00
 5.80000E+00 0.00000E+00 0.00000E+00
 6.00000E+00 0.00000E+00 0.00000E+00
 6.20000E+00 0.00000E+00 0.00000E+00
 6.40000E+00 0.00000E+00 0.00000E+00
 6.60000E+00 0.00000E+00 0.00000E+00
 6.80000E+00 0.00000E+00 0.00000E+00
 7.00000E+00 0.00000E+00 0.00000E+00
 7.20000E+00 0.00000E+00 0.00000E+00
 7.40000E+00 0.00000E+00 0.00000E+00
 7.60000E+00 0.00000E+00 0.00000E+00
 7.80000E+00 0.00000E+00 0.00000E+00
 8.00000E+00 0.00000E+00 0.00000E+00
 8.50000E+00 0.00000E+00 0.00000E+00
 9.00000E+00 0.00000E+00 0.00000E+00
 9.50000E+00 0.00000E+00 0.00000E+00
 1.00000E+01 0.00000E+00 0.00000E+00
 1.05000E+01 0.00000E+00 0.00000E+00
 1.10000E+01 0.00000E+00 0.00000E+00
 1.15000E+01 0.00000E+00 0.00000E+00
 1.20000E+01 0.00000E+00 0.00000E+00
 1.25000E+01 0.00000E+00 0.00000E+00
 1.30000E+01 1.52628E-04 3.39101E-02
 1.35000E+01 1.08010E-03 6.74526E-02
 1.40000E+01 4.27405E-03 8.36488E-02
 1.45000E+01 1.29969E-02 1.09279E-01
 1.50000E+01 2.80070E-02 1.21008E-01
 1.60000E+01 7.33574E-02 1.34730E-01
 1.70000E+01 1.88472E-01 1.43512E-01
 1.80000E+01 4.77704E-01 1.66553E-01
 1.90000E+01 9.70056E-01 1.71747E-01
 2.00000E+01 1.65736E+00 1.78145E-01
 2.10000E+01 2.31503E+00 1.74242E-01
 2.20000E+01 2.96689E+00 1.66981E-01
 2.30000E+01 3.23388E+00 1.58652E-01
 2.40000E+01 3.42283E+00 1.50490E-01
 2.50000E+01 3.66084E+00 1.42089E-01
 2.60000E+01 3.86975E+00 1.35568E-01
 2.70000E+01 4.03292E+00 1.29170E-01
 2.80000E+01 4.05624E+00 1.23301E-01
 2.90000E+01 3.94885E+00 1.18850E-01
 3.00000E+01 3.60234E+00 1.13346E-01
 3.20000E+01 2.69395E+00 1.05264E-01
 3.40000E+01 1.99613E+00 1.02869E-01
 3.60000E+01 1.53511E+00 1.01058E-01
 3.80000E+01 1.28991E+00 1.04075E-01
 4.00000E+01 1.06807E+00 1.01889E-01
 4.20000E+01 9.41807E-01 1.02371E-01
 4.40000E+01 8.70091E-01 1.03759E-01
 4.60000E+01 8.75070E-01 1.02544E-01
 4.80000E+01 9.03131E-01 9.13200E-02
 5.00000E+01 1.12721E+00 8.94803E-02
 5.20000E+01 1.53876E+00 9.14931E-02
 5.40000E+01 1.95436E+00 8.93050E-02
 5.60000E+01 2.40152E+00 8.25302E-02
 5.80000E+01 2.85393E+00 7.77735E-02
 6.00000E+01 3.29933E+00 7.80566E-02
