# p + 122Sn: Production of 118In - Ground state
# Q-value    =-5.91904E+00 mass= 117.906357
# E-threshold= 5.96795E+00
# # energies =   103
#     E          xs      Branching
 1.00000E-11 0.00000E+00 0.00000E+00
 2.53000E-08 0.00000E+00 0.00000E+00
 2.00000E-07 0.00000E+00 0.00000E+00
 1.00000E-06 0.00000E+00 0.00000E+00
 1.00000E-05 0.00000E+00 0.00000E+00
 1.00000E-04 0.00000E+00 0.00000E+00
 1.00000E-03 0.00000E+00 0.00000E+00
 2.00000E-03 0.00000E+00 0.00000E+00
 4.00000E-03 0.00000E+00 0.00000E+00
 7.00000E-03 0.00000E+00 0.00000E+00
 1.00000E-02 0.00000E+00 0.00000E+00
 2.00000E-02 0.00000E+00 0.00000E+00
 4.00000E-02 0.00000E+00 0.00000E+00
 7.00000E-02 0.00000E+00 0.00000E+00
 1.00000E-01 0.00000E+00 0.00000E+00
 2.00000E-01 0.00000E+00 0.00000E+00
 3.00000E-01 0.00000E+00 0.00000E+00
 4.00000E-01 0.00000E+00 0.00000E+00
 5.00000E-01 0.00000E+00 0.00000E+00
 6.00000E-01 0.00000E+00 0.00000E+00
 7.00000E-01 0.00000E+00 0.00000E+00
 8.00000E-01 0.00000E+00 0.00000E+00
 9.00000E-01 0.00000E+00 0.00000E+00
 1.00000E+00 0.00000E+00 0.00000E+00
 1.20000E+00 0.00000E+00 0.00000E+00
 1.40000E+00 0.00000E+00 0.00000E+00
 1.60000E+00 0.00000E+00 0.00000E+00
 1.80000E+00 0.00000E+00 0.00000E+00
 2.00000E+00 0.00000E+00 0.00000E+00
 2.20000E+00 0.00000E+00 0.00000E+00
 2.40000E+00 0.00000E+00 0.00000E+00
 2.60000E+00 0.00000E+00 0.00000E+00
 2.80000E+00 0.00000E+00 0.00000E+00
 3.00000E+00 0.00000E+00 0.00000E+00
 3.20000E+00 0.00000E+00 0.00000E+00
 3.40000E+00 0.00000E+00 0.00000E+00
 3.60000E+00 0.00000E+00 0.00000E+00
 3.80000E+00 0.00000E+00 0.00000E+00
 4.00000E+00 0.00000E+00 0.00000E+00
 4.20000E+00 0.00000E+00 0.00000E+00
 4.40000E+00 0.00000E+00 0.00000E+00
 4.60000E+00 0.00000E+00 0.00000E+00
 4.80000E+00 0.00000E+00 0.00000E+00
 5.00000E+00 0.00000E+00 0.00000E+00
 5.20000E+00 0.00000E+00 0.00000E+00
 5.40000E+00 0.00000E+00 0.00000E+00
 5.60000E+00 0.00000E+00 0.00000E+00
 5.80000E+00 0.00000E+00 0.00000E+00
 6.00000E+00 0.00000E+00 0.00000E+00
 6.20000E+00 0.00000E+00 0.00000E+00
 6.40000E+00 0.00000E+00 0.00000E+00
 6.60000E+00 0.00000E+00 0.00000E+00
 6.80000E+00 0.00000E+00 0.00000E+00
 7.00000E+00 0.00000E+00 0.00000E+00
 7.20000E+00 0.00000E+00 0.00000E+00
 7.40000E+00 0.00000E+00 0.00000E+00
 7.60000E+00 0.00000E+00 0.00000E+00
 7.80000E+00 0.00000E+00 0.00000E+00
 8.00000E+00 0.00000E+00 0.00000E+00
 8.50000E+00 0.00000E+00 0.00000E+00
 9.00000E+00 0.00000E+00 0.00000E+00
 9.50000E+00 0.00000E+00 0.00000E+00
 1.00000E+01 0.00000E+00 0.00000E+00
 1.05000E+01 0.00000E+00 0.00000E+00
 1.10000E+01 0.00000E+00 0.00000E+00
 1.15000E+01 0.00000E+00 0.00000E+00
 1.20000E+01 0.00000E+00 0.00000E+00
 1.25000E+01 0.00000E+00 0.00000E+00
 1.30000E+01 0.00000E+00 0.00000E+00
 1.35000E+01 0.00000E+00 0.00000E+00
 1.40000E+01 0.00000E+00 0.00000E+00
 1.45000E+01 0.00000E+00 0.00000E+00
 1.50000E+01 0.00000E+00 0.00000E+00
 1.60000E+01 9.01339E-04 4.14084E-01
 1.70000E+01 6.07681E-03 3.82143E-01
 1.80000E+01 2.67388E-02 3.48869E-01
 1.90000E+01 8.92017E-02 3.15099E-01
 2.00000E+01 2.67629E-01 2.82909E-01
 2.10000E+01 5.70710E-01 2.59189E-01
 2.20000E+01 8.78402E-01 2.51592E-01
 2.30000E+01 9.41737E-01 2.43744E-01
 2.40000E+01 1.09808E+00 2.37981E-01
 2.50000E+01 1.26496E+00 2.27884E-01
 2.60000E+01 1.35518E+00 2.18657E-01
 2.70000E+01 1.44792E+00 2.08254E-01
 2.80000E+01 1.40531E+00 1.95047E-01
 2.90000E+01 1.38315E+00 1.86356E-01
 3.00000E+01 1.33490E+00 1.78084E-01
 3.20000E+01 1.18771E+00 1.65761E-01
 3.40000E+01 1.05173E+00 1.58332E-01
 3.60000E+01 9.06432E-01 1.54146E-01
 3.80000E+01 7.69480E-01 1.50333E-01
 4.00000E+01 6.61837E-01 1.48049E-01
 4.20000E+01 5.80265E-01 1.48992E-01
 4.40000E+01 5.72969E-01 1.57061E-01
 4.60000E+01 6.02513E-01 1.56685E-01
 4.80000E+01 6.74120E-01 1.62381E-01
 5.00000E+01 7.75551E-01 1.70952E-01
 5.20000E+01 8.84315E-01 1.69301E-01
 5.40000E+01 9.85868E-01 1.64667E-01
 5.60000E+01 1.07675E+00 1.62067E-01
 5.80000E+01 1.22930E+00 1.69818E-01
 6.00000E+01 1.44513E+00 1.78712E-01
