# p + 112Sn: Production of 105Ag - Total
# Q-value    = 8.54945E-01 mass= 104.906526
# E-threshold= 0.00000E+00
# # energies =   103
#     E          xs
 1.00000E-11 0.00000E+00
 2.53000E-08 0.00000E+00
 2.00000E-07 0.00000E+00
 1.00000E-06 0.00000E+00
 1.00000E-05 0.00000E+00
 1.00000E-04 0.00000E+00
 1.00000E-03 0.00000E+00
 2.00000E-03 0.00000E+00
 4.00000E-03 0.00000E+00
 7.00000E-03 0.00000E+00
 1.00000E-02 0.00000E+00
 2.00000E-02 0.00000E+00
 4.00000E-02 0.00000E+00
 7.00000E-02 0.00000E+00
 1.00000E-01 0.00000E+00
 2.00000E-01 0.00000E+00
 3.00000E-01 0.00000E+00
 4.00000E-01 0.00000E+00
 5.00000E-01 0.00000E+00
 6.00000E-01 0.00000E+00
 7.00000E-01 0.00000E+00
 8.00000E-01 0.00000E+00
 9.00000E-01 0.00000E+00
 1.00000E+00 0.00000E+00
 1.20000E+00 0.00000E+00
 1.40000E+00 0.00000E+00
 1.60000E+00 0.00000E+00
 1.80000E+00 0.00000E+00
 2.00000E+00 0.00000E+00
 2.20000E+00 0.00000E+00
 2.40000E+00 0.00000E+00
 2.60000E+00 0.00000E+00
 2.80000E+00 0.00000E+00
 3.00000E+00 0.00000E+00
 3.20000E+00 0.00000E+00
 3.40000E+00 0.00000E+00
 3.60000E+00 0.00000E+00
 3.80000E+00 0.00000E+00
 4.00000E+00 0.00000E+00
 4.20000E+00 0.00000E+00
 4.40000E+00 0.00000E+00
 4.60000E+00 0.00000E+00
 4.80000E+00 0.00000E+00
 5.00000E+00 0.00000E+00
 5.20000E+00 0.00000E+00
 5.40000E+00 0.00000E+00
 5.60000E+00 1.00000E-07
 5.80000E+00 1.00000E-07
 6.00000E+00 1.00000E-07
 6.20000E+00 1.00000E-07
 6.40000E+00 1.00000E-07
 6.60000E+00 1.00000E-07
 6.80000E+00 1.00000E-07
 7.00000E+00 1.00000E-07
 7.20000E+00 1.00000E-07
 7.40000E+00 1.00000E-07
 7.60000E+00 1.00000E-07
 7.80000E+00 1.00000E-07
 8.00000E+00 1.00000E-07
 8.50000E+00 1.00000E-07
 9.00000E+00 1.00000E-07
 9.50000E+00 1.00000E-07
 1.00000E+01 1.00000E-07
 1.05000E+01 1.00000E-07
 1.10000E+01 1.00000E-07
 1.15000E+01 1.00000E-07
 1.20000E+01 1.00000E-07
 1.25000E+01 1.00000E-07
 1.30000E+01 1.00000E-07
 1.35000E+01 1.00000E-07
 1.40000E+01 1.00000E-07
 1.45000E+01 1.00000E-07
 1.50000E+01 1.00000E-07
 1.60000E+01 1.00000E-07
 1.70000E+01 1.00000E-07
 1.80000E+01 1.00000E-07
 1.90000E+01 1.00000E-07
 2.00000E+01 1.00000E-07
 2.10000E+01 1.92319E-03
 2.20000E+01 4.05937E-03
 2.30000E+01 7.89262E-03
 2.40000E+01 1.39814E-02
 2.50000E+01 2.24769E-02
 2.60000E+01 3.27076E-02
 2.70000E+01 4.40796E-02
 2.80000E+01 5.64543E-02
 2.90000E+01 7.02920E-02
 3.00000E+01 8.65004E-02
 3.20000E+01 1.30362E-01
 3.40000E+01 1.78355E-01
 3.60000E+01 2.18933E-01
 3.80000E+01 1.75888E-01
 4.00000E+01 1.10202E-01
 4.20000E+01 8.64303E-02
 4.40000E+01 7.02013E-02
 4.60000E+01 4.17289E-02
 4.80000E+01 3.41254E-02
 5.00000E+01 4.24971E-02
 5.20000E+01 8.06730E-02
 5.40000E+01 2.19679E-01
 5.60000E+01 6.38471E-01
 5.80000E+01 1.47437E+00
 6.00000E+01 2.57155E+00
