# p + 120Sn: Production of 117In - Level  1     0.31530 MeV
# Q-value    = 2.39405E+00 mass= 116.904516
# E-threshold= 0.00000E+00
# # energies =   103
#     E          xs      Branching
 1.00000E-11 0.00000E+00 0.00000E+00
 2.53000E-08 0.00000E+00 0.00000E+00
 2.00000E-07 0.00000E+00 0.00000E+00
 1.00000E-06 0.00000E+00 0.00000E+00
 1.00000E-05 0.00000E+00 0.00000E+00
 1.00000E-04 0.00000E+00 0.00000E+00
 1.00000E-03 0.00000E+00 0.00000E+00
 2.00000E-03 0.00000E+00 0.00000E+00
 4.00000E-03 0.00000E+00 0.00000E+00
 7.00000E-03 0.00000E+00 0.00000E+00
 1.00000E-02 0.00000E+00 0.00000E+00
 2.00000E-02 0.00000E+00 0.00000E+00
 4.00000E-02 0.00000E+00 0.00000E+00
 7.00000E-02 0.00000E+00 0.00000E+00
 1.00000E-01 0.00000E+00 0.00000E+00
 2.00000E-01 0.00000E+00 0.00000E+00
 3.00000E-01 0.00000E+00 0.00000E+00
 4.00000E-01 0.00000E+00 0.00000E+00
 5.00000E-01 0.00000E+00 0.00000E+00
 6.00000E-01 0.00000E+00 0.00000E+00
 7.00000E-01 0.00000E+00 0.00000E+00
 8.00000E-01 0.00000E+00 0.00000E+00
 9.00000E-01 0.00000E+00 0.00000E+00
 1.00000E+00 0.00000E+00 0.00000E+00
 1.20000E+00 0.00000E+00 0.00000E+00
 1.40000E+00 0.00000E+00 0.00000E+00
 1.60000E+00 0.00000E+00 0.00000E+00
 1.80000E+00 0.00000E+00 0.00000E+00
 2.00000E+00 0.00000E+00 0.00000E+00
 2.20000E+00 0.00000E+00 0.00000E+00
 2.40000E+00 0.00000E+00 0.00000E+00
 2.60000E+00 0.00000E+00 0.00000E+00
 2.80000E+00 0.00000E+00 0.00000E+00
 3.00000E+00 0.00000E+00 0.00000E+00
 3.20000E+00 0.00000E+00 0.00000E+00
 3.40000E+00 0.00000E+00 0.00000E+00
 3.60000E+00 0.00000E+00 0.00000E+00
 3.80000E+00 0.00000E+00 0.00000E+00
 4.00000E+00 0.00000E+00 0.00000E+00
 4.20000E+00 0.00000E+00 0.00000E+00
 4.40000E+00 0.00000E+00 0.00000E+00
 4.60000E+00 0.00000E+00 0.00000E+00
 4.80000E+00 4.92920E-08 0.00000E+00
 5.00000E+00 9.94978E-08 0.00000E+00
 5.20000E+00 1.93463E-07 0.00000E+00
 5.40000E+00 4.26102E-07 0.00000E+00
 5.60000E+00 7.17422E-07 0.00000E+00
 5.80000E+00 1.44472E-06 0.00000E+00
 6.00000E+00 2.49721E-06 0.00000E+00
 6.20000E+00 3.97003E-06 0.00000E+00
 6.40000E+00 7.03896E-06 0.00000E+00
 6.60000E+00 1.02565E-05 0.00000E+00
 6.80000E+00 1.64373E-05 0.00000E+00
 7.00000E+00 2.41668E-05 0.00000E+00
 7.20000E+00 3.27672E-05 0.00000E+00
 7.40000E+00 4.94985E-05 0.00000E+00
 7.60000E+00 6.44029E-05 0.00000E+00
 7.80000E+00 9.39561E-05 0.00000E+00
 8.00000E+00 1.30347E-04 0.00000E+00
 8.50000E+00 9.33562E-04 5.89671E-01
 9.00000E+00 1.75123E-03 5.79968E-01
 9.50000E+00 2.85297E-03 5.56912E-01
 1.00000E+01 4.23856E-03 5.30223E-01
 1.05000E+01 6.02602E-03 4.94048E-01
 1.10000E+01 8.38120E-03 4.51369E-01
 1.15000E+01 1.16939E-02 4.07018E-01
 1.20000E+01 1.65802E-02 3.66599E-01
 1.25000E+01 2.39772E-02 3.33639E-01
 1.30000E+01 3.48153E-02 3.08019E-01
 1.35000E+01 5.00087E-02 2.88283E-01
 1.40000E+01 7.03038E-02 2.72331E-01
 1.45000E+01 9.63130E-02 2.59101E-01
 1.50000E+01 1.28575E-01 2.47645E-01
 1.60000E+01 2.14156E-01 2.27736E-01
 1.70000E+01 3.35004E-01 2.10887E-01
 1.80000E+01 5.17073E-01 1.95072E-01
 1.90000E+01 8.93822E-01 1.83360E-01
 2.00000E+01 1.60250E+00 1.71909E-01
 2.10000E+01 1.80578E+00 1.64672E-01
 2.20000E+01 1.78789E+00 1.60683E-01
 2.30000E+01 1.10246E+00 1.53858E-01
 2.40000E+01 8.87603E-01 1.52761E-01
 2.50000E+01 7.52472E-01 1.46543E-01
 2.60000E+01 6.48907E-01 1.45874E-01
 2.70000E+01 5.79665E-01 1.43990E-01
 2.80000E+01 5.04880E-01 1.41461E-01
 2.90000E+01 4.54357E-01 1.43590E-01
 3.00000E+01 4.11440E-01 1.39229E-01
 3.20000E+01 6.78757E-01 2.89249E-01
 3.40000E+01 6.24261E-01 2.80169E-01
 3.60000E+01 6.42524E-01 2.82043E-01
 3.80000E+01 7.74293E-01 2.73948E-01
 4.00000E+01 9.57147E-01 2.76845E-01
 4.20000E+01 1.21690E+00 2.83799E-01
 4.40000E+01 1.44373E+00 2.77182E-01
 4.60000E+01 1.65053E+00 2.84418E-01
 4.80000E+01 1.85325E+00 2.74583E-01
 5.00000E+01 2.17155E+00 2.71463E-01
 5.20000E+01 2.46863E+00 2.70811E-01
 5.40000E+01 2.63863E+00 2.54837E-01
 5.60000E+01 2.97821E+00 2.52858E-01
 5.80000E+01 3.41183E+00 2.53576E-01
 6.00000E+01 3.75220E+00 2.51210E-01
