# p + 116Sn: Production of 112In - Total
# Q-value    =-6.74312E+00 mass= 111.905539
# E-threshold= 6.80172E+00
# # energies =   103
#     E          xs
 1.00000E-11 0.00000E+00
 2.53000E-08 0.00000E+00
 2.00000E-07 0.00000E+00
 1.00000E-06 0.00000E+00
 1.00000E-05 0.00000E+00
 1.00000E-04 0.00000E+00
 1.00000E-03 0.00000E+00
 2.00000E-03 0.00000E+00
 4.00000E-03 0.00000E+00
 7.00000E-03 0.00000E+00
 1.00000E-02 0.00000E+00
 2.00000E-02 0.00000E+00
 4.00000E-02 0.00000E+00
 7.00000E-02 0.00000E+00
 1.00000E-01 0.00000E+00
 2.00000E-01 0.00000E+00
 3.00000E-01 0.00000E+00
 4.00000E-01 0.00000E+00
 5.00000E-01 0.00000E+00
 6.00000E-01 0.00000E+00
 7.00000E-01 0.00000E+00
 8.00000E-01 0.00000E+00
 9.00000E-01 0.00000E+00
 1.00000E+00 0.00000E+00
 1.20000E+00 0.00000E+00
 1.40000E+00 0.00000E+00
 1.60000E+00 0.00000E+00
 1.80000E+00 0.00000E+00
 2.00000E+00 0.00000E+00
 2.20000E+00 0.00000E+00
 2.40000E+00 0.00000E+00
 2.60000E+00 0.00000E+00
 2.80000E+00 0.00000E+00
 3.00000E+00 0.00000E+00
 3.20000E+00 0.00000E+00
 3.40000E+00 0.00000E+00
 3.60000E+00 0.00000E+00
 3.80000E+00 0.00000E+00
 4.00000E+00 0.00000E+00
 4.20000E+00 0.00000E+00
 4.40000E+00 0.00000E+00
 4.60000E+00 0.00000E+00
 4.80000E+00 0.00000E+00
 5.00000E+00 0.00000E+00
 5.20000E+00 0.00000E+00
 5.40000E+00 0.00000E+00
 5.60000E+00 0.00000E+00
 5.80000E+00 0.00000E+00
 6.00000E+00 0.00000E+00
 6.20000E+00 0.00000E+00
 6.40000E+00 0.00000E+00
 6.60000E+00 0.00000E+00
 6.80000E+00 0.00000E+00
 7.00000E+00 0.00000E+00
 7.20000E+00 0.00000E+00
 7.40000E+00 0.00000E+00
 7.60000E+00 0.00000E+00
 7.80000E+00 0.00000E+00
 8.00000E+00 0.00000E+00
 8.50000E+00 0.00000E+00
 9.00000E+00 0.00000E+00
 9.50000E+00 0.00000E+00
 1.00000E+01 0.00000E+00
 1.05000E+01 0.00000E+00
 1.10000E+01 0.00000E+00
 1.15000E+01 0.00000E+00
 1.20000E+01 0.00000E+00
 1.25000E+01 0.00000E+00
 1.30000E+01 0.00000E+00
 1.35000E+01 0.00000E+00
 1.40000E+01 0.00000E+00
 1.45000E+01 0.00000E+00
 1.50000E+01 1.03295E-03
 1.60000E+01 1.11211E-02
 1.70000E+01 5.39589E-02
 1.80000E+01 2.08813E-01
 1.90000E+01 7.40886E-01
 2.00000E+01 2.01098E+00
 2.10000E+01 4.04011E+00
 2.20000E+01 6.92835E+00
 2.30000E+01 9.48352E+00
 2.40000E+01 1.16024E+01
 2.50000E+01 1.41283E+01
 2.60000E+01 1.64685E+01
 2.70000E+01 1.87000E+01
 2.80000E+01 2.01469E+01
 2.90000E+01 2.08582E+01
 3.00000E+01 2.05025E+01
 3.20000E+01 1.78532E+01
 3.40000E+01 1.46080E+01
 3.60000E+01 1.22096E+01
 3.80000E+01 1.01662E+01
 4.00000E+01 8.64516E+00
 4.20000E+01 7.59057E+00
 4.40000E+01 6.98283E+00
 4.60000E+01 6.56129E+00
 4.80000E+01 6.77333E+00
 5.00000E+01 7.93872E+00
 5.20000E+01 9.32287E+00
 5.40000E+01 1.11693E+01
 5.60000E+01 1.40583E+01
 5.80000E+01 1.75419E+01
 6.00000E+01 2.04972E+01
