# p + 118Sn: Production of 116In - Level  1     0.12727 MeV
# Q-value    =-1.11726E+01 mass= 115.905260
# E-threshold= 1.12680E+01
# # energies =   103
#     E          xs      Branching
 1.00000E-11 0.00000E+00 0.00000E+00
 2.53000E-08 0.00000E+00 0.00000E+00
 2.00000E-07 0.00000E+00 0.00000E+00
 1.00000E-06 0.00000E+00 0.00000E+00
 1.00000E-05 0.00000E+00 0.00000E+00
 1.00000E-04 0.00000E+00 0.00000E+00
 1.00000E-03 0.00000E+00 0.00000E+00
 2.00000E-03 0.00000E+00 0.00000E+00
 4.00000E-03 0.00000E+00 0.00000E+00
 7.00000E-03 0.00000E+00 0.00000E+00
 1.00000E-02 0.00000E+00 0.00000E+00
 2.00000E-02 0.00000E+00 0.00000E+00
 4.00000E-02 0.00000E+00 0.00000E+00
 7.00000E-02 0.00000E+00 0.00000E+00
 1.00000E-01 0.00000E+00 0.00000E+00
 2.00000E-01 0.00000E+00 0.00000E+00
 3.00000E-01 0.00000E+00 0.00000E+00
 4.00000E-01 0.00000E+00 0.00000E+00
 5.00000E-01 0.00000E+00 0.00000E+00
 6.00000E-01 0.00000E+00 0.00000E+00
 7.00000E-01 0.00000E+00 0.00000E+00
 8.00000E-01 0.00000E+00 0.00000E+00
 9.00000E-01 0.00000E+00 0.00000E+00
 1.00000E+00 0.00000E+00 0.00000E+00
 1.20000E+00 0.00000E+00 0.00000E+00
 1.40000E+00 0.00000E+00 0.00000E+00
 1.60000E+00 0.00000E+00 0.00000E+00
 1.80000E+00 0.00000E+00 0.00000E+00
 2.00000E+00 0.00000E+00 0.00000E+00
 2.20000E+00 0.00000E+00 0.00000E+00
 2.40000E+00 0.00000E+00 0.00000E+00
 2.60000E+00 0.00000E+00 0.00000E+00
 2.80000E+00 0.00000E+00 0.00000E+00
 3.00000E+00 0.00000E+00 0.00000E+00
 3.20000E+00 0.00000E+00 0.00000E+00
 3.40000E+00 0.00000E+00 0.00000E+00
 3.60000E+00 0.00000E+00 0.00000E+00
 3.80000E+00 0.00000E+00 0.00000E+00
 4.00000E+00 0.00000E+00 0.00000E+00
 4.20000E+00 0.00000E+00 0.00000E+00
 4.40000E+00 0.00000E+00 0.00000E+00
 4.60000E+00 0.00000E+00 0.00000E+00
 4.80000E+00 0.00000E+00 0.00000E+00
 5.00000E+00 0.00000E+00 0.00000E+00
 5.20000E+00 0.00000E+00 0.00000E+00
 5.40000E+00 0.00000E+00 0.00000E+00
 5.60000E+00 0.00000E+00 0.00000E+00
 5.80000E+00 0.00000E+00 0.00000E+00
 6.00000E+00 0.00000E+00 0.00000E+00
 6.20000E+00 0.00000E+00 0.00000E+00
 6.40000E+00 0.00000E+00 0.00000E+00
 6.60000E+00 0.00000E+00 0.00000E+00
 6.80000E+00 0.00000E+00 0.00000E+00
 7.00000E+00 0.00000E+00 0.00000E+00
 7.20000E+00 0.00000E+00 0.00000E+00
 7.40000E+00 0.00000E+00 0.00000E+00
 7.60000E+00 0.00000E+00 0.00000E+00
 7.80000E+00 0.00000E+00 0.00000E+00
 8.00000E+00 0.00000E+00 0.00000E+00
 8.50000E+00 0.00000E+00 0.00000E+00
 9.00000E+00 0.00000E+00 0.00000E+00
 9.50000E+00 0.00000E+00 0.00000E+00
 1.00000E+01 0.00000E+00 0.00000E+00
 1.05000E+01 0.00000E+00 0.00000E+00
 1.10000E+01 0.00000E+00 0.00000E+00
 1.15000E+01 0.00000E+00 0.00000E+00
 1.20000E+01 0.00000E+00 0.00000E+00
 1.25000E+01 0.00000E+00 0.00000E+00
 1.30000E+01 0.00000E+00 0.00000E+00
 1.35000E+01 0.00000E+00 0.00000E+00
 1.40000E+01 0.00000E+00 0.00000E+00
 1.45000E+01 0.00000E+00 0.00000E+00
 1.50000E+01 0.00000E+00 0.00000E+00
 1.60000E+01 0.00000E+00 0.00000E+00
 1.70000E+01 0.00000E+00 0.00000E+00
 1.80000E+01 0.00000E+00 0.00000E+00
 1.90000E+01 0.00000E+00 0.00000E+00
 2.00000E+01 0.00000E+00 0.00000E+00
 2.10000E+01 0.00000E+00 0.00000E+00
 2.20000E+01 0.00000E+00 0.00000E+00
 2.30000E+01 8.09108E-04 5.16614E-01
 2.40000E+01 3.51029E-03 5.13266E-01
 2.50000E+01 1.23537E-02 5.13604E-01
 2.60000E+01 3.42525E-02 5.12370E-01
 2.70000E+01 7.76354E-02 5.10437E-01
 2.80000E+01 1.43785E-01 5.05091E-01
 2.90000E+01 2.43946E-01 5.03120E-01
 3.00000E+01 3.72749E-01 5.00108E-01
 3.20000E+01 6.97684E-01 4.90632E-01
 3.40000E+01 9.89934E-01 4.73522E-01
 3.60000E+01 1.24497E+00 4.62143E-01
 3.80000E+01 1.52899E+00 4.62626E-01
 4.00000E+01 1.92776E+00 4.71145E-01
 4.20000E+01 2.46322E+00 4.84264E-01
 4.40000E+01 3.23534E+00 5.07199E-01
 4.60000E+01 3.76370E+00 5.05725E-01
 4.80000E+01 4.84602E+00 5.29860E-01
 5.00000E+01 5.26201E+00 5.22758E-01
 5.20000E+01 6.26240E+00 5.39412E-01
 5.40000E+01 7.12081E+00 5.42774E-01
 5.60000E+01 7.22944E+00 5.34059E-01
 5.80000E+01 8.36891E+00 5.56001E-01
 6.00000E+01 8.97731E+00 5.55600E-01
