# p + 119Sn: Production of 116In - Level  1     0.12727 MeV
# Q-value    = 2.92156E+00 mass= 115.905260
# E-threshold= 0.00000E+00
# # energies =   103
#     E          xs      Branching
 1.00000E-11 0.00000E+00 0.00000E+00
 2.53000E-08 0.00000E+00 0.00000E+00
 2.00000E-07 0.00000E+00 0.00000E+00
 1.00000E-06 0.00000E+00 0.00000E+00
 1.00000E-05 0.00000E+00 0.00000E+00
 1.00000E-04 0.00000E+00 0.00000E+00
 1.00000E-03 0.00000E+00 0.00000E+00
 2.00000E-03 0.00000E+00 0.00000E+00
 4.00000E-03 0.00000E+00 0.00000E+00
 7.00000E-03 0.00000E+00 0.00000E+00
 1.00000E-02 0.00000E+00 0.00000E+00
 2.00000E-02 0.00000E+00 0.00000E+00
 4.00000E-02 0.00000E+00 0.00000E+00
 7.00000E-02 0.00000E+00 0.00000E+00
 1.00000E-01 0.00000E+00 0.00000E+00
 2.00000E-01 0.00000E+00 0.00000E+00
 3.00000E-01 0.00000E+00 0.00000E+00
 4.00000E-01 0.00000E+00 0.00000E+00
 5.00000E-01 0.00000E+00 0.00000E+00
 6.00000E-01 0.00000E+00 0.00000E+00
 7.00000E-01 0.00000E+00 0.00000E+00
 8.00000E-01 0.00000E+00 0.00000E+00
 9.00000E-01 0.00000E+00 0.00000E+00
 1.00000E+00 0.00000E+00 0.00000E+00
 1.20000E+00 0.00000E+00 0.00000E+00
 1.40000E+00 0.00000E+00 0.00000E+00
 1.60000E+00 0.00000E+00 0.00000E+00
 1.80000E+00 0.00000E+00 0.00000E+00
 2.00000E+00 1.64026E-15 0.00000E+00
 2.20000E+00 3.72689E-14 0.00000E+00
 2.40000E+00 5.45686E-14 0.00000E+00
 2.60000E+00 3.95515E-14 0.00000E+00
 2.80000E+00 1.58226E-12 0.00000E+00
 3.00000E+00 2.05735E-12 0.00000E+00
 3.20000E+00 1.71295E-11 0.00000E+00
 3.40000E+00 2.58824E-11 0.00000E+00
 3.60000E+00 1.91086E-11 0.00000E+00
 3.80000E+00 3.35957E-10 0.00000E+00
 4.00000E+00 2.96759E-10 0.00000E+00
 4.20000E+00 1.31908E-09 0.00000E+00
 4.40000E+00 6.24243E-09 0.00000E+00
 4.60000E+00 9.00459E-09 0.00000E+00
 4.80000E+00 4.18870E-08 0.00000E+00
 5.00000E+00 6.34166E-08 0.00000E+00
 5.20000E+00 9.27141E-08 0.00000E+00
 5.40000E+00 2.56869E-07 0.00000E+00
 5.60000E+00 3.45653E-07 0.00000E+00
 5.80000E+00 7.14009E-07 0.00000E+00
 6.00000E+00 1.13096E-06 0.00000E+00
 6.20000E+00 1.30187E-06 0.00000E+00
 6.40000E+00 3.09485E-06 0.00000E+00
 6.60000E+00 3.65039E-06 0.00000E+00
 6.80000E+00 6.44334E-06 0.00000E+00
 7.00000E+00 9.49141E-06 0.00000E+00
 7.20000E+00 9.14428E-06 0.00000E+00
 7.40000E+00 2.38328E-05 0.00000E+00
 7.60000E+00 2.63480E-05 0.00000E+00
 7.80000E+00 4.53021E-04 3.22808E-01
 8.00000E+00 6.62465E-04 3.32108E-01
 8.50000E+00 1.62056E-03 3.49428E-01
 9.00000E+00 3.55410E-03 3.62552E-01
 9.50000E+00 7.17425E-03 3.73692E-01
 1.00000E+01 1.35081E-02 3.81588E-01
 1.05000E+01 2.40218E-02 3.86001E-01
 1.10000E+01 4.05066E-02 3.86929E-01
 1.15000E+01 6.49379E-02 3.85489E-01
 1.20000E+01 9.93411E-02 3.82312E-01
 1.25000E+01 1.45700E-01 3.78985E-01
 1.30000E+01 2.05453E-01 3.75255E-01
 1.35000E+01 2.80777E-01 3.71775E-01
 1.40000E+01 3.70133E-01 3.67351E-01
 1.45000E+01 4.74820E-01 3.63163E-01
 1.50000E+01 5.90348E-01 3.57607E-01
 1.60000E+01 8.56135E-01 3.46179E-01
 1.70000E+01 1.19498E+00 3.34733E-01
 1.80000E+01 1.66884E+00 3.18803E-01
 1.90000E+01 2.73868E+00 3.05058E-01
 2.00000E+01 4.01151E+00 2.95210E-01
 2.10000E+01 4.05951E+00 2.83225E-01
 2.20000E+01 3.31712E+00 2.75646E-01
 2.30000E+01 2.17179E+00 2.72663E-01
 2.40000E+01 1.62467E+00 2.57261E-01
 2.50000E+01 1.39214E+00 2.57519E-01
 2.60000E+01 1.18775E+00 2.54273E-01
 2.70000E+01 9.91391E-01 2.42311E-01
 2.80000E+01 8.89595E-01 2.44212E-01
 2.90000E+01 8.04471E-01 2.47532E-01
 3.00000E+01 6.72952E-01 2.37491E-01
 3.20000E+01 5.81623E-01 2.41580E-01
 3.40000E+01 6.24315E-01 2.59179E-01
 3.60000E+01 7.25177E-01 2.64622E-01
 3.80000E+01 9.46345E-01 2.79203E-01
 4.00000E+01 1.19108E+00 2.72667E-01
 4.20000E+01 1.34510E+00 2.57879E-01
 4.40000E+01 1.64337E+00 2.64882E-01
 4.60000E+01 1.81033E+00 2.55674E-01
 4.80000E+01 2.31884E+00 2.70975E-01
 5.00000E+01 2.39245E+00 2.66175E-01
 5.20000E+01 3.37945E+00 3.30177E-01
 5.40000E+01 3.92256E+00 3.30167E-01
 5.60000E+01 4.20094E+00 3.33156E-01
 5.80000E+01 5.10528E+00 3.60262E-01
 6.00000E+01 5.77614E+00 3.64820E-01
