# p + 122Sn: Production of 118In - Level  1     0.06000 MeV
# Q-value    =-5.97904E+00 mass= 117.906357
# E-threshold= 6.02844E+00
# # energies =   103
#     E          xs      Branching
 1.00000E-11 0.00000E+00 0.00000E+00
 2.53000E-08 0.00000E+00 0.00000E+00
 2.00000E-07 0.00000E+00 0.00000E+00
 1.00000E-06 0.00000E+00 0.00000E+00
 1.00000E-05 0.00000E+00 0.00000E+00
 1.00000E-04 0.00000E+00 0.00000E+00
 1.00000E-03 0.00000E+00 0.00000E+00
 2.00000E-03 0.00000E+00 0.00000E+00
 4.00000E-03 0.00000E+00 0.00000E+00
 7.00000E-03 0.00000E+00 0.00000E+00
 1.00000E-02 0.00000E+00 0.00000E+00
 2.00000E-02 0.00000E+00 0.00000E+00
 4.00000E-02 0.00000E+00 0.00000E+00
 7.00000E-02 0.00000E+00 0.00000E+00
 1.00000E-01 0.00000E+00 0.00000E+00
 2.00000E-01 0.00000E+00 0.00000E+00
 3.00000E-01 0.00000E+00 0.00000E+00
 4.00000E-01 0.00000E+00 0.00000E+00
 5.00000E-01 0.00000E+00 0.00000E+00
 6.00000E-01 0.00000E+00 0.00000E+00
 7.00000E-01 0.00000E+00 0.00000E+00
 8.00000E-01 0.00000E+00 0.00000E+00
 9.00000E-01 0.00000E+00 0.00000E+00
 1.00000E+00 0.00000E+00 0.00000E+00
 1.20000E+00 0.00000E+00 0.00000E+00
 1.40000E+00 0.00000E+00 0.00000E+00
 1.60000E+00 0.00000E+00 0.00000E+00
 1.80000E+00 0.00000E+00 0.00000E+00
 2.00000E+00 0.00000E+00 0.00000E+00
 2.20000E+00 0.00000E+00 0.00000E+00
 2.40000E+00 0.00000E+00 0.00000E+00
 2.60000E+00 0.00000E+00 0.00000E+00
 2.80000E+00 0.00000E+00 0.00000E+00
 3.00000E+00 0.00000E+00 0.00000E+00
 3.20000E+00 0.00000E+00 0.00000E+00
 3.40000E+00 0.00000E+00 0.00000E+00
 3.60000E+00 0.00000E+00 0.00000E+00
 3.80000E+00 0.00000E+00 0.00000E+00
 4.00000E+00 0.00000E+00 0.00000E+00
 4.20000E+00 0.00000E+00 0.00000E+00
 4.40000E+00 0.00000E+00 0.00000E+00
 4.60000E+00 0.00000E+00 0.00000E+00
 4.80000E+00 0.00000E+00 0.00000E+00
 5.00000E+00 0.00000E+00 0.00000E+00
 5.20000E+00 0.00000E+00 0.00000E+00
 5.40000E+00 0.00000E+00 0.00000E+00
 5.60000E+00 0.00000E+00 0.00000E+00
 5.80000E+00 0.00000E+00 0.00000E+00
 6.00000E+00 0.00000E+00 0.00000E+00
 6.20000E+00 0.00000E+00 0.00000E+00
 6.40000E+00 0.00000E+00 0.00000E+00
 6.60000E+00 0.00000E+00 0.00000E+00
 6.80000E+00 0.00000E+00 0.00000E+00
 7.00000E+00 0.00000E+00 0.00000E+00
 7.20000E+00 0.00000E+00 0.00000E+00
 7.40000E+00 0.00000E+00 0.00000E+00
 7.60000E+00 0.00000E+00 0.00000E+00
 7.80000E+00 0.00000E+00 0.00000E+00
 8.00000E+00 0.00000E+00 0.00000E+00
 8.50000E+00 0.00000E+00 0.00000E+00
 9.00000E+00 0.00000E+00 0.00000E+00
 9.50000E+00 0.00000E+00 0.00000E+00
 1.00000E+01 0.00000E+00 0.00000E+00
 1.05000E+01 0.00000E+00 0.00000E+00
 1.10000E+01 0.00000E+00 0.00000E+00
 1.15000E+01 0.00000E+00 0.00000E+00
 1.20000E+01 0.00000E+00 0.00000E+00
 1.25000E+01 0.00000E+00 0.00000E+00
 1.30000E+01 0.00000E+00 0.00000E+00
 1.35000E+01 0.00000E+00 0.00000E+00
 1.40000E+01 0.00000E+00 0.00000E+00
 1.45000E+01 0.00000E+00 0.00000E+00
 1.50000E+01 0.00000E+00 0.00000E+00
 1.60000E+01 9.90773E-04 4.55171E-01
 1.70000E+01 7.25205E-03 4.56048E-01
 1.80000E+01 3.46925E-02 4.52644E-01
 1.90000E+01 1.27925E-01 4.51887E-01
 2.00000E+01 3.73099E-01 3.94400E-01
 2.10000E+01 8.60102E-01 3.90617E-01
 2.20000E+01 1.35433E+00 3.87908E-01
 2.30000E+01 1.45363E+00 3.76235E-01
 2.40000E+01 1.72829E+00 3.74564E-01
 2.50000E+01 2.01394E+00 3.62813E-01
 2.60000E+01 2.17429E+00 3.50820E-01
 2.70000E+01 2.38966E+00 3.43703E-01
 2.80000E+01 2.35124E+00 3.26335E-01
 2.90000E+01 2.34345E+00 3.15740E-01
 3.00000E+01 2.27152E+00 3.03037E-01
 3.20000E+01 2.02259E+00 2.82281E-01
 3.40000E+01 1.78828E+00 2.69215E-01
 3.60000E+01 1.55411E+00 2.64288E-01
 3.80000E+01 1.30136E+00 2.54247E-01
 4.00000E+01 1.13314E+00 2.53475E-01
 4.20000E+01 9.73862E-01 2.50054E-01
 4.40000E+01 9.50753E-01 2.60618E-01
 4.60000E+01 1.00094E+00 2.60298E-01
 4.80000E+01 1.11135E+00 2.67701E-01
 5.00000E+01 1.25206E+00 2.75988E-01
 5.20000E+01 1.45244E+00 2.78068E-01
 5.40000E+01 1.63462E+00 2.73026E-01
 5.60000E+01 1.79359E+00 2.69963E-01
 5.80000E+01 2.00980E+00 2.77638E-01
 6.00000E+01 2.37349E+00 2.93517E-01
