# p + 114Sn: Production of 110Cd - Total
# Q-value    =-2.63668E+00 mass= 109.903007
# E-threshold= 2.65999E+00
# # energies =   103
#     E          xs
 1.00000E-11 0.00000E+00
 2.53000E-08 0.00000E+00
 2.00000E-07 0.00000E+00
 1.00000E-06 0.00000E+00
 1.00000E-05 0.00000E+00
 1.00000E-04 0.00000E+00
 1.00000E-03 0.00000E+00
 2.00000E-03 0.00000E+00
 4.00000E-03 0.00000E+00
 7.00000E-03 0.00000E+00
 1.00000E-02 0.00000E+00
 2.00000E-02 0.00000E+00
 4.00000E-02 0.00000E+00
 7.00000E-02 0.00000E+00
 1.00000E-01 0.00000E+00
 2.00000E-01 0.00000E+00
 3.00000E-01 0.00000E+00
 4.00000E-01 0.00000E+00
 5.00000E-01 0.00000E+00
 6.00000E-01 0.00000E+00
 7.00000E-01 0.00000E+00
 8.00000E-01 0.00000E+00
 9.00000E-01 0.00000E+00
 1.00000E+00 0.00000E+00
 1.20000E+00 0.00000E+00
 1.40000E+00 0.00000E+00
 1.60000E+00 0.00000E+00
 1.80000E+00 0.00000E+00
 2.00000E+00 0.00000E+00
 2.20000E+00 0.00000E+00
 2.40000E+00 0.00000E+00
 2.60000E+00 0.00000E+00
 2.80000E+00 0.00000E+00
 3.00000E+00 0.00000E+00
 3.20000E+00 0.00000E+00
 3.40000E+00 0.00000E+00
 3.60000E+00 0.00000E+00
 3.80000E+00 0.00000E+00
 4.00000E+00 0.00000E+00
 4.20000E+00 0.00000E+00
 4.40000E+00 0.00000E+00
 4.60000E+00 0.00000E+00
 4.80000E+00 0.00000E+00
 5.00000E+00 0.00000E+00
 5.20000E+00 0.00000E+00
 5.40000E+00 0.00000E+00
 5.60000E+00 0.00000E+00
 5.80000E+00 0.00000E+00
 6.00000E+00 0.00000E+00
 6.20000E+00 0.00000E+00
 6.40000E+00 0.00000E+00
 6.60000E+00 0.00000E+00
 6.80000E+00 0.00000E+00
 7.00000E+00 0.00000E+00
 7.20000E+00 0.00000E+00
 7.40000E+00 0.00000E+00
 7.60000E+00 0.00000E+00
 7.80000E+00 0.00000E+00
 8.00000E+00 0.00000E+00
 8.50000E+00 0.00000E+00
 9.00000E+00 0.00000E+00
 9.50000E+00 0.00000E+00
 1.00000E+01 0.00000E+00
 1.05000E+01 0.00000E+00
 1.10000E+01 0.00000E+00
 1.15000E+01 0.00000E+00
 1.20000E+01 0.00000E+00
 1.25000E+01 0.00000E+00
 1.30000E+01 0.00000E+00
 1.35000E+01 0.00000E+00
 1.40000E+01 0.00000E+00
 1.45000E+01 0.00000E+00
 1.50000E+01 0.00000E+00
 1.60000E+01 2.66999E-03
 1.70000E+01 9.64182E-03
 1.80000E+01 2.59750E-02
 1.90000E+01 5.84286E-02
 2.00000E+01 1.02239E-01
 2.10000E+01 1.43894E-01
 2.20000E+01 1.74961E-01
 2.30000E+01 1.96092E-01
 2.40000E+01 2.29819E-01
 2.50000E+01 2.69017E-01
 2.60000E+01 3.19353E-01
 2.70000E+01 3.71731E-01
 2.80000E+01 4.37031E-01
 2.90000E+01 5.09030E-01
 3.00000E+01 5.92808E-01
 3.20000E+01 7.30427E-01
 3.40000E+01 7.32031E-01
 3.60000E+01 6.35730E-01
 3.80000E+01 4.94668E-01
 4.00000E+01 4.10425E-01
 4.20000E+01 3.44531E-01
 4.40000E+01 3.17500E-01
 4.60000E+01 2.81321E-01
 4.80000E+01 2.88620E-01
 5.00000E+01 3.07380E-01
 5.20000E+01 3.41115E-01
 5.40000E+01 4.41032E-01
 5.60000E+01 6.50561E-01
 5.80000E+01 9.37175E-01
 6.00000E+01 1.24592E+00
