# p + 117Sn: Production of 114In - Ground state
# Q-value    = 3.03612E+00 mass= 113.904916
# E-threshold= 0.00000E+00
# # energies =   103
#     E          xs      Branching
 1.00000E-11 0.00000E+00 0.00000E+00
 2.53000E-08 0.00000E+00 0.00000E+00
 2.00000E-07 0.00000E+00 0.00000E+00
 1.00000E-06 0.00000E+00 0.00000E+00
 1.00000E-05 0.00000E+00 0.00000E+00
 1.00000E-04 0.00000E+00 0.00000E+00
 1.00000E-03 0.00000E+00 0.00000E+00
 2.00000E-03 0.00000E+00 0.00000E+00
 4.00000E-03 0.00000E+00 0.00000E+00
 7.00000E-03 0.00000E+00 0.00000E+00
 1.00000E-02 0.00000E+00 0.00000E+00
 2.00000E-02 0.00000E+00 0.00000E+00
 4.00000E-02 0.00000E+00 0.00000E+00
 7.00000E-02 0.00000E+00 0.00000E+00
 1.00000E-01 0.00000E+00 0.00000E+00
 2.00000E-01 0.00000E+00 0.00000E+00
 3.00000E-01 0.00000E+00 0.00000E+00
 4.00000E-01 0.00000E+00 0.00000E+00
 5.00000E-01 0.00000E+00 0.00000E+00
 6.00000E-01 0.00000E+00 0.00000E+00
 7.00000E-01 0.00000E+00 0.00000E+00
 8.00000E-01 0.00000E+00 0.00000E+00
 9.00000E-01 0.00000E+00 0.00000E+00
 1.00000E+00 0.00000E+00 0.00000E+00
 1.20000E+00 0.00000E+00 0.00000E+00
 1.40000E+00 0.00000E+00 0.00000E+00
 1.60000E+00 0.00000E+00 0.00000E+00
 1.80000E+00 0.00000E+00 0.00000E+00
 2.00000E+00 0.00000E+00 0.00000E+00
 2.20000E+00 0.00000E+00 0.00000E+00
 2.40000E+00 4.63639E-14 0.00000E+00
 2.60000E+00 0.00000E+00 0.00000E+00
 2.80000E+00 1.28654E-12 0.00000E+00
 3.00000E+00 5.55633E-13 0.00000E+00
 3.20000E+00 0.00000E+00 0.00000E+00
 3.40000E+00 2.02316E-11 0.00000E+00
 3.60000E+00 0.00000E+00 0.00000E+00
 3.80000E+00 2.62384E-10 0.00000E+00
 4.00000E+00 4.64028E-08 0.00000E+00
 4.20000E+00 1.70229E-07 0.00000E+00
 4.40000E+00 3.63240E-07 0.00000E+00
 4.60000E+00 8.75662E-07 0.00000E+00
 4.80000E+00 1.99423E-06 0.00000E+00
 5.00000E+00 3.49244E-06 0.00000E+00
 5.20000E+00 7.71781E-06 0.00000E+00
 5.40000E+00 1.34932E-05 0.00000E+00
 5.60000E+00 2.27445E-05 0.00000E+00
 5.80000E+00 3.79094E-05 0.00000E+00
 6.00000E+00 5.45233E-05 0.00000E+00
 6.20000E+00 8.33720E-05 0.00000E+00
 6.40000E+00 1.16247E-04 0.00000E+00
 6.60000E+00 1.55893E-04 0.00000E+00
 6.80000E+00 7.46761E-04 7.11571E-01
 7.00000E+00 1.04977E-03 6.99542E-01
 7.20000E+00 1.46358E-03 6.94376E-01
 7.40000E+00 2.01353E-03 6.82158E-01
 7.60000E+00 2.69484E-03 6.72798E-01
 7.80000E+00 3.57547E-03 6.67833E-01
 8.00000E+00 4.78442E-03 6.55422E-01
 8.50000E+00 9.16659E-03 6.28133E-01
 9.00000E+00 1.64204E-02 5.97278E-01
 9.50000E+00 2.71219E-02 5.64793E-01
 1.00000E+01 4.20582E-02 5.31799E-01
 1.05000E+01 6.21424E-02 4.99665E-01
 1.10000E+01 8.86478E-02 4.69917E-01
 1.15000E+01 1.23096E-01 4.43753E-01
 1.20000E+01 1.66973E-01 4.21837E-01
 1.25000E+01 2.21890E-01 4.03853E-01
 1.30000E+01 2.89266E-01 3.88972E-01
 1.35000E+01 3.70076E-01 3.76520E-01
 1.40000E+01 4.64594E-01 3.65767E-01
 1.45000E+01 5.72254E-01 3.56142E-01
 1.50000E+01 6.92745E-01 3.47246E-01
 1.60000E+01 9.56222E-01 3.30626E-01
 1.70000E+01 1.26426E+00 3.14200E-01
 1.80000E+01 1.70452E+00 2.98512E-01
 1.90000E+01 2.62366E+00 2.87059E-01
 2.00000E+01 4.10074E+00 2.76791E-01
 2.10000E+01 4.30887E+00 2.71245E-01
 2.20000E+01 3.84826E+00 2.63054E-01
 2.30000E+01 2.40783E+00 2.59164E-01
 2.40000E+01 1.93532E+00 2.51668E-01
 2.50000E+01 1.61678E+00 2.50362E-01
 2.60000E+01 1.43767E+00 2.51448E-01
 2.70000E+01 1.26223E+00 2.45024E-01
 2.80000E+01 1.09581E+00 2.45740E-01
 2.90000E+01 1.00438E+00 2.47323E-01
 3.00000E+01 8.75314E-01 2.39222E-01
 3.20000E+01 7.29768E-01 2.43292E-01
 3.40000E+01 7.11058E-01 2.43511E-01
 3.60000E+01 7.89455E-01 2.38232E-01
 3.80000E+01 9.23951E-01 2.30013E-01
 4.00000E+01 1.12181E+00 2.21031E-01
 4.20000E+01 1.34195E+00 2.10651E-01
 4.40000E+01 1.56108E+00 2.09987E-01
 4.60000E+01 1.77105E+00 2.07634E-01
 4.80000E+01 2.06535E+00 2.13767E-01
 5.00000E+01 2.41626E+00 2.14511E-01
 5.20000E+01 2.72012E+00 2.25404E-01
 5.40000E+01 3.04941E+00 2.32271E-01
 5.60000E+01 3.39009E+00 2.34143E-01
 5.80000E+01 3.73515E+00 2.43630E-01
 6.00000E+01 4.10517E+00 2.42113E-01
