# p + 116Sn: Production of 109Ag - Total
# Q-value    =-3.67402E-01 mass= 108.904756
# E-threshold= 3.70595E-01
# # energies =   103
#     E          xs
 1.00000E-11 0.00000E+00
 2.53000E-08 0.00000E+00
 2.00000E-07 0.00000E+00
 1.00000E-06 0.00000E+00
 1.00000E-05 0.00000E+00
 1.00000E-04 0.00000E+00
 1.00000E-03 0.00000E+00
 2.00000E-03 0.00000E+00
 4.00000E-03 0.00000E+00
 7.00000E-03 0.00000E+00
 1.00000E-02 0.00000E+00
 2.00000E-02 0.00000E+00
 4.00000E-02 0.00000E+00
 7.00000E-02 0.00000E+00
 1.00000E-01 0.00000E+00
 2.00000E-01 0.00000E+00
 3.00000E-01 0.00000E+00
 4.00000E-01 0.00000E+00
 5.00000E-01 0.00000E+00
 6.00000E-01 0.00000E+00
 7.00000E-01 0.00000E+00
 8.00000E-01 0.00000E+00
 9.00000E-01 0.00000E+00
 1.00000E+00 0.00000E+00
 1.20000E+00 0.00000E+00
 1.40000E+00 0.00000E+00
 1.60000E+00 0.00000E+00
 1.80000E+00 0.00000E+00
 2.00000E+00 0.00000E+00
 2.20000E+00 0.00000E+00
 2.40000E+00 0.00000E+00
 2.60000E+00 0.00000E+00
 2.80000E+00 0.00000E+00
 3.00000E+00 0.00000E+00
 3.20000E+00 0.00000E+00
 3.40000E+00 0.00000E+00
 3.60000E+00 0.00000E+00
 3.80000E+00 0.00000E+00
 4.00000E+00 0.00000E+00
 4.20000E+00 0.00000E+00
 4.40000E+00 0.00000E+00
 4.60000E+00 0.00000E+00
 4.80000E+00 0.00000E+00
 5.00000E+00 0.00000E+00
 5.20000E+00 0.00000E+00
 5.40000E+00 0.00000E+00
 5.60000E+00 0.00000E+00
 5.80000E+00 0.00000E+00
 6.00000E+00 0.00000E+00
 6.20000E+00 0.00000E+00
 6.40000E+00 0.00000E+00
 6.60000E+00 0.00000E+00
 6.80000E+00 0.00000E+00
 7.00000E+00 0.00000E+00
 7.20000E+00 0.00000E+00
 7.40000E+00 0.00000E+00
 7.60000E+00 0.00000E+00
 7.80000E+00 0.00000E+00
 8.00000E+00 0.00000E+00
 8.50000E+00 0.00000E+00
 9.00000E+00 0.00000E+00
 9.50000E+00 0.00000E+00
 1.00000E+01 0.00000E+00
 1.05000E+01 0.00000E+00
 1.10000E+01 0.00000E+00
 1.15000E+01 0.00000E+00
 1.20000E+01 0.00000E+00
 1.25000E+01 0.00000E+00
 1.30000E+01 0.00000E+00
 1.35000E+01 0.00000E+00
 1.40000E+01 0.00000E+00
 1.45000E+01 0.00000E+00
 1.50000E+01 0.00000E+00
 1.60000E+01 0.00000E+00
 1.70000E+01 0.00000E+00
 1.80000E+01 0.00000E+00
 1.90000E+01 0.00000E+00
 2.00000E+01 0.00000E+00
 2.10000E+01 0.00000E+00
 2.20000E+01 0.00000E+00
 2.30000E+01 0.00000E+00
 2.40000E+01 0.00000E+00
 2.50000E+01 0.00000E+00
 2.60000E+01 0.00000E+00
 2.70000E+01 0.00000E+00
 2.80000E+01 0.00000E+00
 2.90000E+01 1.06454E-03
 3.00000E+01 1.59747E-03
 3.20000E+01 3.23840E-03
 3.40000E+01 6.00755E-03
 3.60000E+01 9.43891E-03
 3.80000E+01 7.50665E-03
 4.00000E+01 7.12318E-03
 4.20000E+01 6.52718E-03
 4.40000E+01 4.10842E-03
 4.60000E+01 2.59208E-03
 4.80000E+01 2.44956E-03
 5.00000E+01 2.75985E-03
 5.20000E+01 3.47549E-03
 5.40000E+01 5.26481E-03
 5.60000E+01 9.26185E-03
 5.80000E+01 2.10247E-02
 6.00000E+01 4.01479E-02
