# p + 112Sn: Production of 111In - Ground state
# Q-value    =-7.55197E+00 mass= 110.905107
# E-threshold= 7.61994E+00
# # energies =   103
#     E          xs      Branching
 1.00000E-11 0.00000E+00 0.00000E+00
 2.53000E-08 0.00000E+00 0.00000E+00
 2.00000E-07 0.00000E+00 0.00000E+00
 1.00000E-06 0.00000E+00 0.00000E+00
 1.00000E-05 0.00000E+00 0.00000E+00
 1.00000E-04 0.00000E+00 0.00000E+00
 1.00000E-03 0.00000E+00 0.00000E+00
 2.00000E-03 0.00000E+00 0.00000E+00
 4.00000E-03 0.00000E+00 0.00000E+00
 7.00000E-03 0.00000E+00 0.00000E+00
 1.00000E-02 0.00000E+00 0.00000E+00
 2.00000E-02 0.00000E+00 0.00000E+00
 4.00000E-02 0.00000E+00 0.00000E+00
 7.00000E-02 0.00000E+00 0.00000E+00
 1.00000E-01 0.00000E+00 0.00000E+00
 2.00000E-01 0.00000E+00 0.00000E+00
 3.00000E-01 0.00000E+00 0.00000E+00
 4.00000E-01 0.00000E+00 0.00000E+00
 5.00000E-01 0.00000E+00 0.00000E+00
 6.00000E-01 0.00000E+00 0.00000E+00
 7.00000E-01 0.00000E+00 0.00000E+00
 8.00000E-01 0.00000E+00 0.00000E+00
 9.00000E-01 0.00000E+00 0.00000E+00
 1.00000E+00 0.00000E+00 0.00000E+00
 1.20000E+00 0.00000E+00 0.00000E+00
 1.40000E+00 0.00000E+00 0.00000E+00
 1.60000E+00 0.00000E+00 0.00000E+00
 1.80000E+00 0.00000E+00 0.00000E+00
 2.00000E+00 0.00000E+00 0.00000E+00
 2.20000E+00 0.00000E+00 0.00000E+00
 2.40000E+00 0.00000E+00 0.00000E+00
 2.60000E+00 0.00000E+00 0.00000E+00
 2.80000E+00 0.00000E+00 0.00000E+00
 3.00000E+00 0.00000E+00 0.00000E+00
 3.20000E+00 0.00000E+00 0.00000E+00
 3.40000E+00 0.00000E+00 0.00000E+00
 3.60000E+00 0.00000E+00 0.00000E+00
 3.80000E+00 0.00000E+00 0.00000E+00
 4.00000E+00 0.00000E+00 0.00000E+00
 4.20000E+00 0.00000E+00 0.00000E+00
 4.40000E+00 0.00000E+00 0.00000E+00
 4.60000E+00 0.00000E+00 0.00000E+00
 4.80000E+00 0.00000E+00 0.00000E+00
 5.00000E+00 0.00000E+00 0.00000E+00
 5.20000E+00 0.00000E+00 0.00000E+00
 5.40000E+00 0.00000E+00 0.00000E+00
 5.60000E+00 0.00000E+00 0.00000E+00
 5.80000E+00 0.00000E+00 0.00000E+00
 6.00000E+00 0.00000E+00 0.00000E+00
 6.20000E+00 0.00000E+00 0.00000E+00
 6.40000E+00 0.00000E+00 0.00000E+00
 6.60000E+00 0.00000E+00 0.00000E+00
 6.80000E+00 0.00000E+00 0.00000E+00
 7.00000E+00 0.00000E+00 0.00000E+00
 7.20000E+00 0.00000E+00 0.00000E+00
 7.40000E+00 0.00000E+00 0.00000E+00
 7.60000E+00 0.00000E+00 0.00000E+00
 7.80000E+00 0.00000E+00 0.00000E+00
 8.00000E+00 0.00000E+00 0.00000E+00
 8.50000E+00 0.00000E+00 0.00000E+00
 9.00000E+00 0.00000E+00 0.00000E+00
 9.50000E+00 0.00000E+00 0.00000E+00
 1.00000E+01 0.00000E+00 0.00000E+00
 1.05000E+01 0.00000E+00 0.00000E+00
 1.10000E+01 0.00000E+00 0.00000E+00
 1.15000E+01 0.00000E+00 0.00000E+00
 1.20000E+01 0.00000E+00 0.00000E+00
 1.25000E+01 0.00000E+00 0.00000E+00
 1.30000E+01 0.00000E+00 0.00000E+00
 1.35000E+01 1.18378E-03 9.62662E-01
 1.40000E+01 5.05488E-03 9.54113E-01
 1.45000E+01 1.66671E-02 9.52051E-01
 1.50000E+01 4.26862E-02 9.50390E-01
 1.60000E+01 1.74089E-01 9.41247E-01
 1.70000E+01 4.62594E-01 9.21671E-01
 1.80000E+01 9.13927E-01 8.88929E-01
 1.90000E+01 1.55537E+00 8.55025E-01
 2.00000E+01 2.39271E+00 8.27747E-01
 2.10000E+01 3.45036E+00 8.14018E-01
 2.20000E+01 4.76564E+00 8.12500E-01
 2.30000E+01 6.32499E+00 8.18699E-01
 2.40000E+01 8.15602E+00 8.28131E-01
 2.50000E+01 1.01753E+01 8.38296E-01
 2.60000E+01 1.24799E+01 8.47840E-01
 2.70000E+01 1.48983E+01 8.56330E-01
 2.80000E+01 1.73474E+01 8.63714E-01
 2.90000E+01 1.93931E+01 8.70253E-01
 3.00000E+01 2.07092E+01 8.75827E-01
 3.20000E+01 2.06996E+01 8.85407E-01
 3.40000E+01 1.89789E+01 8.89441E-01
 3.60000E+01 1.78805E+01 8.90299E-01
 3.80000E+01 1.79713E+01 8.90086E-01
 4.00000E+01 1.87279E+01 8.89334E-01
 4.20000E+01 2.00645E+01 8.88868E-01
 4.40000E+01 2.13187E+01 8.86845E-01
 4.60000E+01 2.18796E+01 8.86460E-01
 4.80000E+01 2.33470E+01 8.85131E-01
 5.00000E+01 2.35971E+01 8.85336E-01
 5.20000E+01 2.46252E+01 8.83929E-01
 5.40000E+01 2.54999E+01 8.84198E-01
 5.60000E+01 2.50836E+01 8.83086E-01
 5.80000E+01 2.62600E+01 8.82330E-01
 6.00000E+01 2.69906E+01 8.82299E-01
