# p + 122Sn: Production of 119In - Level  1     0.31137 MeV
# Q-value    = 2.31139E+00 mass= 118.905852
# E-threshold= 0.00000E+00
# # energies =   103
#     E          xs      Branching
 1.00000E-11 0.00000E+00 0.00000E+00
 2.53000E-08 0.00000E+00 0.00000E+00
 2.00000E-07 0.00000E+00 0.00000E+00
 1.00000E-06 0.00000E+00 0.00000E+00
 1.00000E-05 0.00000E+00 0.00000E+00
 1.00000E-04 0.00000E+00 0.00000E+00
 1.00000E-03 0.00000E+00 0.00000E+00
 2.00000E-03 0.00000E+00 0.00000E+00
 4.00000E-03 0.00000E+00 0.00000E+00
 7.00000E-03 0.00000E+00 0.00000E+00
 1.00000E-02 0.00000E+00 0.00000E+00
 2.00000E-02 0.00000E+00 0.00000E+00
 4.00000E-02 0.00000E+00 0.00000E+00
 7.00000E-02 0.00000E+00 0.00000E+00
 1.00000E-01 0.00000E+00 0.00000E+00
 2.00000E-01 0.00000E+00 0.00000E+00
 3.00000E-01 0.00000E+00 0.00000E+00
 4.00000E-01 0.00000E+00 0.00000E+00
 5.00000E-01 0.00000E+00 0.00000E+00
 6.00000E-01 0.00000E+00 0.00000E+00
 7.00000E-01 0.00000E+00 0.00000E+00
 8.00000E-01 0.00000E+00 0.00000E+00
 9.00000E-01 0.00000E+00 0.00000E+00
 1.00000E+00 0.00000E+00 0.00000E+00
 1.20000E+00 0.00000E+00 0.00000E+00
 1.40000E+00 0.00000E+00 0.00000E+00
 1.60000E+00 0.00000E+00 0.00000E+00
 1.80000E+00 0.00000E+00 0.00000E+00
 2.00000E+00 0.00000E+00 0.00000E+00
 2.20000E+00 0.00000E+00 0.00000E+00
 2.40000E+00 0.00000E+00 0.00000E+00
 2.60000E+00 0.00000E+00 0.00000E+00
 2.80000E+00 0.00000E+00 0.00000E+00
 3.00000E+00 0.00000E+00 0.00000E+00
 3.20000E+00 0.00000E+00 0.00000E+00
 3.40000E+00 0.00000E+00 0.00000E+00
 3.60000E+00 0.00000E+00 0.00000E+00
 3.80000E+00 0.00000E+00 0.00000E+00
 4.00000E+00 0.00000E+00 0.00000E+00
 4.20000E+00 0.00000E+00 0.00000E+00
 4.40000E+00 0.00000E+00 0.00000E+00
 4.60000E+00 0.00000E+00 0.00000E+00
 4.80000E+00 4.60790E-09 0.00000E+00
 5.00000E+00 1.19876E-08 0.00000E+00
 5.20000E+00 2.23738E-08 0.00000E+00
 5.40000E+00 5.77615E-08 0.00000E+00
 5.60000E+00 1.10887E-07 0.00000E+00
 5.80000E+00 2.08332E-07 0.00000E+00
 6.00000E+00 4.17291E-07 0.00000E+00
 6.20000E+00 6.57398E-07 0.00000E+00
 6.40000E+00 1.24535E-06 0.00000E+00
 6.60000E+00 1.99741E-06 0.00000E+00
 6.80000E+00 3.05546E-06 0.00000E+00
 7.00000E+00 5.04419E-06 0.00000E+00
 7.20000E+00 6.99672E-06 0.00000E+00
 7.40000E+00 1.09729E-05 0.00000E+00
 7.60000E+00 1.55788E-05 0.00000E+00
 7.80000E+00 2.12562E-05 0.00000E+00
 8.00000E+00 3.22154E-05 0.00000E+00
 8.50000E+00 6.17845E-05 0.00000E+00
 9.00000E+00 9.50196E-05 0.00000E+00
 9.50000E+00 7.34572E-04 5.13159E-01
 1.00000E+01 1.22218E-03 4.70020E-01
 1.05000E+01 1.97969E-03 4.22157E-01
 1.10000E+01 3.21196E-03 3.74531E-01
 1.15000E+01 5.45204E-03 3.49064E-01
 1.20000E+01 9.07938E-03 3.23268E-01
 1.25000E+01 1.49684E-02 3.05155E-01
 1.30000E+01 2.39852E-02 2.92035E-01
 1.35000E+01 3.70002E-02 2.81717E-01
 1.40000E+01 5.49697E-02 2.73348E-01
 1.45000E+01 7.88626E-02 2.66809E-01
 1.50000E+01 1.09738E-01 2.60331E-01
 1.60000E+01 1.95603E-01 2.49708E-01
 1.70000E+01 3.28639E-01 2.41209E-01
 1.80000E+01 5.45162E-01 2.34297E-01
 1.90000E+01 1.08464E+00 2.41487E-01
 2.00000E+01 2.10114E+00 2.41120E-01
 2.10000E+01 2.47384E+00 2.46549E-01
 2.20000E+01 2.48774E+00 2.47064E-01
 2.30000E+01 1.58444E+00 2.54296E-01
 2.40000E+01 1.31083E+00 2.55273E-01
 2.50000E+01 1.11981E+00 2.59601E-01
 2.60000E+01 1.00580E+00 2.58822E-01
 2.70000E+01 8.77093E-01 2.62866E-01
 2.80000E+01 8.01842E-01 2.64472E-01
 2.90000E+01 7.17752E-01 2.62814E-01
 3.00000E+01 6.26331E-01 2.66377E-01
 3.20000E+01 5.35681E-01 2.64693E-01
 3.40000E+01 4.73916E-01 2.65259E-01
 3.60000E+01 5.28648E-01 2.62327E-01
 3.80000E+01 6.24468E-01 2.67882E-01
 4.00000E+01 8.02152E-01 2.68792E-01
 4.20000E+01 9.87451E-01 2.63754E-01
 4.40000E+01 1.16567E+00 2.70068E-01
 4.60000E+01 1.30987E+00 2.63633E-01
 4.80000E+01 1.50555E+00 2.59159E-01
 5.00000E+01 1.68032E+00 2.58530E-01
 5.20000E+01 1.85536E+00 2.45043E-01
 5.40000E+01 2.12841E+00 2.42971E-01
 5.60000E+01 2.45552E+00 2.42906E-01
 5.80000E+01 2.79055E+00 2.43347E-01
 6.00000E+01 3.06288E+00 2.29014E-01
