# p + 112Sn: Production of 111In - Total
# Q-value    =-7.55197E+00 mass= 110.905107
# E-threshold= 7.61994E+00
# # energies =   103
#     E          xs
 1.00000E-11 0.00000E+00
 2.53000E-08 0.00000E+00
 2.00000E-07 0.00000E+00
 1.00000E-06 0.00000E+00
 1.00000E-05 0.00000E+00
 1.00000E-04 0.00000E+00
 1.00000E-03 0.00000E+00
 2.00000E-03 0.00000E+00
 4.00000E-03 0.00000E+00
 7.00000E-03 0.00000E+00
 1.00000E-02 0.00000E+00
 2.00000E-02 0.00000E+00
 4.00000E-02 0.00000E+00
 7.00000E-02 0.00000E+00
 1.00000E-01 0.00000E+00
 2.00000E-01 0.00000E+00
 3.00000E-01 0.00000E+00
 4.00000E-01 0.00000E+00
 5.00000E-01 0.00000E+00
 6.00000E-01 0.00000E+00
 7.00000E-01 0.00000E+00
 8.00000E-01 0.00000E+00
 9.00000E-01 0.00000E+00
 1.00000E+00 0.00000E+00
 1.20000E+00 0.00000E+00
 1.40000E+00 0.00000E+00
 1.60000E+00 0.00000E+00
 1.80000E+00 0.00000E+00
 2.00000E+00 0.00000E+00
 2.20000E+00 0.00000E+00
 2.40000E+00 0.00000E+00
 2.60000E+00 0.00000E+00
 2.80000E+00 0.00000E+00
 3.00000E+00 0.00000E+00
 3.20000E+00 0.00000E+00
 3.40000E+00 0.00000E+00
 3.60000E+00 0.00000E+00
 3.80000E+00 0.00000E+00
 4.00000E+00 0.00000E+00
 4.20000E+00 0.00000E+00
 4.40000E+00 0.00000E+00
 4.60000E+00 0.00000E+00
 4.80000E+00 0.00000E+00
 5.00000E+00 0.00000E+00
 5.20000E+00 0.00000E+00
 5.40000E+00 0.00000E+00
 5.60000E+00 0.00000E+00
 5.80000E+00 0.00000E+00
 6.00000E+00 0.00000E+00
 6.20000E+00 0.00000E+00
 6.40000E+00 0.00000E+00
 6.60000E+00 0.00000E+00
 6.80000E+00 0.00000E+00
 7.00000E+00 0.00000E+00
 7.20000E+00 0.00000E+00
 7.40000E+00 0.00000E+00
 7.60000E+00 0.00000E+00
 7.80000E+00 0.00000E+00
 8.00000E+00 0.00000E+00
 8.50000E+00 0.00000E+00
 9.00000E+00 0.00000E+00
 9.50000E+00 0.00000E+00
 1.00000E+01 0.00000E+00
 1.05000E+01 0.00000E+00
 1.10000E+01 0.00000E+00
 1.15000E+01 0.00000E+00
 1.20000E+01 0.00000E+00
 1.25000E+01 0.00000E+00
 1.30000E+01 0.00000E+00
 1.35000E+01 1.22970E-03
 1.40000E+01 5.29799E-03
 1.45000E+01 1.75065E-02
 1.50000E+01 4.49144E-02
 1.60000E+01 1.84955E-01
 1.70000E+01 5.01908E-01
 1.80000E+01 1.02812E+00
 1.90000E+01 1.81909E+00
 2.00000E+01 2.89063E+00
 2.10000E+01 4.23868E+00
 2.20000E+01 5.86540E+00
 2.30000E+01 7.72566E+00
 2.40000E+01 9.84870E+00
 2.50000E+01 1.21380E+01
 2.60000E+01 1.47197E+01
 2.70000E+01 1.73979E+01
 2.80000E+01 2.00847E+01
 2.90000E+01 2.22844E+01
 3.00000E+01 2.36453E+01
 3.20000E+01 2.33786E+01
 3.40000E+01 2.13380E+01
 3.60000E+01 2.00837E+01
 3.80000E+01 2.01905E+01
 4.00000E+01 2.10584E+01
 4.20000E+01 2.25731E+01
 4.40000E+01 2.40389E+01
 4.60000E+01 2.46820E+01
 4.80000E+01 2.63769E+01
 5.00000E+01 2.66532E+01
 5.20000E+01 2.78588E+01
 5.40000E+01 2.88396E+01
 5.60000E+01 2.84044E+01
 5.80000E+01 2.97621E+01
 6.00000E+01 3.05912E+01
