# p + 116Sn: Production of 112In - Level  1     0.15659 MeV
# Q-value    =-6.89971E+00 mass= 111.905539
# E-threshold= 6.95967E+00
# # energies =   103
#     E          xs      Branching
 1.00000E-11 0.00000E+00 0.00000E+00
 2.53000E-08 0.00000E+00 0.00000E+00
 2.00000E-07 0.00000E+00 0.00000E+00
 1.00000E-06 0.00000E+00 0.00000E+00
 1.00000E-05 0.00000E+00 0.00000E+00
 1.00000E-04 0.00000E+00 0.00000E+00
 1.00000E-03 0.00000E+00 0.00000E+00
 2.00000E-03 0.00000E+00 0.00000E+00
 4.00000E-03 0.00000E+00 0.00000E+00
 7.00000E-03 0.00000E+00 0.00000E+00
 1.00000E-02 0.00000E+00 0.00000E+00
 2.00000E-02 0.00000E+00 0.00000E+00
 4.00000E-02 0.00000E+00 0.00000E+00
 7.00000E-02 0.00000E+00 0.00000E+00
 1.00000E-01 0.00000E+00 0.00000E+00
 2.00000E-01 0.00000E+00 0.00000E+00
 3.00000E-01 0.00000E+00 0.00000E+00
 4.00000E-01 0.00000E+00 0.00000E+00
 5.00000E-01 0.00000E+00 0.00000E+00
 6.00000E-01 0.00000E+00 0.00000E+00
 7.00000E-01 0.00000E+00 0.00000E+00
 8.00000E-01 0.00000E+00 0.00000E+00
 9.00000E-01 0.00000E+00 0.00000E+00
 1.00000E+00 0.00000E+00 0.00000E+00
 1.20000E+00 0.00000E+00 0.00000E+00
 1.40000E+00 0.00000E+00 0.00000E+00
 1.60000E+00 0.00000E+00 0.00000E+00
 1.80000E+00 0.00000E+00 0.00000E+00
 2.00000E+00 0.00000E+00 0.00000E+00
 2.20000E+00 0.00000E+00 0.00000E+00
 2.40000E+00 0.00000E+00 0.00000E+00
 2.60000E+00 0.00000E+00 0.00000E+00
 2.80000E+00 0.00000E+00 0.00000E+00
 3.00000E+00 0.00000E+00 0.00000E+00
 3.20000E+00 0.00000E+00 0.00000E+00
 3.40000E+00 0.00000E+00 0.00000E+00
 3.60000E+00 0.00000E+00 0.00000E+00
 3.80000E+00 0.00000E+00 0.00000E+00
 4.00000E+00 0.00000E+00 0.00000E+00
 4.20000E+00 0.00000E+00 0.00000E+00
 4.40000E+00 0.00000E+00 0.00000E+00
 4.60000E+00 0.00000E+00 0.00000E+00
 4.80000E+00 0.00000E+00 0.00000E+00
 5.00000E+00 0.00000E+00 0.00000E+00
 5.20000E+00 0.00000E+00 0.00000E+00
 5.40000E+00 0.00000E+00 0.00000E+00
 5.60000E+00 0.00000E+00 0.00000E+00
 5.80000E+00 0.00000E+00 0.00000E+00
 6.00000E+00 0.00000E+00 0.00000E+00
 6.20000E+00 0.00000E+00 0.00000E+00
 6.40000E+00 0.00000E+00 0.00000E+00
 6.60000E+00 0.00000E+00 0.00000E+00
 6.80000E+00 0.00000E+00 0.00000E+00
 7.00000E+00 0.00000E+00 0.00000E+00
 7.20000E+00 0.00000E+00 0.00000E+00
 7.40000E+00 0.00000E+00 0.00000E+00
 7.60000E+00 0.00000E+00 0.00000E+00
 7.80000E+00 0.00000E+00 0.00000E+00
 8.00000E+00 0.00000E+00 0.00000E+00
 8.50000E+00 0.00000E+00 0.00000E+00
 9.00000E+00 0.00000E+00 0.00000E+00
 9.50000E+00 0.00000E+00 0.00000E+00
 1.00000E+01 0.00000E+00 0.00000E+00
 1.05000E+01 0.00000E+00 0.00000E+00
 1.10000E+01 0.00000E+00 0.00000E+00
 1.15000E+01 0.00000E+00 0.00000E+00
 1.20000E+01 0.00000E+00 0.00000E+00
 1.25000E+01 0.00000E+00 0.00000E+00
 1.30000E+01 0.00000E+00 0.00000E+00
 1.35000E+01 0.00000E+00 0.00000E+00
 1.40000E+01 0.00000E+00 0.00000E+00
 1.45000E+01 0.00000E+00 0.00000E+00
 1.50000E+01 6.15005E-04 5.95389E-01
 1.60000E+01 6.54596E-03 5.88605E-01
 1.70000E+01 3.27717E-02 6.07345E-01
 1.80000E+01 1.33484E-01 6.39253E-01
 1.90000E+01 4.96061E-01 6.69551E-01
 2.00000E+01 1.37760E+00 6.85038E-01
 2.10000E+01 2.84289E+00 7.03668E-01
 2.20000E+01 5.07750E+00 7.32859E-01
 2.30000E+01 7.04185E+00 7.42536E-01
 2.40000E+01 8.75535E+00 7.54612E-01
 2.50000E+01 1.07927E+01 7.63911E-01
 2.60000E+01 1.27140E+01 7.72021E-01
 2.70000E+01 1.45644E+01 7.78842E-01
 2.80000E+01 1.58646E+01 7.87447E-01
 2.90000E+01 1.65920E+01 7.95468E-01
 3.00000E+01 1.64690E+01 8.03269E-01
 3.20000E+01 1.45903E+01 8.17239E-01
 3.40000E+01 1.19865E+01 8.20542E-01
 3.60000E+01 9.93671E+00 8.13846E-01
 3.80000E+01 8.08495E+00 7.95278E-01
 4.00000E+01 6.82952E+00 7.89983E-01
 4.20000E+01 5.96338E+00 7.85630E-01
 4.40000E+01 5.44184E+00 7.79317E-01
 4.60000E+01 5.08331E+00 7.74743E-01
 4.80000E+01 5.19491E+00 7.66965E-01
 5.00000E+01 6.18619E+00 7.79243E-01
 5.20000E+01 7.31111E+00 7.84212E-01
 5.40000E+01 8.76658E+00 7.84883E-01
 5.60000E+01 1.09906E+01 7.81792E-01
 5.80000E+01 1.37610E+01 7.84463E-01
 6.00000E+01 1.60421E+01 7.82652E-01
