# p + 115Sn: Production of 108Ag - Ground state
# Q-value    = 1.20921E-02 mass= 107.905950
# E-threshold= 0.00000E+00
# # energies =   103
#     E          xs      Branching
 1.00000E-11 0.00000E+00 0.00000E+00
 2.53000E-08 0.00000E+00 0.00000E+00
 2.00000E-07 0.00000E+00 0.00000E+00
 1.00000E-06 0.00000E+00 0.00000E+00
 1.00000E-05 0.00000E+00 0.00000E+00
 1.00000E-04 0.00000E+00 0.00000E+00
 1.00000E-03 0.00000E+00 0.00000E+00
 2.00000E-03 0.00000E+00 0.00000E+00
 4.00000E-03 0.00000E+00 0.00000E+00
 7.00000E-03 0.00000E+00 0.00000E+00
 1.00000E-02 0.00000E+00 0.00000E+00
 2.00000E-02 0.00000E+00 0.00000E+00
 4.00000E-02 0.00000E+00 0.00000E+00
 7.00000E-02 0.00000E+00 0.00000E+00
 1.00000E-01 0.00000E+00 0.00000E+00
 2.00000E-01 0.00000E+00 0.00000E+00
 3.00000E-01 0.00000E+00 0.00000E+00
 4.00000E-01 0.00000E+00 0.00000E+00
 5.00000E-01 0.00000E+00 0.00000E+00
 6.00000E-01 0.00000E+00 0.00000E+00
 7.00000E-01 0.00000E+00 0.00000E+00
 8.00000E-01 0.00000E+00 0.00000E+00
 9.00000E-01 0.00000E+00 0.00000E+00
 1.00000E+00 0.00000E+00 0.00000E+00
 1.20000E+00 0.00000E+00 0.00000E+00
 1.40000E+00 0.00000E+00 0.00000E+00
 1.60000E+00 0.00000E+00 0.00000E+00
 1.80000E+00 0.00000E+00 0.00000E+00
 2.00000E+00 0.00000E+00 0.00000E+00
 2.20000E+00 0.00000E+00 0.00000E+00
 2.40000E+00 0.00000E+00 0.00000E+00
 2.60000E+00 0.00000E+00 0.00000E+00
 2.80000E+00 0.00000E+00 0.00000E+00
 3.00000E+00 0.00000E+00 0.00000E+00
 3.20000E+00 0.00000E+00 0.00000E+00
 3.40000E+00 0.00000E+00 0.00000E+00
 3.60000E+00 0.00000E+00 0.00000E+00
 3.80000E+00 0.00000E+00 0.00000E+00
 4.00000E+00 0.00000E+00 0.00000E+00
 4.20000E+00 0.00000E+00 0.00000E+00
 4.40000E+00 0.00000E+00 0.00000E+00
 4.60000E+00 0.00000E+00 0.00000E+00
 4.80000E+00 0.00000E+00 0.00000E+00
 5.00000E+00 0.00000E+00 0.00000E+00
 5.20000E+00 0.00000E+00 0.00000E+00
 5.40000E+00 0.00000E+00 0.00000E+00
 5.60000E+00 0.00000E+00 0.00000E+00
 5.80000E+00 0.00000E+00 0.00000E+00
 6.00000E+00 0.00000E+00 0.00000E+00
 6.20000E+00 0.00000E+00 0.00000E+00
 6.40000E+00 0.00000E+00 0.00000E+00
 6.60000E+00 0.00000E+00 0.00000E+00
 6.80000E+00 0.00000E+00 0.00000E+00
 7.00000E+00 0.00000E+00 0.00000E+00
 7.20000E+00 0.00000E+00 0.00000E+00
 7.40000E+00 0.00000E+00 0.00000E+00
 7.60000E+00 0.00000E+00 0.00000E+00
 7.80000E+00 0.00000E+00 0.00000E+00
 8.00000E+00 0.00000E+00 0.00000E+00
 8.50000E+00 0.00000E+00 0.00000E+00
 9.00000E+00 0.00000E+00 0.00000E+00
 9.50000E+00 0.00000E+00 0.00000E+00
 1.00000E+01 0.00000E+00 0.00000E+00
 1.05000E+01 0.00000E+00 0.00000E+00
 1.10000E+01 0.00000E+00 0.00000E+00
 1.15000E+01 0.00000E+00 0.00000E+00
 1.20000E+01 0.00000E+00 0.00000E+00
 1.25000E+01 0.00000E+00 0.00000E+00
 1.30000E+01 0.00000E+00 0.00000E+00
 1.35000E+01 0.00000E+00 0.00000E+00
 1.40000E+01 0.00000E+00 0.00000E+00
 1.45000E+01 2.55014E-13 0.00000E+00
 1.50000E+01 1.40158E-12 0.00000E+00
 1.60000E+01 5.16996E-11 0.00000E+00
 1.70000E+01 6.06469E-10 0.00000E+00
 1.80000E+01 4.24457E-09 0.00000E+00
 1.90000E+01 1.99424E-08 0.00000E+00
 2.00000E+01 7.34430E-08 0.00000E+00
 2.10000E+01 2.40901E-07 0.00000E+00
 2.20000E+01 6.50975E-07 0.00000E+00
 2.30000E+01 1.45468E-06 0.00000E+00
 2.40000E+01 2.76856E-06 0.00000E+00
 2.50000E+01 4.54997E-06 0.00000E+00
 2.60000E+01 5.54222E-04 5.04936E-01
 2.70000E+01 9.60048E-04 4.91185E-01
 2.80000E+01 1.52950E-03 4.76955E-01
 2.90000E+01 2.26793E-03 4.62087E-01
 3.00000E+01 3.17474E-03 4.48003E-01
 3.20000E+01 5.63495E-03 4.27973E-01
 3.40000E+01 8.33426E-03 4.30599E-01
 3.60000E+01 7.54801E-03 4.07480E-01
 3.80000E+01 7.51953E-03 4.30499E-01
 4.00000E+01 6.47607E-03 5.05859E-01
 4.20000E+01 5.34449E-03 5.27029E-01
 4.40000E+01 4.01628E-03 5.15794E-01
 4.60000E+01 3.56339E-03 5.20035E-01
 4.80000E+01 3.48923E-03 5.30033E-01
 5.00000E+01 2.84715E-03 5.37756E-01
 5.20000E+01 3.35663E-03 5.14858E-01
 5.40000E+01 7.81486E-03 4.45845E-01
 5.60000E+01 1.87343E-02 4.37603E-01
 5.80000E+01 3.70872E-02 4.35856E-01
 6.00000E+01 7.12045E-02 4.48032E-01
