# p + 119Sn: Production of 115In - Level  1     0.33624 MeV
# Q-value    =-4.07214E+00 mass= 114.903879
# E-threshold= 4.10663E+00
# # energies =   103
#     E          xs      Branching
 1.00000E-11 0.00000E+00 0.00000E+00
 2.53000E-08 0.00000E+00 0.00000E+00
 2.00000E-07 0.00000E+00 0.00000E+00
 1.00000E-06 0.00000E+00 0.00000E+00
 1.00000E-05 0.00000E+00 0.00000E+00
 1.00000E-04 0.00000E+00 0.00000E+00
 1.00000E-03 0.00000E+00 0.00000E+00
 2.00000E-03 0.00000E+00 0.00000E+00
 4.00000E-03 0.00000E+00 0.00000E+00
 7.00000E-03 0.00000E+00 0.00000E+00
 1.00000E-02 0.00000E+00 0.00000E+00
 2.00000E-02 0.00000E+00 0.00000E+00
 4.00000E-02 0.00000E+00 0.00000E+00
 7.00000E-02 0.00000E+00 0.00000E+00
 1.00000E-01 0.00000E+00 0.00000E+00
 2.00000E-01 0.00000E+00 0.00000E+00
 3.00000E-01 0.00000E+00 0.00000E+00
 4.00000E-01 0.00000E+00 0.00000E+00
 5.00000E-01 0.00000E+00 0.00000E+00
 6.00000E-01 0.00000E+00 0.00000E+00
 7.00000E-01 0.00000E+00 0.00000E+00
 8.00000E-01 0.00000E+00 0.00000E+00
 9.00000E-01 0.00000E+00 0.00000E+00
 1.00000E+00 0.00000E+00 0.00000E+00
 1.20000E+00 0.00000E+00 0.00000E+00
 1.40000E+00 0.00000E+00 0.00000E+00
 1.60000E+00 0.00000E+00 0.00000E+00
 1.80000E+00 0.00000E+00 0.00000E+00
 2.00000E+00 0.00000E+00 0.00000E+00
 2.20000E+00 0.00000E+00 0.00000E+00
 2.40000E+00 0.00000E+00 0.00000E+00
 2.60000E+00 0.00000E+00 0.00000E+00
 2.80000E+00 0.00000E+00 0.00000E+00
 3.00000E+00 0.00000E+00 0.00000E+00
 3.20000E+00 0.00000E+00 0.00000E+00
 3.40000E+00 0.00000E+00 0.00000E+00
 3.60000E+00 0.00000E+00 0.00000E+00
 3.80000E+00 0.00000E+00 0.00000E+00
 4.00000E+00 0.00000E+00 0.00000E+00
 4.20000E+00 0.00000E+00 0.00000E+00
 4.40000E+00 0.00000E+00 0.00000E+00
 4.60000E+00 0.00000E+00 0.00000E+00
 4.80000E+00 0.00000E+00 0.00000E+00
 5.00000E+00 0.00000E+00 0.00000E+00
 5.20000E+00 0.00000E+00 0.00000E+00
 5.40000E+00 0.00000E+00 0.00000E+00
 5.60000E+00 0.00000E+00 0.00000E+00
 5.80000E+00 0.00000E+00 0.00000E+00
 6.00000E+00 0.00000E+00 0.00000E+00
 6.20000E+00 0.00000E+00 0.00000E+00
 6.40000E+00 0.00000E+00 0.00000E+00
 6.60000E+00 0.00000E+00 0.00000E+00
 6.80000E+00 0.00000E+00 0.00000E+00
 7.00000E+00 0.00000E+00 0.00000E+00
 7.20000E+00 0.00000E+00 0.00000E+00
 7.40000E+00 0.00000E+00 0.00000E+00
 7.60000E+00 0.00000E+00 0.00000E+00
 7.80000E+00 0.00000E+00 0.00000E+00
 8.00000E+00 0.00000E+00 0.00000E+00
 8.50000E+00 0.00000E+00 0.00000E+00
 9.00000E+00 0.00000E+00 0.00000E+00
 9.50000E+00 0.00000E+00 0.00000E+00
 1.00000E+01 0.00000E+00 0.00000E+00
 1.05000E+01 0.00000E+00 0.00000E+00
 1.10000E+01 0.00000E+00 0.00000E+00
 1.15000E+01 0.00000E+00 0.00000E+00
 1.20000E+01 0.00000E+00 0.00000E+00
 1.25000E+01 0.00000E+00 0.00000E+00
 1.30000E+01 2.31181E-04 1.90670E-01
 1.35000E+01 6.20908E-04 2.12189E-01
 1.40000E+01 1.33036E-03 1.99011E-01
 1.45000E+01 3.20609E-03 2.18837E-01
 1.50000E+01 6.75825E-03 1.82288E-01
 1.60000E+01 2.90576E-02 1.96069E-01
 1.70000E+01 9.33769E-02 2.38720E-01
 1.80000E+01 2.17869E-01 2.16235E-01
 1.90000E+01 5.37893E-01 2.21745E-01
 2.00000E+01 1.14366E+00 2.29941E-01
 2.10000E+01 1.77221E+00 2.29520E-01
 2.20000E+01 2.12159E+00 2.30891E-01
 2.30000E+01 2.19261E+00 2.45022E-01
 2.40000E+01 2.40104E+00 2.39390E-01
 2.50000E+01 2.69282E+00 2.43791E-01
 2.60000E+01 3.02063E+00 2.49396E-01
 2.70000E+01 3.19311E+00 2.47789E-01
 2.80000E+01 3.34835E+00 2.54225E-01
 2.90000E+01 3.42685E+00 2.61110E-01
 3.00000E+01 3.38440E+00 2.63953E-01
 3.20000E+01 3.14352E+00 2.70421E-01
 3.40000E+01 2.85559E+00 2.78624E-01
 3.60000E+01 2.53716E+00 2.80934E-01
 3.80000E+01 2.22966E+00 2.86983E-01
 4.00000E+01 1.92435E+00 2.92809E-01
 4.20000E+01 1.74159E+00 2.79350E-01
 4.40000E+01 1.69378E+00 2.82207E-01
 4.60000E+01 1.72419E+00 2.80420E-01
 4.80000E+01 1.83564E+00 2.78221E-01
 5.00000E+01 2.10407E+00 2.73199E-01
 5.20000E+01 2.44263E+00 2.72650E-01
 5.40000E+01 2.80403E+00 2.72351E-01
 5.60000E+01 3.23988E+00 2.77818E-01
 5.80000E+01 3.62347E+00 2.87852E-01
 6.00000E+01 4.12787E+00 2.87882E-01
