# p + 112Sn: Production of 108In - Level  1     0.02975 MeV
# Q-value    =-7.77224E+00 mass= 107.909694
# E-threshold= 7.84220E+00
# # energies =   103
#     E          xs      Branching
 1.00000E-11 0.00000E+00 0.00000E+00
 2.53000E-08 0.00000E+00 0.00000E+00
 2.00000E-07 0.00000E+00 0.00000E+00
 1.00000E-06 0.00000E+00 0.00000E+00
 1.00000E-05 0.00000E+00 0.00000E+00
 1.00000E-04 0.00000E+00 0.00000E+00
 1.00000E-03 0.00000E+00 0.00000E+00
 2.00000E-03 0.00000E+00 0.00000E+00
 4.00000E-03 0.00000E+00 0.00000E+00
 7.00000E-03 0.00000E+00 0.00000E+00
 1.00000E-02 0.00000E+00 0.00000E+00
 2.00000E-02 0.00000E+00 0.00000E+00
 4.00000E-02 0.00000E+00 0.00000E+00
 7.00000E-02 0.00000E+00 0.00000E+00
 1.00000E-01 0.00000E+00 0.00000E+00
 2.00000E-01 0.00000E+00 0.00000E+00
 3.00000E-01 0.00000E+00 0.00000E+00
 4.00000E-01 0.00000E+00 0.00000E+00
 5.00000E-01 0.00000E+00 0.00000E+00
 6.00000E-01 0.00000E+00 0.00000E+00
 7.00000E-01 0.00000E+00 0.00000E+00
 8.00000E-01 0.00000E+00 0.00000E+00
 9.00000E-01 0.00000E+00 0.00000E+00
 1.00000E+00 0.00000E+00 0.00000E+00
 1.20000E+00 0.00000E+00 0.00000E+00
 1.40000E+00 0.00000E+00 0.00000E+00
 1.60000E+00 0.00000E+00 0.00000E+00
 1.80000E+00 0.00000E+00 0.00000E+00
 2.00000E+00 0.00000E+00 0.00000E+00
 2.20000E+00 0.00000E+00 0.00000E+00
 2.40000E+00 0.00000E+00 0.00000E+00
 2.60000E+00 0.00000E+00 0.00000E+00
 2.80000E+00 0.00000E+00 0.00000E+00
 3.00000E+00 0.00000E+00 0.00000E+00
 3.20000E+00 0.00000E+00 0.00000E+00
 3.40000E+00 0.00000E+00 0.00000E+00
 3.60000E+00 0.00000E+00 0.00000E+00
 3.80000E+00 0.00000E+00 0.00000E+00
 4.00000E+00 0.00000E+00 0.00000E+00
 4.20000E+00 0.00000E+00 0.00000E+00
 4.40000E+00 0.00000E+00 0.00000E+00
 4.60000E+00 0.00000E+00 0.00000E+00
 4.80000E+00 0.00000E+00 0.00000E+00
 5.00000E+00 0.00000E+00 0.00000E+00
 5.20000E+00 0.00000E+00 0.00000E+00
 5.40000E+00 0.00000E+00 0.00000E+00
 5.60000E+00 0.00000E+00 0.00000E+00
 5.80000E+00 0.00000E+00 0.00000E+00
 6.00000E+00 0.00000E+00 0.00000E+00
 6.20000E+00 0.00000E+00 0.00000E+00
 6.40000E+00 0.00000E+00 0.00000E+00
 6.60000E+00 0.00000E+00 0.00000E+00
 6.80000E+00 0.00000E+00 0.00000E+00
 7.00000E+00 0.00000E+00 0.00000E+00
 7.20000E+00 0.00000E+00 0.00000E+00
 7.40000E+00 0.00000E+00 0.00000E+00
 7.60000E+00 0.00000E+00 0.00000E+00
 7.80000E+00 0.00000E+00 0.00000E+00
 8.00000E+00 0.00000E+00 0.00000E+00
 8.50000E+00 0.00000E+00 0.00000E+00
 9.00000E+00 0.00000E+00 0.00000E+00
 9.50000E+00 0.00000E+00 0.00000E+00
 1.00000E+01 0.00000E+00 0.00000E+00
 1.05000E+01 0.00000E+00 0.00000E+00
 1.10000E+01 0.00000E+00 0.00000E+00
 1.15000E+01 0.00000E+00 0.00000E+00
 1.20000E+01 0.00000E+00 0.00000E+00
 1.25000E+01 0.00000E+00 0.00000E+00
 1.30000E+01 0.00000E+00 0.00000E+00
 1.35000E+01 0.00000E+00 0.00000E+00
 1.40000E+01 0.00000E+00 0.00000E+00
 1.45000E+01 0.00000E+00 0.00000E+00
 1.50000E+01 0.00000E+00 0.00000E+00
 1.60000E+01 3.94986E-03 5.05985E-01
 1.70000E+01 4.51157E-02 4.89371E-01
 1.80000E+01 2.58827E-01 4.89264E-01
 1.90000E+01 9.48172E-01 5.08519E-01
 2.00000E+01 2.57246E+00 5.22353E-01
 2.10000E+01 5.64519E+00 5.15521E-01
 2.20000E+01 9.53866E+00 5.04313E-01
 2.30000E+01 1.38935E+01 5.11825E-01
 2.40000E+01 1.73542E+01 5.02739E-01
 2.50000E+01 1.98310E+01 4.95892E-01
 2.60000E+01 2.18509E+01 4.86901E-01
 2.70000E+01 2.32329E+01 4.76789E-01
 2.80000E+01 2.42986E+01 4.66086E-01
 2.90000E+01 2.45480E+01 4.54187E-01
 3.00000E+01 2.37594E+01 4.38376E-01
 3.20000E+01 1.92288E+01 4.04110E-01
 3.40000E+01 1.36880E+01 3.79048E-01
 3.60000E+01 9.58891E+00 3.70016E-01
 3.80000E+01 7.42099E+00 3.79819E-01
 4.00000E+01 5.96435E+00 3.89219E-01
 4.20000E+01 5.11017E+00 3.98075E-01
 4.40000E+01 4.62121E+00 4.06735E-01
 4.60000E+01 4.38563E+00 4.02370E-01
 4.80000E+01 4.79404E+00 3.86537E-01
 5.00000E+01 6.59770E+00 3.52325E-01
 5.20000E+01 1.07647E+01 3.08121E-01
 5.40000E+01 1.98911E+01 3.25360E-01
 5.60000E+01 3.08487E+01 3.41716E-01
 5.80000E+01 4.07400E+01 3.53304E-01
 6.00000E+01 4.80348E+01 3.57753E-01
