# p + 115Sn: Production of 108Ag - Total
# Q-value    = 1.20921E-02 mass= 107.905950
# E-threshold= 0.00000E+00
# # energies =   103
#     E          xs
 1.00000E-11 0.00000E+00
 2.53000E-08 0.00000E+00
 2.00000E-07 0.00000E+00
 1.00000E-06 0.00000E+00
 1.00000E-05 0.00000E+00
 1.00000E-04 0.00000E+00
 1.00000E-03 0.00000E+00
 2.00000E-03 0.00000E+00
 4.00000E-03 0.00000E+00
 7.00000E-03 0.00000E+00
 1.00000E-02 0.00000E+00
 2.00000E-02 0.00000E+00
 4.00000E-02 0.00000E+00
 7.00000E-02 0.00000E+00
 1.00000E-01 0.00000E+00
 2.00000E-01 0.00000E+00
 3.00000E-01 0.00000E+00
 4.00000E-01 0.00000E+00
 5.00000E-01 0.00000E+00
 6.00000E-01 0.00000E+00
 7.00000E-01 0.00000E+00
 8.00000E-01 0.00000E+00
 9.00000E-01 0.00000E+00
 1.00000E+00 0.00000E+00
 1.20000E+00 0.00000E+00
 1.40000E+00 0.00000E+00
 1.60000E+00 0.00000E+00
 1.80000E+00 0.00000E+00
 2.00000E+00 0.00000E+00
 2.20000E+00 0.00000E+00
 2.40000E+00 0.00000E+00
 2.60000E+00 0.00000E+00
 2.80000E+00 0.00000E+00
 3.00000E+00 0.00000E+00
 3.20000E+00 0.00000E+00
 3.40000E+00 0.00000E+00
 3.60000E+00 0.00000E+00
 3.80000E+00 0.00000E+00
 4.00000E+00 0.00000E+00
 4.20000E+00 0.00000E+00
 4.40000E+00 0.00000E+00
 4.60000E+00 0.00000E+00
 4.80000E+00 0.00000E+00
 5.00000E+00 0.00000E+00
 5.20000E+00 0.00000E+00
 5.40000E+00 0.00000E+00
 5.60000E+00 0.00000E+00
 5.80000E+00 0.00000E+00
 6.00000E+00 1.00000E-07
 6.20000E+00 1.00000E-07
 6.40000E+00 1.00000E-07
 6.60000E+00 1.00000E-07
 6.80000E+00 1.00000E-07
 7.00000E+00 1.00000E-07
 7.20000E+00 1.00000E-07
 7.40000E+00 1.00000E-07
 7.60000E+00 1.00000E-07
 7.80000E+00 1.00000E-07
 8.00000E+00 1.00000E-07
 8.50000E+00 1.00000E-07
 9.00000E+00 1.00000E-07
 9.50000E+00 1.00000E-07
 1.00000E+01 1.00000E-07
 1.05000E+01 1.00000E-07
 1.10000E+01 1.00000E-07
 1.15000E+01 1.00000E-07
 1.20000E+01 1.00000E-07
 1.25000E+01 1.00000E-07
 1.30000E+01 1.00000E-07
 1.35000E+01 1.00000E-07
 1.40000E+01 1.00000E-07
 1.45000E+01 1.00000E-07
 1.50000E+01 1.00000E-07
 1.60000E+01 1.00000E-07
 1.70000E+01 1.00000E-07
 1.80000E+01 1.00000E-07
 1.90000E+01 1.00000E-07
 2.00000E+01 1.00000E-07
 2.10000E+01 1.00000E-07
 2.20000E+01 1.00000E-07
 2.30000E+01 1.00000E-07
 2.40000E+01 1.00000E-07
 2.50000E+01 1.00000E-07
 2.60000E+01 1.09761E-03
 2.70000E+01 1.95455E-03
 2.80000E+01 3.20680E-03
 2.90000E+01 4.90802E-03
 3.00000E+01 7.08643E-03
 3.20000E+01 1.31666E-02
 3.40000E+01 1.93550E-02
 3.60000E+01 1.85236E-02
 3.80000E+01 1.74670E-02
 4.00000E+01 1.28021E-02
 4.20000E+01 1.01408E-02
 4.40000E+01 7.78661E-03
 4.60000E+01 6.85222E-03
 4.80000E+01 6.58304E-03
 5.00000E+01 5.29450E-03
 5.20000E+01 6.51952E-03
 5.40000E+01 1.75282E-02
 5.60000E+01 4.28112E-02
 5.80000E+01 8.50904E-02
 6.00000E+01 1.58927E-01
