# p + 115Sn: Production of 112In - Ground state
# Q-value    = 2.82034E+00 mass= 111.905539
# E-threshold= 0.00000E+00
# # energies =   103
#     E          xs      Branching
 1.00000E-11 0.00000E+00 0.00000E+00
 2.53000E-08 0.00000E+00 0.00000E+00
 2.00000E-07 0.00000E+00 0.00000E+00
 1.00000E-06 0.00000E+00 0.00000E+00
 1.00000E-05 0.00000E+00 0.00000E+00
 1.00000E-04 0.00000E+00 0.00000E+00
 1.00000E-03 0.00000E+00 0.00000E+00
 2.00000E-03 0.00000E+00 0.00000E+00
 4.00000E-03 0.00000E+00 0.00000E+00
 7.00000E-03 0.00000E+00 0.00000E+00
 1.00000E-02 0.00000E+00 0.00000E+00
 2.00000E-02 0.00000E+00 0.00000E+00
 4.00000E-02 0.00000E+00 0.00000E+00
 7.00000E-02 0.00000E+00 0.00000E+00
 1.00000E-01 0.00000E+00 0.00000E+00
 2.00000E-01 0.00000E+00 0.00000E+00
 3.00000E-01 0.00000E+00 0.00000E+00
 4.00000E-01 0.00000E+00 0.00000E+00
 5.00000E-01 0.00000E+00 0.00000E+00
 6.00000E-01 0.00000E+00 0.00000E+00
 7.00000E-01 0.00000E+00 0.00000E+00
 8.00000E-01 0.00000E+00 0.00000E+00
 9.00000E-01 0.00000E+00 0.00000E+00
 1.00000E+00 0.00000E+00 0.00000E+00
 1.20000E+00 0.00000E+00 0.00000E+00
 1.40000E+00 0.00000E+00 0.00000E+00
 1.60000E+00 0.00000E+00 0.00000E+00
 1.80000E+00 0.00000E+00 0.00000E+00
 2.00000E+00 0.00000E+00 0.00000E+00
 2.20000E+00 0.00000E+00 0.00000E+00
 2.40000E+00 0.00000E+00 0.00000E+00
 2.60000E+00 3.35683E-14 0.00000E+00
 2.80000E+00 0.00000E+00 0.00000E+00
 3.00000E+00 5.13388E-13 0.00000E+00
 3.20000E+00 7.92648E-13 0.00000E+00
 3.40000E+00 0.00000E+00 0.00000E+00
 3.60000E+00 1.39602E-11 0.00000E+00
 3.80000E+00 0.00000E+00 0.00000E+00
 4.00000E+00 9.78726E-11 0.00000E+00
 4.20000E+00 1.54215E-10 0.00000E+00
 4.40000E+00 2.12416E-06 0.00000E+00
 4.60000E+00 4.84043E-06 0.00000E+00
 4.80000E+00 8.38797E-06 0.00000E+00
 5.00000E+00 1.82777E-05 0.00000E+00
 5.20000E+00 3.09597E-05 0.00000E+00
 5.40000E+00 8.05394E-05 0.00000E+00
 5.60000E+00 1.55128E-04 0.00000E+00
 5.80000E+00 2.70356E-04 0.00000E+00
 6.00000E+00 1.10136E-03 7.62584E-01
 6.20000E+00 1.70230E-03 7.49519E-01
 6.40000E+00 2.64023E-03 7.51852E-01
 6.60000E+00 3.93299E-03 7.39189E-01
 6.80000E+00 5.54407E-03 7.29219E-01
 7.00000E+00 7.67622E-03 7.20605E-01
 7.20000E+00 1.02082E-02 7.07355E-01
 7.40000E+00 1.34838E-02 6.99360E-01
 7.60000E+00 1.75783E-02 6.85530E-01
 7.80000E+00 2.23295E-02 6.73557E-01
 8.00000E+00 2.82264E-02 6.64072E-01
 8.50000E+00 4.99062E-02 6.35829E-01
 9.00000E+00 8.43567E-02 6.08411E-01
 9.50000E+00 1.33481E-01 5.81208E-01
 1.00000E+01 1.95174E-01 5.54587E-01
 1.05000E+01 2.68494E-01 5.28176E-01
 1.10000E+01 3.52502E-01 5.02566E-01
 1.15000E+01 4.49268E-01 4.78457E-01
 1.20000E+01 5.60961E-01 4.56521E-01
 1.25000E+01 6.91188E-01 4.36971E-01
 1.30000E+01 8.42938E-01 4.19680E-01
 1.35000E+01 1.01779E+00 4.04225E-01
 1.40000E+01 1.21317E+00 3.90395E-01
 1.45000E+01 1.42769E+00 3.77570E-01
 1.50000E+01 1.65261E+00 3.65954E-01
 1.60000E+01 2.11678E+00 3.45072E-01
 1.70000E+01 2.53699E+00 3.25761E-01
 1.80000E+01 2.86919E+00 3.05775E-01
 1.90000E+01 3.26109E+00 2.87434E-01
 2.00000E+01 4.66847E+00 2.75209E-01
 2.10000E+01 4.88675E+00 2.67376E-01
 2.20000E+01 4.92056E+00 2.61562E-01
 2.30000E+01 3.50012E+00 2.57893E-01
 2.40000E+01 2.43712E+00 2.51435E-01
 2.50000E+01 2.06664E+00 2.51415E-01
 2.60000E+01 1.82869E+00 2.49907E-01
 2.70000E+01 1.59194E+00 2.49189E-01
 2.80000E+01 1.45130E+00 2.51764E-01
 2.90000E+01 1.30477E+00 2.49560E-01
 3.00000E+01 1.16556E+00 2.51513E-01
 3.20000E+01 1.00970E+00 2.60134E-01
 3.40000E+01 9.16574E-01 2.57193E-01
 3.60000E+01 9.75128E-01 2.50353E-01
 3.80000E+01 1.15585E+00 2.38181E-01
 4.00000E+01 1.50700E+00 2.26172E-01
 4.20000E+01 2.05790E+00 2.17404E-01
 4.40000E+01 2.72433E+00 2.11207E-01
 4.60000E+01 3.46389E+00 2.07208E-01
 4.80000E+01 4.17120E+00 2.08987E-01
 5.00000E+01 4.79273E+00 2.10004E-01
 5.20000E+01 5.51886E+00 2.18988E-01
 5.40000E+01 6.07999E+00 2.26043E-01
 5.60000E+01 6.42504E+00 2.37183E-01
 5.80000E+01 6.58329E+00 2.49139E-01
 6.00000E+01 6.97915E+00 2.57091E-01
