# p + 118Sn: Production of 115In - Total
# Q-value    = 2.74757E+00 mass= 114.903879
# E-threshold= 0.00000E+00
# # energies =   103
#     E          xs
 1.00000E-11 0.00000E+00
 2.53000E-08 0.00000E+00
 2.00000E-07 0.00000E+00
 1.00000E-06 0.00000E+00
 1.00000E-05 0.00000E+00
 1.00000E-04 0.00000E+00
 1.00000E-03 0.00000E+00
 2.00000E-03 0.00000E+00
 4.00000E-03 0.00000E+00
 7.00000E-03 0.00000E+00
 1.00000E-02 0.00000E+00
 2.00000E-02 0.00000E+00
 4.00000E-02 0.00000E+00
 7.00000E-02 0.00000E+00
 1.00000E-01 0.00000E+00
 2.00000E-01 0.00000E+00
 3.00000E-01 0.00000E+00
 4.00000E-01 0.00000E+00
 5.00000E-01 0.00000E+00
 6.00000E-01 0.00000E+00
 7.00000E-01 0.00000E+00
 8.00000E-01 0.00000E+00
 9.00000E-01 0.00000E+00
 1.00000E+00 0.00000E+00
 1.20000E+00 0.00000E+00
 1.40000E+00 0.00000E+00
 1.60000E+00 0.00000E+00
 1.80000E+00 1.00000E-07
 2.00000E+00 1.00000E-07
 2.20000E+00 1.00000E-07
 2.40000E+00 1.00000E-07
 2.60000E+00 1.00000E-07
 2.80000E+00 1.00000E-07
 3.00000E+00 1.00000E-07
 3.20000E+00 1.00000E-07
 3.40000E+00 1.00000E-07
 3.60000E+00 1.00000E-07
 3.80000E+00 1.00000E-07
 4.00000E+00 1.00000E-07
 4.20000E+00 1.00000E-07
 4.40000E+00 1.00000E-07
 4.60000E+00 1.00000E-07
 4.80000E+00 1.00000E-07
 5.00000E+00 1.00000E-07
 5.20000E+00 1.00000E-07
 5.40000E+00 1.00000E-07
 5.60000E+00 1.00000E-07
 5.80000E+00 1.00000E-07
 6.00000E+00 1.00000E-07
 6.20000E+00 1.00000E-07
 6.40000E+00 1.00000E-07
 6.60000E+00 1.00000E-07
 6.80000E+00 1.00000E-07
 7.00000E+00 1.00000E-07
 7.20000E+00 1.06476E-03
 7.40000E+00 1.46984E-03
 7.60000E+00 1.99010E-03
 7.80000E+00 2.63485E-03
 8.00000E+00 3.58524E-03
 8.50000E+00 6.98752E-03
 9.00000E+00 1.22703E-02
 9.50000E+00 1.95803E-02
 1.00000E+01 2.89228E-02
 1.05000E+01 4.07328E-02
 1.10000E+01 5.60904E-02
 1.15000E+01 7.70869E-02
 1.20000E+01 1.07387E-01
 1.25000E+01 1.47799E-01
 1.30000E+01 2.09788E-01
 1.35000E+01 2.96900E-01
 1.40000E+01 4.15135E-01
 1.45000E+01 5.70652E-01
 1.50000E+01 7.68831E-01
 1.60000E+01 1.31445E+00
 1.70000E+01 2.11594E+00
 1.80000E+01 3.30185E+00
 1.90000E+01 5.46834E+00
 2.00000E+01 1.01643E+01
 2.10000E+01 1.18026E+01
 2.20000E+01 1.25395E+01
 2.30000E+01 7.92761E+00
 2.40000E+01 6.48736E+00
 2.50000E+01 5.65521E+00
 2.60000E+01 4.97522E+00
 2.70000E+01 4.48483E+00
 2.80000E+01 3.99291E+00
 2.90000E+01 3.60937E+00
 3.00000E+01 3.23257E+00
 3.20000E+01 2.70234E+00
 3.40000E+01 2.43729E+00
 3.60000E+01 2.68716E+00
 3.80000E+01 3.13399E+00
 4.00000E+01 3.95416E+00
 4.20000E+01 4.93066E+00
 4.40000E+01 5.95537E+00
 4.60000E+01 7.11188E+00
 4.80000E+01 8.11231E+00
 5.00000E+01 9.35983E+00
 5.20000E+01 1.09407E+01
 5.40000E+01 1.23515E+01
 5.60000E+01 1.39184E+01
 5.80000E+01 1.53948E+01
 6.00000E+01 1.72259E+01
