# p + 124Sn: Production of 121In - Total
# Q-value    = 2.46718E+00 mass= 120.907853
# E-threshold= 0.00000E+00
# # energies =   103
#     E          xs
 1.00000E-11 0.00000E+00
 2.53000E-08 0.00000E+00
 2.00000E-07 0.00000E+00
 1.00000E-06 0.00000E+00
 1.00000E-05 0.00000E+00
 1.00000E-04 0.00000E+00
 1.00000E-03 0.00000E+00
 2.00000E-03 0.00000E+00
 4.00000E-03 0.00000E+00
 7.00000E-03 0.00000E+00
 1.00000E-02 0.00000E+00
 2.00000E-02 0.00000E+00
 4.00000E-02 0.00000E+00
 7.00000E-02 0.00000E+00
 1.00000E-01 0.00000E+00
 2.00000E-01 0.00000E+00
 3.00000E-01 0.00000E+00
 4.00000E-01 0.00000E+00
 5.00000E-01 0.00000E+00
 6.00000E-01 0.00000E+00
 7.00000E-01 0.00000E+00
 8.00000E-01 0.00000E+00
 9.00000E-01 0.00000E+00
 1.00000E+00 0.00000E+00
 1.20000E+00 0.00000E+00
 1.40000E+00 0.00000E+00
 1.60000E+00 0.00000E+00
 1.80000E+00 1.00000E-07
 2.00000E+00 1.00000E-07
 2.20000E+00 1.00000E-07
 2.40000E+00 1.00000E-07
 2.60000E+00 1.00000E-07
 2.80000E+00 1.00000E-07
 3.00000E+00 1.00000E-07
 3.20000E+00 1.00000E-07
 3.40000E+00 1.00000E-07
 3.60000E+00 1.00000E-07
 3.80000E+00 1.00000E-07
 4.00000E+00 1.00000E-07
 4.20000E+00 1.00000E-07
 4.40000E+00 1.00000E-07
 4.60000E+00 1.00000E-07
 4.80000E+00 1.00000E-07
 5.00000E+00 1.00000E-07
 5.20000E+00 1.00000E-07
 5.40000E+00 1.00000E-07
 5.60000E+00 1.00000E-07
 5.80000E+00 1.00000E-07
 6.00000E+00 1.00000E-07
 6.20000E+00 1.00000E-07
 6.40000E+00 1.00000E-07
 6.60000E+00 1.00000E-07
 6.80000E+00 1.00000E-07
 7.00000E+00 1.00000E-07
 7.20000E+00 1.00000E-07
 7.40000E+00 1.00000E-07
 7.60000E+00 1.00000E-07
 7.80000E+00 1.00000E-07
 8.00000E+00 1.00000E-07
 8.50000E+00 1.00000E-07
 9.00000E+00 1.00000E-07
 9.50000E+00 1.00000E-07
 1.00000E+01 1.06356E-03
 1.05000E+01 2.22638E-03
 1.10000E+01 4.57405E-03
 1.15000E+01 9.17789E-03
 1.20000E+01 1.77595E-02
 1.25000E+01 3.27751E-02
 1.30000E+01 5.73167E-02
 1.35000E+01 9.49988E-02
 1.40000E+01 1.49703E-01
 1.45000E+01 2.25182E-01
 1.50000E+01 3.25960E-01
 1.60000E+01 6.25378E-01
 1.70000E+01 1.11931E+00
 1.80000E+01 1.97275E+00
 1.90000E+01 3.92576E+00
 2.00000E+01 7.77804E+00
 2.10000E+01 8.94925E+00
 2.20000E+01 8.75659E+00
 2.30000E+01 5.29528E+00
 2.40000E+01 4.11453E+00
 2.50000E+01 3.49026E+00
 2.60000E+01 2.90170E+00
 2.70000E+01 2.63430E+00
 2.80000E+01 2.36724E+00
 2.90000E+01 1.97692E+00
 3.00000E+01 1.85269E+00
 3.20000E+01 1.39987E+00
 3.40000E+01 1.41173E+00
 3.60000E+01 1.48889E+00
 3.80000E+01 1.94707E+00
 4.00000E+01 2.48927E+00
 4.20000E+01 2.98844E+00
 4.40000E+01 3.54593E+00
 4.60000E+01 4.13059E+00
 4.80000E+01 4.56926E+00
 5.00000E+01 5.01907E+00
 5.20000E+01 6.14393E+00
 5.40000E+01 7.32531E+00
 5.60000E+01 8.39472E+00
 5.80000E+01 9.43645E+00
 6.00000E+01 1.06986E+01
