# p + 122Sn: Production of 119In - Ground state
# Q-value    = 2.62276E+00 mass= 118.905852
# E-threshold= 0.00000E+00
# # energies =   103
#     E          xs      Branching
 1.00000E-11 0.00000E+00 0.00000E+00
 2.53000E-08 0.00000E+00 0.00000E+00
 2.00000E-07 0.00000E+00 0.00000E+00
 1.00000E-06 0.00000E+00 0.00000E+00
 1.00000E-05 0.00000E+00 0.00000E+00
 1.00000E-04 0.00000E+00 0.00000E+00
 1.00000E-03 0.00000E+00 0.00000E+00
 2.00000E-03 0.00000E+00 0.00000E+00
 4.00000E-03 0.00000E+00 0.00000E+00
 7.00000E-03 0.00000E+00 0.00000E+00
 1.00000E-02 0.00000E+00 0.00000E+00
 2.00000E-02 0.00000E+00 0.00000E+00
 4.00000E-02 0.00000E+00 0.00000E+00
 7.00000E-02 0.00000E+00 0.00000E+00
 1.00000E-01 0.00000E+00 0.00000E+00
 2.00000E-01 0.00000E+00 0.00000E+00
 3.00000E-01 0.00000E+00 0.00000E+00
 4.00000E-01 0.00000E+00 0.00000E+00
 5.00000E-01 0.00000E+00 0.00000E+00
 6.00000E-01 0.00000E+00 0.00000E+00
 7.00000E-01 0.00000E+00 0.00000E+00
 8.00000E-01 0.00000E+00 0.00000E+00
 9.00000E-01 0.00000E+00 0.00000E+00
 1.00000E+00 0.00000E+00 0.00000E+00
 1.20000E+00 0.00000E+00 0.00000E+00
 1.40000E+00 0.00000E+00 0.00000E+00
 1.60000E+00 0.00000E+00 0.00000E+00
 1.80000E+00 0.00000E+00 0.00000E+00
 2.00000E+00 0.00000E+00 0.00000E+00
 2.20000E+00 0.00000E+00 0.00000E+00
 2.40000E+00 0.00000E+00 0.00000E+00
 2.60000E+00 0.00000E+00 0.00000E+00
 2.80000E+00 0.00000E+00 0.00000E+00
 3.00000E+00 0.00000E+00 0.00000E+00
 3.20000E+00 0.00000E+00 0.00000E+00
 3.40000E+00 0.00000E+00 0.00000E+00
 3.60000E+00 0.00000E+00 0.00000E+00
 3.80000E+00 0.00000E+00 0.00000E+00
 4.00000E+00 0.00000E+00 0.00000E+00
 4.20000E+00 0.00000E+00 0.00000E+00
 4.40000E+00 0.00000E+00 0.00000E+00
 4.60000E+00 2.05274E-09 0.00000E+00
 4.80000E+00 4.33159E-09 0.00000E+00
 5.00000E+00 1.31887E-08 0.00000E+00
 5.20000E+00 2.94501E-08 0.00000E+00
 5.40000E+00 5.13535E-08 0.00000E+00
 5.60000E+00 1.15399E-07 0.00000E+00
 5.80000E+00 2.05776E-07 0.00000E+00
 6.00000E+00 3.65592E-07 0.00000E+00
 6.20000E+00 6.74824E-07 0.00000E+00
 6.40000E+00 1.04142E-06 0.00000E+00
 6.60000E+00 1.89041E-06 0.00000E+00
 6.80000E+00 2.99746E-06 0.00000E+00
 7.00000E+00 4.66271E-06 0.00000E+00
 7.20000E+00 7.69659E-06 0.00000E+00
 7.40000E+00 1.10199E-05 0.00000E+00
 7.60000E+00 1.85886E-05 0.00000E+00
 7.80000E+00 2.81014E-05 0.00000E+00
 8.00000E+00 3.93258E-05 0.00000E+00
 8.50000E+00 7.94127E-05 0.00000E+00
 9.00000E+00 1.31800E-04 0.00000E+00
 9.50000E+00 6.96898E-04 4.86841E-01
 1.00000E+01 1.37809E-03 5.29980E-01
 1.05000E+01 2.70977E-03 5.77843E-01
 1.10000E+01 5.36399E-03 6.25469E-01
 1.15000E+01 1.01670E-02 6.50936E-01
 1.20000E+01 1.90068E-02 6.76732E-01
 1.25000E+01 3.40834E-02 6.94845E-01
 1.30000E+01 5.81461E-02 7.07965E-01
 1.35000E+01 9.43379E-02 7.18283E-01
 1.40000E+01 1.46128E-01 7.26652E-01
 1.45000E+01 2.16715E-01 7.33191E-01
 1.50000E+01 3.11794E-01 7.39669E-01
 1.60000E+01 5.87724E-01 7.50292E-01
 1.70000E+01 1.03383E+00 7.58791E-01
 1.80000E+01 1.78164E+00 7.65703E-01
 1.90000E+01 3.40688E+00 7.58513E-01
 2.00000E+01 6.61294E+00 7.58880E-01
 2.10000E+01 7.56001E+00 7.53451E-01
 2.20000E+01 7.58146E+00 7.52936E-01
 2.30000E+01 4.64626E+00 7.45704E-01
 2.40000E+01 3.82420E+00 7.44727E-01
 2.50000E+01 3.19377E+00 7.40399E-01
 2.60000E+01 2.88026E+00 7.41178E-01
 2.70000E+01 2.45957E+00 7.37134E-01
 2.80000E+01 2.23002E+00 7.35528E-01
 2.90000E+01 2.01328E+00 7.37186E-01
 3.00000E+01 1.72496E+00 7.33623E-01
 3.20000E+01 1.48810E+00 7.35307E-01
 3.40000E+01 1.31270E+00 7.34741E-01
 3.60000E+01 1.48658E+00 7.37673E-01
 3.80000E+01 1.70667E+00 7.32118E-01
 4.00000E+01 2.18213E+00 7.31208E-01
 4.20000E+01 2.75639E+00 7.36246E-01
 4.40000E+01 3.15054E+00 7.29932E-01
 4.60000E+01 3.65868E+00 7.36367E-01
 4.80000E+01 4.30381E+00 7.40841E-01
 5.00000E+01 4.81919E+00 7.41470E-01
 5.20000E+01 5.71620E+00 7.54957E-01
 5.40000E+01 6.63155E+00 7.57029E-01
 5.60000E+01 7.65341E+00 7.57094E-01
 5.80000E+01 8.67683E+00 7.56653E-01
 6.00000E+01 1.03113E+01 7.70986E-01
