# p + 119Sn: Production of 116In - Ground state
# Q-value    = 3.04883E+00 mass= 115.905260
# E-threshold= 0.00000E+00
# # energies =   103
#     E          xs      Branching
 1.00000E-11 0.00000E+00 0.00000E+00
 2.53000E-08 0.00000E+00 0.00000E+00
 2.00000E-07 0.00000E+00 0.00000E+00
 1.00000E-06 0.00000E+00 0.00000E+00
 1.00000E-05 0.00000E+00 0.00000E+00
 1.00000E-04 0.00000E+00 0.00000E+00
 1.00000E-03 0.00000E+00 0.00000E+00
 2.00000E-03 0.00000E+00 0.00000E+00
 4.00000E-03 0.00000E+00 0.00000E+00
 7.00000E-03 0.00000E+00 0.00000E+00
 1.00000E-02 0.00000E+00 0.00000E+00
 2.00000E-02 0.00000E+00 0.00000E+00
 4.00000E-02 0.00000E+00 0.00000E+00
 7.00000E-02 0.00000E+00 0.00000E+00
 1.00000E-01 0.00000E+00 0.00000E+00
 2.00000E-01 0.00000E+00 0.00000E+00
 3.00000E-01 0.00000E+00 0.00000E+00
 4.00000E-01 0.00000E+00 0.00000E+00
 5.00000E-01 0.00000E+00 0.00000E+00
 6.00000E-01 0.00000E+00 0.00000E+00
 7.00000E-01 0.00000E+00 0.00000E+00
 8.00000E-01 0.00000E+00 0.00000E+00
 9.00000E-01 0.00000E+00 0.00000E+00
 1.00000E+00 0.00000E+00 0.00000E+00
 1.20000E+00 0.00000E+00 0.00000E+00
 1.40000E+00 0.00000E+00 0.00000E+00
 1.60000E+00 0.00000E+00 0.00000E+00
 1.80000E+00 0.00000E+00 0.00000E+00
 2.00000E+00 4.67359E-16 0.00000E+00
 2.20000E+00 2.12380E-14 0.00000E+00
 2.40000E+00 3.10964E-14 0.00000E+00
 2.60000E+00 0.00000E+00 0.00000E+00
 2.80000E+00 9.01664E-13 0.00000E+00
 3.00000E+00 5.86200E-13 0.00000E+00
 3.20000E+00 9.76142E-12 0.00000E+00
 3.40000E+00 1.47493E-11 0.00000E+00
 3.60000E+00 0.00000E+00 0.00000E+00
 3.80000E+00 1.91448E-10 0.00000E+00
 4.00000E+00 5.20667E-09 0.00000E+00
 4.20000E+00 1.74648E-08 0.00000E+00
 4.40000E+00 4.03249E-08 0.00000E+00
 4.60000E+00 9.36752E-08 0.00000E+00
 4.80000E+00 2.14277E-07 0.00000E+00
 5.00000E+00 3.68015E-07 0.00000E+00
 5.20000E+00 7.67613E-07 0.00000E+00
 5.40000E+00 1.34785E-06 0.00000E+00
 5.60000E+00 2.22395E-06 0.00000E+00
 5.80000E+00 3.77255E-06 0.00000E+00
 6.00000E+00 5.41948E-06 0.00000E+00
 6.20000E+00 8.43424E-06 0.00000E+00
 6.40000E+00 1.24366E-05 0.00000E+00
 6.60000E+00 1.67720E-05 0.00000E+00
 6.80000E+00 2.49401E-05 0.00000E+00
 7.00000E+00 3.21863E-05 0.00000E+00
 7.20000E+00 4.62039E-05 0.00000E+00
 7.40000E+00 6.77731E-05 0.00000E+00
 7.60000E+00 8.51896E-05 0.00000E+00
 7.80000E+00 8.69564E-04 6.19624E-01
 8.00000E+00 1.20661E-03 6.04901E-01
 8.50000E+00 2.66616E-03 5.74882E-01
 9.00000E+00 5.36688E-03 5.47473E-01
 9.50000E+00 9.97611E-03 5.19635E-01
 1.00000E+01 1.74506E-02 4.92958E-01
 1.05000E+01 2.92218E-02 4.69558E-01
 1.10000E+01 4.70352E-02 4.49291E-01
 1.15000E+01 7.28057E-02 4.32194E-01
 1.20000E+01 1.08323E-01 4.16879E-01
 1.25000E+01 1.54664E-01 4.02303E-01
 1.30000E+01 2.12654E-01 3.88407E-01
 1.35000E+01 2.82891E-01 3.74574E-01
 1.40000E+01 3.64557E-01 3.61816E-01
 1.45000E+01 4.57409E-01 3.49846E-01
 1.50000E+01 5.58719E-01 3.38448E-01
 1.60000E+01 7.84633E-01 3.17267E-01
 1.70000E+01 1.05589E+00 2.95771E-01
 1.80000E+01 1.46387E+00 2.79647E-01
 1.90000E+01 2.38131E+00 2.65251E-01
 2.00000E+01 3.44833E+00 2.53765E-01
 2.10000E+01 3.49322E+00 2.43716E-01
 2.20000E+01 2.84645E+00 2.36534E-01
 2.30000E+01 1.81094E+00 2.27358E-01
 2.40000E+01 1.41148E+00 2.23503E-01
 2.50000E+01 1.15893E+00 2.14380E-01
 2.60000E+01 9.93184E-01 2.12620E-01
 2.70000E+01 8.62897E-01 2.10905E-01
 2.80000E+01 7.38742E-01 2.02800E-01
 2.90000E+01 6.58666E-01 2.02669E-01
 3.00000E+01 5.78449E-01 2.04140E-01
 3.20000E+01 4.74047E-01 1.96898E-01
 3.40000E+01 4.70193E-01 1.95196E-01
 3.60000E+01 5.24200E-01 1.91284E-01
 3.80000E+01 6.18856E-01 1.82583E-01
 4.00000E+01 7.67720E-01 1.75750E-01
 4.20000E+01 8.64328E-01 1.65707E-01
 4.40000E+01 9.72531E-01 1.56755E-01
 4.60000E+01 1.09750E+00 1.55000E-01
 4.80000E+01 1.32401E+00 1.54721E-01
 5.00000E+01 1.45211E+00 1.61556E-01
 5.20000E+01 2.02160E+00 1.97513E-01
 5.40000E+01 2.37557E+00 1.99955E-01
 5.60000E+01 2.53690E+00 2.01189E-01
 5.80000E+01 2.93625E+00 2.07201E-01
 6.00000E+01 3.41909E+00 2.15949E-01
