# p + 118Sn: Production of 114In - Ground state
# Q-value    =-6.29030E+00 mass= 113.904916
# E-threshold= 6.34404E+00
# # energies =   103
#     E          xs      Branching
 1.00000E-11 0.00000E+00 0.00000E+00
 2.53000E-08 0.00000E+00 0.00000E+00
 2.00000E-07 0.00000E+00 0.00000E+00
 1.00000E-06 0.00000E+00 0.00000E+00
 1.00000E-05 0.00000E+00 0.00000E+00
 1.00000E-04 0.00000E+00 0.00000E+00
 1.00000E-03 0.00000E+00 0.00000E+00
 2.00000E-03 0.00000E+00 0.00000E+00
 4.00000E-03 0.00000E+00 0.00000E+00
 7.00000E-03 0.00000E+00 0.00000E+00
 1.00000E-02 0.00000E+00 0.00000E+00
 2.00000E-02 0.00000E+00 0.00000E+00
 4.00000E-02 0.00000E+00 0.00000E+00
 7.00000E-02 0.00000E+00 0.00000E+00
 1.00000E-01 0.00000E+00 0.00000E+00
 2.00000E-01 0.00000E+00 0.00000E+00
 3.00000E-01 0.00000E+00 0.00000E+00
 4.00000E-01 0.00000E+00 0.00000E+00
 5.00000E-01 0.00000E+00 0.00000E+00
 6.00000E-01 0.00000E+00 0.00000E+00
 7.00000E-01 0.00000E+00 0.00000E+00
 8.00000E-01 0.00000E+00 0.00000E+00
 9.00000E-01 0.00000E+00 0.00000E+00
 1.00000E+00 0.00000E+00 0.00000E+00
 1.20000E+00 0.00000E+00 0.00000E+00
 1.40000E+00 0.00000E+00 0.00000E+00
 1.60000E+00 0.00000E+00 0.00000E+00
 1.80000E+00 0.00000E+00 0.00000E+00
 2.00000E+00 0.00000E+00 0.00000E+00
 2.20000E+00 0.00000E+00 0.00000E+00
 2.40000E+00 0.00000E+00 0.00000E+00
 2.60000E+00 0.00000E+00 0.00000E+00
 2.80000E+00 0.00000E+00 0.00000E+00
 3.00000E+00 0.00000E+00 0.00000E+00
 3.20000E+00 0.00000E+00 0.00000E+00
 3.40000E+00 0.00000E+00 0.00000E+00
 3.60000E+00 0.00000E+00 0.00000E+00
 3.80000E+00 0.00000E+00 0.00000E+00
 4.00000E+00 0.00000E+00 0.00000E+00
 4.20000E+00 0.00000E+00 0.00000E+00
 4.40000E+00 0.00000E+00 0.00000E+00
 4.60000E+00 0.00000E+00 0.00000E+00
 4.80000E+00 0.00000E+00 0.00000E+00
 5.00000E+00 0.00000E+00 0.00000E+00
 5.20000E+00 0.00000E+00 0.00000E+00
 5.40000E+00 0.00000E+00 0.00000E+00
 5.60000E+00 0.00000E+00 0.00000E+00
 5.80000E+00 0.00000E+00 0.00000E+00
 6.00000E+00 0.00000E+00 0.00000E+00
 6.20000E+00 0.00000E+00 0.00000E+00
 6.40000E+00 0.00000E+00 0.00000E+00
 6.60000E+00 0.00000E+00 0.00000E+00
 6.80000E+00 0.00000E+00 0.00000E+00
 7.00000E+00 0.00000E+00 0.00000E+00
 7.20000E+00 0.00000E+00 0.00000E+00
 7.40000E+00 0.00000E+00 0.00000E+00
 7.60000E+00 0.00000E+00 0.00000E+00
 7.80000E+00 0.00000E+00 0.00000E+00
 8.00000E+00 0.00000E+00 0.00000E+00
 8.50000E+00 0.00000E+00 0.00000E+00
 9.00000E+00 0.00000E+00 0.00000E+00
 9.50000E+00 0.00000E+00 0.00000E+00
 1.00000E+01 0.00000E+00 0.00000E+00
 1.05000E+01 0.00000E+00 0.00000E+00
 1.10000E+01 0.00000E+00 0.00000E+00
 1.15000E+01 0.00000E+00 0.00000E+00
 1.20000E+01 0.00000E+00 0.00000E+00
 1.25000E+01 0.00000E+00 0.00000E+00
 1.30000E+01 0.00000E+00 0.00000E+00
 1.35000E+01 0.00000E+00 0.00000E+00
 1.40000E+01 0.00000E+00 0.00000E+00
 1.45000E+01 0.00000E+00 0.00000E+00
 1.50000E+01 0.00000E+00 0.00000E+00
 1.60000E+01 2.09042E-03 3.93936E-01
 1.70000E+01 1.01521E-02 3.73985E-01
 1.80000E+01 4.71086E-02 3.55496E-01
 1.90000E+01 1.54846E-01 3.37798E-01
 2.00000E+01 3.95047E-01 3.11015E-01
 2.10000E+01 7.47476E-01 2.78593E-01
 2.20000E+01 1.23115E+00 2.61679E-01
 2.30000E+01 1.43877E+00 2.53359E-01
 2.40000E+01 1.76795E+00 2.45015E-01
 2.50000E+01 2.04093E+00 2.35068E-01
 2.60000E+01 2.31162E+00 2.28183E-01
 2.70000E+01 2.48885E+00 2.19368E-01
 2.80000E+01 2.54763E+00 2.11618E-01
 2.90000E+01 2.48887E+00 2.01752E-01
 3.00000E+01 2.30796E+00 1.91873E-01
 3.20000E+01 1.98913E+00 1.82497E-01
 3.40000E+01 1.75427E+00 1.79422E-01
 3.60000E+01 1.54361E+00 1.79447E-01
 3.80000E+01 1.34131E+00 1.79971E-01
 4.00000E+01 1.27587E+00 1.93068E-01
 4.20000E+01 1.14255E+00 1.93368E-01
 4.40000E+01 1.02214E+00 1.92745E-01
 4.60000E+01 1.06124E+00 2.01985E-01
 4.80000E+01 1.13194E+00 1.98547E-01
 5.00000E+01 1.27658E+00 2.00602E-01
 5.20000E+01 1.41839E+00 2.02209E-01
 5.40000E+01 1.66613E+00 2.04881E-01
 5.60000E+01 1.86405E+00 2.00460E-01
 5.80000E+01 2.16970E+00 2.00877E-01
 6.00000E+01 2.38318E+00 2.00028E-01
