# p + 124Sn: Production of 120In - Ground state
# Q-value    =-5.71100E+00 mass= 119.907967
# E-threshold= 5.75743E+00
# # energies =   103
#     E          xs      Branching
 1.00000E-11 0.00000E+00 0.00000E+00
 2.53000E-08 0.00000E+00 0.00000E+00
 2.00000E-07 0.00000E+00 0.00000E+00
 1.00000E-06 0.00000E+00 0.00000E+00
 1.00000E-05 0.00000E+00 0.00000E+00
 1.00000E-04 0.00000E+00 0.00000E+00
 1.00000E-03 0.00000E+00 0.00000E+00
 2.00000E-03 0.00000E+00 0.00000E+00
 4.00000E-03 0.00000E+00 0.00000E+00
 7.00000E-03 0.00000E+00 0.00000E+00
 1.00000E-02 0.00000E+00 0.00000E+00
 2.00000E-02 0.00000E+00 0.00000E+00
 4.00000E-02 0.00000E+00 0.00000E+00
 7.00000E-02 0.00000E+00 0.00000E+00
 1.00000E-01 0.00000E+00 0.00000E+00
 2.00000E-01 0.00000E+00 0.00000E+00
 3.00000E-01 0.00000E+00 0.00000E+00
 4.00000E-01 0.00000E+00 0.00000E+00
 5.00000E-01 0.00000E+00 0.00000E+00
 6.00000E-01 0.00000E+00 0.00000E+00
 7.00000E-01 0.00000E+00 0.00000E+00
 8.00000E-01 0.00000E+00 0.00000E+00
 9.00000E-01 0.00000E+00 0.00000E+00
 1.00000E+00 0.00000E+00 0.00000E+00
 1.20000E+00 0.00000E+00 0.00000E+00
 1.40000E+00 0.00000E+00 0.00000E+00
 1.60000E+00 0.00000E+00 0.00000E+00
 1.80000E+00 0.00000E+00 0.00000E+00
 2.00000E+00 0.00000E+00 0.00000E+00
 2.20000E+00 0.00000E+00 0.00000E+00
 2.40000E+00 0.00000E+00 0.00000E+00
 2.60000E+00 0.00000E+00 0.00000E+00
 2.80000E+00 0.00000E+00 0.00000E+00
 3.00000E+00 0.00000E+00 0.00000E+00
 3.20000E+00 0.00000E+00 0.00000E+00
 3.40000E+00 0.00000E+00 0.00000E+00
 3.60000E+00 0.00000E+00 0.00000E+00
 3.80000E+00 0.00000E+00 0.00000E+00
 4.00000E+00 0.00000E+00 0.00000E+00
 4.20000E+00 0.00000E+00 0.00000E+00
 4.40000E+00 0.00000E+00 0.00000E+00
 4.60000E+00 0.00000E+00 0.00000E+00
 4.80000E+00 0.00000E+00 0.00000E+00
 5.00000E+00 0.00000E+00 0.00000E+00
 5.20000E+00 0.00000E+00 0.00000E+00
 5.40000E+00 0.00000E+00 0.00000E+00
 5.60000E+00 0.00000E+00 0.00000E+00
 5.80000E+00 0.00000E+00 0.00000E+00
 6.00000E+00 0.00000E+00 0.00000E+00
 6.20000E+00 0.00000E+00 0.00000E+00
 6.40000E+00 0.00000E+00 0.00000E+00
 6.60000E+00 0.00000E+00 0.00000E+00
 6.80000E+00 0.00000E+00 0.00000E+00
 7.00000E+00 0.00000E+00 0.00000E+00
 7.20000E+00 0.00000E+00 0.00000E+00
 7.40000E+00 0.00000E+00 0.00000E+00
 7.60000E+00 0.00000E+00 0.00000E+00
 7.80000E+00 0.00000E+00 0.00000E+00
 8.00000E+00 0.00000E+00 0.00000E+00
 8.50000E+00 0.00000E+00 0.00000E+00
 9.00000E+00 0.00000E+00 0.00000E+00
 9.50000E+00 0.00000E+00 0.00000E+00
 1.00000E+01 0.00000E+00 0.00000E+00
 1.05000E+01 0.00000E+00 0.00000E+00
 1.10000E+01 0.00000E+00 0.00000E+00
 1.15000E+01 0.00000E+00 0.00000E+00
 1.20000E+01 0.00000E+00 0.00000E+00
 1.25000E+01 0.00000E+00 0.00000E+00
 1.30000E+01 0.00000E+00 0.00000E+00
 1.35000E+01 0.00000E+00 0.00000E+00
 1.40000E+01 0.00000E+00 0.00000E+00
 1.45000E+01 0.00000E+00 0.00000E+00
 1.50000E+01 0.00000E+00 0.00000E+00
 1.60000E+01 8.44405E-04 5.06706E-01
 1.70000E+01 6.32102E-03 5.32517E-01
 1.80000E+01 3.46520E-02 5.59866E-01
 1.90000E+01 1.75098E-01 6.23184E-01
 2.00000E+01 6.81687E-01 6.16934E-01
 2.10000E+01 1.46614E+00 6.23138E-01
 2.20000E+01 2.60446E+00 6.70151E-01
 2.30000E+01 2.39857E+00 6.49082E-01
 2.40000E+01 2.95398E+00 6.78592E-01
 2.50000E+01 3.30584E+00 6.69223E-01
 2.60000E+01 3.85203E+00 6.84708E-01
 2.70000E+01 4.14182E+00 6.91052E-01
 2.80000E+01 4.29960E+00 6.86153E-01
 2.90000E+01 4.64552E+00 7.01660E-01
 3.00000E+01 4.60202E+00 7.09389E-01
 3.20000E+01 4.58137E+00 7.12948E-01
 3.40000E+01 4.16289E+00 7.22940E-01
 3.60000E+01 3.81262E+00 7.23009E-01
 3.80000E+01 3.26344E+00 7.32243E-01
 4.00000E+01 2.76666E+00 7.17413E-01
 4.20000E+01 2.59604E+00 7.29047E-01
 4.40000E+01 2.39229E+00 7.28296E-01
 4.60000E+01 2.46159E+00 7.19623E-01
 4.80000E+01 2.65141E+00 7.00509E-01
 5.00000E+01 3.10586E+00 7.26729E-01
 5.20000E+01 3.34331E+00 7.27520E-01
 5.40000E+01 3.60654E+00 7.26425E-01
 5.60000E+01 3.88583E+00 7.03734E-01
 5.80000E+01 4.36351E+00 6.91270E-01
 6.00000E+01 4.95193E+00 7.18084E-01
