# p + 120Sn: Production of 116In - Level  1     0.12727 MeV
# Q-value    =-6.18251E+00 mass= 115.905260
# E-threshold= 6.23445E+00
# # energies =   103
#     E          xs      Branching
 1.00000E-11 0.00000E+00 0.00000E+00
 2.53000E-08 0.00000E+00 0.00000E+00
 2.00000E-07 0.00000E+00 0.00000E+00
 1.00000E-06 0.00000E+00 0.00000E+00
 1.00000E-05 0.00000E+00 0.00000E+00
 1.00000E-04 0.00000E+00 0.00000E+00
 1.00000E-03 0.00000E+00 0.00000E+00
 2.00000E-03 0.00000E+00 0.00000E+00
 4.00000E-03 0.00000E+00 0.00000E+00
 7.00000E-03 0.00000E+00 0.00000E+00
 1.00000E-02 0.00000E+00 0.00000E+00
 2.00000E-02 0.00000E+00 0.00000E+00
 4.00000E-02 0.00000E+00 0.00000E+00
 7.00000E-02 0.00000E+00 0.00000E+00
 1.00000E-01 0.00000E+00 0.00000E+00
 2.00000E-01 0.00000E+00 0.00000E+00
 3.00000E-01 0.00000E+00 0.00000E+00
 4.00000E-01 0.00000E+00 0.00000E+00
 5.00000E-01 0.00000E+00 0.00000E+00
 6.00000E-01 0.00000E+00 0.00000E+00
 7.00000E-01 0.00000E+00 0.00000E+00
 8.00000E-01 0.00000E+00 0.00000E+00
 9.00000E-01 0.00000E+00 0.00000E+00
 1.00000E+00 0.00000E+00 0.00000E+00
 1.20000E+00 0.00000E+00 0.00000E+00
 1.40000E+00 0.00000E+00 0.00000E+00
 1.60000E+00 0.00000E+00 0.00000E+00
 1.80000E+00 0.00000E+00 0.00000E+00
 2.00000E+00 0.00000E+00 0.00000E+00
 2.20000E+00 0.00000E+00 0.00000E+00
 2.40000E+00 0.00000E+00 0.00000E+00
 2.60000E+00 0.00000E+00 0.00000E+00
 2.80000E+00 0.00000E+00 0.00000E+00
 3.00000E+00 0.00000E+00 0.00000E+00
 3.20000E+00 0.00000E+00 0.00000E+00
 3.40000E+00 0.00000E+00 0.00000E+00
 3.60000E+00 0.00000E+00 0.00000E+00
 3.80000E+00 0.00000E+00 0.00000E+00
 4.00000E+00 0.00000E+00 0.00000E+00
 4.20000E+00 0.00000E+00 0.00000E+00
 4.40000E+00 0.00000E+00 0.00000E+00
 4.60000E+00 0.00000E+00 0.00000E+00
 4.80000E+00 0.00000E+00 0.00000E+00
 5.00000E+00 0.00000E+00 0.00000E+00
 5.20000E+00 0.00000E+00 0.00000E+00
 5.40000E+00 0.00000E+00 0.00000E+00
 5.60000E+00 0.00000E+00 0.00000E+00
 5.80000E+00 0.00000E+00 0.00000E+00
 6.00000E+00 0.00000E+00 0.00000E+00
 6.20000E+00 0.00000E+00 0.00000E+00
 6.40000E+00 0.00000E+00 0.00000E+00
 6.60000E+00 0.00000E+00 0.00000E+00
 6.80000E+00 0.00000E+00 0.00000E+00
 7.00000E+00 0.00000E+00 0.00000E+00
 7.20000E+00 0.00000E+00 0.00000E+00
 7.40000E+00 0.00000E+00 0.00000E+00
 7.60000E+00 0.00000E+00 0.00000E+00
 7.80000E+00 0.00000E+00 0.00000E+00
 8.00000E+00 0.00000E+00 0.00000E+00
 8.50000E+00 0.00000E+00 0.00000E+00
 9.00000E+00 0.00000E+00 0.00000E+00
 9.50000E+00 0.00000E+00 0.00000E+00
 1.00000E+01 0.00000E+00 0.00000E+00
 1.05000E+01 0.00000E+00 0.00000E+00
 1.10000E+01 0.00000E+00 0.00000E+00
 1.15000E+01 0.00000E+00 0.00000E+00
 1.20000E+01 0.00000E+00 0.00000E+00
 1.25000E+01 0.00000E+00 0.00000E+00
 1.30000E+01 0.00000E+00 0.00000E+00
 1.35000E+01 0.00000E+00 0.00000E+00
 1.40000E+01 0.00000E+00 0.00000E+00
 1.45000E+01 0.00000E+00 0.00000E+00
 1.50000E+01 0.00000E+00 0.00000E+00
 1.60000E+01 1.23375E-03 4.40227E-01
 1.70000E+01 7.52725E-03 4.30346E-01
 1.80000E+01 3.84181E-02 4.34926E-01
 1.90000E+01 1.43734E-01 4.37398E-01
 2.00000E+01 4.28992E-01 4.22638E-01
 2.10000E+01 7.76482E-01 3.64071E-01
 2.20000E+01 1.36909E+00 3.64518E-01
 2.30000E+01 1.46984E+00 3.53818E-01
 2.40000E+01 1.81065E+00 3.43963E-01
 2.50000E+01 2.06155E+00 3.31847E-01
 2.60000E+01 2.36162E+00 3.23439E-01
 2.70000E+01 2.45477E+00 3.04468E-01
 2.80000E+01 2.51645E+00 2.94376E-01
 2.90000E+01 2.47422E+00 2.78368E-01
 3.00000E+01 2.26974E+00 2.60892E-01
 3.20000E+01 2.12100E+00 2.48557E-01
 3.40000E+01 1.78391E+00 2.31221E-01
 3.60000E+01 1.54292E+00 2.21826E-01
 3.80000E+01 1.30066E+00 2.14640E-01
 4.00000E+01 1.15865E+00 2.12441E-01
 4.20000E+01 9.96437E-01 2.12069E-01
 4.40000E+01 9.49330E-01 2.19242E-01
 4.60000E+01 1.02164E+00 2.26234E-01
 4.80000E+01 1.10597E+00 2.31670E-01
 5.00000E+01 1.22651E+00 2.34844E-01
 5.20000E+01 1.47663E+00 2.47143E-01
 5.40000E+01 2.05606E+00 2.96844E-01
 5.60000E+01 2.30564E+00 2.93455E-01
 5.80000E+01 2.60072E+00 2.96265E-01
 6.00000E+01 3.01644E+00 3.01286E-01
