# p + 114Sn: Production of 107Ag - Ground state
# Q-value    = 2.86112E-01 mass= 106.905092
# E-threshold= 0.00000E+00
# # energies =   103
#     E          xs      Branching
 1.00000E-11 0.00000E+00 0.00000E+00
 2.53000E-08 0.00000E+00 0.00000E+00
 2.00000E-07 0.00000E+00 0.00000E+00
 1.00000E-06 0.00000E+00 0.00000E+00
 1.00000E-05 0.00000E+00 0.00000E+00
 1.00000E-04 0.00000E+00 0.00000E+00
 1.00000E-03 0.00000E+00 0.00000E+00
 2.00000E-03 0.00000E+00 0.00000E+00
 4.00000E-03 0.00000E+00 0.00000E+00
 7.00000E-03 0.00000E+00 0.00000E+00
 1.00000E-02 0.00000E+00 0.00000E+00
 2.00000E-02 0.00000E+00 0.00000E+00
 4.00000E-02 0.00000E+00 0.00000E+00
 7.00000E-02 0.00000E+00 0.00000E+00
 1.00000E-01 0.00000E+00 0.00000E+00
 2.00000E-01 0.00000E+00 0.00000E+00
 3.00000E-01 0.00000E+00 0.00000E+00
 4.00000E-01 0.00000E+00 0.00000E+00
 5.00000E-01 0.00000E+00 0.00000E+00
 6.00000E-01 0.00000E+00 0.00000E+00
 7.00000E-01 0.00000E+00 0.00000E+00
 8.00000E-01 0.00000E+00 0.00000E+00
 9.00000E-01 0.00000E+00 0.00000E+00
 1.00000E+00 0.00000E+00 0.00000E+00
 1.20000E+00 0.00000E+00 0.00000E+00
 1.40000E+00 0.00000E+00 0.00000E+00
 1.60000E+00 0.00000E+00 0.00000E+00
 1.80000E+00 0.00000E+00 0.00000E+00
 2.00000E+00 0.00000E+00 0.00000E+00
 2.20000E+00 0.00000E+00 0.00000E+00
 2.40000E+00 0.00000E+00 0.00000E+00
 2.60000E+00 0.00000E+00 0.00000E+00
 2.80000E+00 0.00000E+00 0.00000E+00
 3.00000E+00 0.00000E+00 0.00000E+00
 3.20000E+00 0.00000E+00 0.00000E+00
 3.40000E+00 0.00000E+00 0.00000E+00
 3.60000E+00 0.00000E+00 0.00000E+00
 3.80000E+00 0.00000E+00 0.00000E+00
 4.00000E+00 0.00000E+00 0.00000E+00
 4.20000E+00 0.00000E+00 0.00000E+00
 4.40000E+00 0.00000E+00 0.00000E+00
 4.60000E+00 0.00000E+00 0.00000E+00
 4.80000E+00 0.00000E+00 0.00000E+00
 5.00000E+00 0.00000E+00 0.00000E+00
 5.20000E+00 0.00000E+00 0.00000E+00
 5.40000E+00 0.00000E+00 0.00000E+00
 5.60000E+00 0.00000E+00 0.00000E+00
 5.80000E+00 0.00000E+00 0.00000E+00
 6.00000E+00 0.00000E+00 0.00000E+00
 6.20000E+00 0.00000E+00 0.00000E+00
 6.40000E+00 0.00000E+00 0.00000E+00
 6.60000E+00 0.00000E+00 0.00000E+00
 6.80000E+00 0.00000E+00 0.00000E+00
 7.00000E+00 0.00000E+00 0.00000E+00
 7.20000E+00 0.00000E+00 0.00000E+00
 7.40000E+00 0.00000E+00 0.00000E+00
 7.60000E+00 0.00000E+00 0.00000E+00
 7.80000E+00 0.00000E+00 0.00000E+00
 8.00000E+00 0.00000E+00 0.00000E+00
 8.50000E+00 0.00000E+00 0.00000E+00
 9.00000E+00 0.00000E+00 0.00000E+00
 9.50000E+00 0.00000E+00 0.00000E+00
 1.00000E+01 0.00000E+00 0.00000E+00
 1.05000E+01 0.00000E+00 0.00000E+00
 1.10000E+01 0.00000E+00 0.00000E+00
 1.15000E+01 0.00000E+00 0.00000E+00
 1.20000E+01 0.00000E+00 0.00000E+00
 1.25000E+01 0.00000E+00 0.00000E+00
 1.30000E+01 0.00000E+00 0.00000E+00
 1.35000E+01 0.00000E+00 0.00000E+00
 1.40000E+01 2.62580E-11 0.00000E+00
 1.45000E+01 2.55262E-10 0.00000E+00
 1.50000E+01 9.76819E-10 0.00000E+00
 1.60000E+01 1.20452E-08 0.00000E+00
 1.70000E+01 7.76188E-08 0.00000E+00
 1.80000E+01 3.26486E-07 0.00000E+00
 1.90000E+01 1.17964E-06 0.00000E+00
 2.00000E+01 3.41031E-06 0.00000E+00
 2.10000E+01 7.61799E-06 0.00000E+00
 2.20000E+01 1.49469E-05 0.00000E+00
 2.30000E+01 2.70780E-05 0.00000E+00
 2.40000E+01 4.21101E-05 0.00000E+00
 2.50000E+01 5.11163E-04 3.28594E-01
 2.60000E+01 8.15210E-04 3.17367E-01
 2.70000E+01 1.20215E-03 3.02473E-01
 2.80000E+01 1.65661E-03 2.83709E-01
 2.90000E+01 2.18693E-03 2.61579E-01
 3.00000E+01 2.80902E-03 2.40986E-01
 3.20000E+01 4.45962E-03 2.04417E-01
 3.40000E+01 6.65014E-03 1.80776E-01
 3.60000E+01 8.26333E-03 1.58758E-01
 3.80000E+01 5.72606E-03 1.42133E-01
 4.00000E+01 4.64150E-03 1.36084E-01
 4.20000E+01 3.73662E-03 1.29316E-01
 4.40000E+01 2.10832E-03 1.02377E-01
 4.60000E+01 1.31030E-03 1.11426E-01
 4.80000E+01 1.27060E-03 1.24480E-01
 5.00000E+01 1.39678E-03 1.30708E-01
 5.20000E+01 2.64449E-03 1.88795E-01
 5.40000E+01 4.12906E-03 1.62320E-01
 5.60000E+01 8.93658E-03 1.55973E-01
 5.80000E+01 2.01509E-02 1.56576E-01
 6.00000E+01 3.87714E-02 1.44404E-01
