# p + 112Sn: Production of 109In - Total
# Q-value    = 2.69853E+00 mass= 108.907150
# E-threshold= 0.00000E+00
# # energies =   103
#     E          xs
 1.00000E-11 0.00000E+00
 2.53000E-08 0.00000E+00
 2.00000E-07 0.00000E+00
 1.00000E-06 0.00000E+00
 1.00000E-05 0.00000E+00
 1.00000E-04 0.00000E+00
 1.00000E-03 0.00000E+00
 2.00000E-03 0.00000E+00
 4.00000E-03 0.00000E+00
 7.00000E-03 0.00000E+00
 1.00000E-02 0.00000E+00
 2.00000E-02 0.00000E+00
 4.00000E-02 0.00000E+00
 7.00000E-02 0.00000E+00
 1.00000E-01 0.00000E+00
 2.00000E-01 0.00000E+00
 3.00000E-01 0.00000E+00
 4.00000E-01 0.00000E+00
 5.00000E-01 0.00000E+00
 6.00000E-01 0.00000E+00
 7.00000E-01 0.00000E+00
 8.00000E-01 0.00000E+00
 9.00000E-01 0.00000E+00
 1.00000E+00 0.00000E+00
 1.20000E+00 0.00000E+00
 1.40000E+00 0.00000E+00
 1.60000E+00 0.00000E+00
 1.80000E+00 1.00000E-07
 2.00000E+00 1.00000E-07
 2.20000E+00 1.00000E-07
 2.40000E+00 1.00000E-07
 2.60000E+00 1.00000E-07
 2.80000E+00 1.00000E-07
 3.00000E+00 1.00000E-07
 3.20000E+00 1.00000E-07
 3.40000E+00 1.00000E-07
 3.60000E+00 1.00000E-07
 3.80000E+00 1.00000E-07
 4.00000E+00 1.00000E-07
 4.20000E+00 1.00000E-07
 4.40000E+00 1.00000E-07
 4.60000E+00 1.00000E-07
 4.80000E+00 1.00000E-07
 5.00000E+00 1.00000E-07
 5.20000E+00 1.00000E-07
 5.40000E+00 1.00000E-07
 5.60000E+00 1.45213E-03
 5.80000E+00 2.60976E-03
 6.00000E+00 5.63089E-03
 6.20000E+00 1.06348E-02
 6.40000E+00 1.81738E-02
 6.60000E+00 3.46182E-02
 6.80000E+00 5.54501E-02
 7.00000E+00 9.05430E-02
 7.20000E+00 1.42802E-01
 7.40000E+00 2.05868E-01
 7.60000E+00 3.47127E-01
 7.80000E+00 4.75570E-01
 8.00000E+00 6.16667E-01
 8.50000E+00 8.21435E-01
 9.00000E+00 1.11288E+00
 9.50000E+00 1.54641E+00
 1.00000E+01 2.14021E+00
 1.05000E+01 2.89438E+00
 1.10000E+01 3.76306E+00
 1.15000E+01 4.68417E+00
 1.20000E+01 5.61682E+00
 1.25000E+01 6.54444E+00
 1.30000E+01 7.45429E+00
 1.35000E+01 8.36347E+00
 1.40000E+01 9.31508E+00
 1.45000E+01 1.03479E+01
 1.50000E+01 1.14868E+01
 1.60000E+01 1.41042E+01
 1.70000E+01 1.70180E+01
 1.80000E+01 2.01067E+01
 1.90000E+01 2.30311E+01
 2.00000E+01 2.63089E+01
 2.10000E+01 2.75956E+01
 2.20000E+01 2.57922E+01
 2.30000E+01 2.05184E+01
 2.40000E+01 1.36574E+01
 2.50000E+01 1.11338E+01
 2.60000E+01 9.16743E+00
 2.70000E+01 8.03439E+00
 2.80000E+01 6.96285E+00
 2.90000E+01 6.34789E+00
 3.00000E+01 5.62379E+00
 3.20000E+01 4.80805E+00
 3.40000E+01 4.32907E+00
 3.60000E+01 5.49490E+00
 3.80000E+01 1.19339E+01
 4.00000E+01 2.81618E+01
 4.20000E+01 5.29648E+01
 4.40000E+01 8.13182E+01
 4.60000E+01 1.14341E+02
 4.80000E+01 1.39027E+02
 5.00000E+01 1.60134E+02
 5.20000E+01 1.67929E+02
 5.40000E+01 1.64673E+02
 5.60000E+01 1.54344E+02
 5.80000E+01 1.45314E+02
 6.00000E+01 1.34461E+02
