# p + 119Sn: Production of 116In - Level  4     0.28966 MeV
# Q-value    = 2.75917E+00 mass= 115.905260
# E-threshold= 0.00000E+00
# # energies =   103
#     E          xs      Branching
 1.00000E-11 0.00000E+00 0.00000E+00
 2.53000E-08 0.00000E+00 0.00000E+00
 2.00000E-07 0.00000E+00 0.00000E+00
 1.00000E-06 0.00000E+00 0.00000E+00
 1.00000E-05 0.00000E+00 0.00000E+00
 1.00000E-04 0.00000E+00 0.00000E+00
 1.00000E-03 0.00000E+00 0.00000E+00
 2.00000E-03 0.00000E+00 0.00000E+00
 4.00000E-03 0.00000E+00 0.00000E+00
 7.00000E-03 0.00000E+00 0.00000E+00
 1.00000E-02 0.00000E+00 0.00000E+00
 2.00000E-02 0.00000E+00 0.00000E+00
 4.00000E-02 0.00000E+00 0.00000E+00
 7.00000E-02 0.00000E+00 0.00000E+00
 1.00000E-01 0.00000E+00 0.00000E+00
 2.00000E-01 0.00000E+00 0.00000E+00
 3.00000E-01 0.00000E+00 0.00000E+00
 4.00000E-01 0.00000E+00 0.00000E+00
 5.00000E-01 0.00000E+00 0.00000E+00
 6.00000E-01 0.00000E+00 0.00000E+00
 7.00000E-01 0.00000E+00 0.00000E+00
 8.00000E-01 0.00000E+00 0.00000E+00
 9.00000E-01 0.00000E+00 0.00000E+00
 1.00000E+00 0.00000E+00 0.00000E+00
 1.20000E+00 0.00000E+00 0.00000E+00
 1.40000E+00 0.00000E+00 0.00000E+00
 1.60000E+00 0.00000E+00 0.00000E+00
 1.80000E+00 0.00000E+00 0.00000E+00
 2.00000E+00 2.97529E-16 0.00000E+00
 2.20000E+00 3.10577E-16 0.00000E+00
 2.40000E+00 9.89826E-15 0.00000E+00
 2.60000E+00 1.43486E-14 0.00000E+00
 2.80000E+00 2.87008E-13 0.00000E+00
 3.00000E+00 3.73185E-13 0.00000E+00
 3.20000E+00 4.04663E-13 0.00000E+00
 3.40000E+00 4.69483E-12 0.00000E+00
 3.60000E+00 6.93227E-12 0.00000E+00
 3.80000E+00 6.09396E-11 0.00000E+00
 4.00000E+00 5.38295E-11 0.00000E+00
 4.20000E+00 8.89127E-11 0.00000E+00
 4.40000E+00 5.01558E-10 0.00000E+00
 4.60000E+00 7.59019E-10 0.00000E+00
 4.80000E+00 3.42196E-09 0.00000E+00
 5.00000E+00 3.51333E-09 0.00000E+00
 5.20000E+00 6.00563E-09 0.00000E+00
 5.40000E+00 1.88347E-08 0.00000E+00
 5.60000E+00 3.03137E-08 0.00000E+00
 5.80000E+00 4.62783E-08 0.00000E+00
 6.00000E+00 8.83937E-08 0.00000E+00
 6.20000E+00 1.44990E-07 0.00000E+00
 6.40000E+00 2.85758E-07 0.00000E+00
 6.60000E+00 4.40009E-07 0.00000E+00
 6.80000E+00 5.61325E-07 0.00000E+00
 7.00000E+00 9.44838E-07 0.00000E+00
 7.20000E+00 1.48209E-06 0.00000E+00
 7.40000E+00 2.61113E-06 0.00000E+00
 7.60000E+00 3.92299E-06 0.00000E+00
 7.80000E+00 8.07890E-05 5.75677E-02
 8.00000E+00 1.25650E-04 6.29913E-02
 8.50000E+00 3.51031E-04 7.56897E-02
 9.00000E+00 8.82022E-04 8.99748E-02
 9.50000E+00 2.04796E-03 1.06674E-01
 1.00000E+01 4.44104E-03 1.25454E-01
 1.05000E+01 8.98893E-03 1.44441E-01
 1.10000E+01 1.71458E-02 1.63780E-01
 1.15000E+01 3.07123E-02 1.82316E-01
 1.20000E+01 5.21791E-02 2.00810E-01
 1.25000E+01 8.40834E-02 2.18712E-01
 1.30000E+01 1.29395E-01 2.36337E-01
 1.35000E+01 1.91565E-01 2.53650E-01
 1.40000E+01 2.72884E-01 2.70833E-01
 1.45000E+01 3.75230E-01 2.86992E-01
 1.50000E+01 5.01761E-01 3.03945E-01
 1.60000E+01 8.32329E-01 3.36553E-01
 1.70000E+01 1.31908E+00 3.69496E-01
 1.80000E+01 2.10199E+00 4.01549E-01
 1.90000E+01 3.85759E+00 4.29691E-01
 2.00000E+01 6.12883E+00 4.51025E-01
 2.10000E+01 6.78045E+00 4.73060E-01
 2.20000E+01 5.87042E+00 4.87820E-01
 2.30000E+01 3.98239E+00 4.99979E-01
 2.40000E+01 3.27911E+00 5.19236E-01
 2.50000E+01 2.85491E+00 5.28101E-01
 2.60000E+01 2.49023E+00 5.33107E-01
 2.70000E+01 2.23712E+00 5.46785E-01
 2.80000E+01 2.01437E+00 5.52987E-01
 2.90000E+01 1.78683E+00 5.49799E-01
 3.00000E+01 1.58219E+00 5.58369E-01
 3.20000E+01 1.35191E+00 5.61523E-01
 3.40000E+01 1.31431E+00 5.45625E-01
 3.60000E+01 1.49105E+00 5.44094E-01
 3.80000E+01 1.82426E+00 5.38215E-01
 4.00000E+01 2.40946E+00 5.51583E-01
 4.20000E+01 3.00658E+00 5.76414E-01
 4.40000E+01 3.58824E+00 5.78362E-01
 4.60000E+01 4.17279E+00 5.89326E-01
 4.80000E+01 4.91454E+00 5.74304E-01
 5.00000E+01 5.14369E+00 5.72268E-01
 5.20000E+01 4.83423E+00 4.72310E-01
 5.40000E+01 5.58240E+00 4.69878E-01
 5.60000E+01 5.87170E+00 4.65656E-01
 5.80000E+01 6.12950E+00 4.32537E-01
 6.00000E+01 6.63761E+00 4.19231E-01
