# p + 115Sn: Production of 111In - Ground state
# Q-value    =-4.84906E+00 mass= 110.905107
# E-threshold= 4.89157E+00
# # energies =   103
#     E          xs      Branching
 1.00000E-11 0.00000E+00 0.00000E+00
 2.53000E-08 0.00000E+00 0.00000E+00
 2.00000E-07 0.00000E+00 0.00000E+00
 1.00000E-06 0.00000E+00 0.00000E+00
 1.00000E-05 0.00000E+00 0.00000E+00
 1.00000E-04 0.00000E+00 0.00000E+00
 1.00000E-03 0.00000E+00 0.00000E+00
 2.00000E-03 0.00000E+00 0.00000E+00
 4.00000E-03 0.00000E+00 0.00000E+00
 7.00000E-03 0.00000E+00 0.00000E+00
 1.00000E-02 0.00000E+00 0.00000E+00
 2.00000E-02 0.00000E+00 0.00000E+00
 4.00000E-02 0.00000E+00 0.00000E+00
 7.00000E-02 0.00000E+00 0.00000E+00
 1.00000E-01 0.00000E+00 0.00000E+00
 2.00000E-01 0.00000E+00 0.00000E+00
 3.00000E-01 0.00000E+00 0.00000E+00
 4.00000E-01 0.00000E+00 0.00000E+00
 5.00000E-01 0.00000E+00 0.00000E+00
 6.00000E-01 0.00000E+00 0.00000E+00
 7.00000E-01 0.00000E+00 0.00000E+00
 8.00000E-01 0.00000E+00 0.00000E+00
 9.00000E-01 0.00000E+00 0.00000E+00
 1.00000E+00 0.00000E+00 0.00000E+00
 1.20000E+00 0.00000E+00 0.00000E+00
 1.40000E+00 0.00000E+00 0.00000E+00
 1.60000E+00 0.00000E+00 0.00000E+00
 1.80000E+00 0.00000E+00 0.00000E+00
 2.00000E+00 0.00000E+00 0.00000E+00
 2.20000E+00 0.00000E+00 0.00000E+00
 2.40000E+00 0.00000E+00 0.00000E+00
 2.60000E+00 0.00000E+00 0.00000E+00
 2.80000E+00 0.00000E+00 0.00000E+00
 3.00000E+00 0.00000E+00 0.00000E+00
 3.20000E+00 0.00000E+00 0.00000E+00
 3.40000E+00 0.00000E+00 0.00000E+00
 3.60000E+00 0.00000E+00 0.00000E+00
 3.80000E+00 0.00000E+00 0.00000E+00
 4.00000E+00 0.00000E+00 0.00000E+00
 4.20000E+00 0.00000E+00 0.00000E+00
 4.40000E+00 0.00000E+00 0.00000E+00
 4.60000E+00 0.00000E+00 0.00000E+00
 4.80000E+00 0.00000E+00 0.00000E+00
 5.00000E+00 0.00000E+00 0.00000E+00
 5.20000E+00 0.00000E+00 0.00000E+00
 5.40000E+00 0.00000E+00 0.00000E+00
 5.60000E+00 0.00000E+00 0.00000E+00
 5.80000E+00 0.00000E+00 0.00000E+00
 6.00000E+00 0.00000E+00 0.00000E+00
 6.20000E+00 0.00000E+00 0.00000E+00
 6.40000E+00 0.00000E+00 0.00000E+00
 6.60000E+00 0.00000E+00 0.00000E+00
 6.80000E+00 0.00000E+00 0.00000E+00
 7.00000E+00 0.00000E+00 0.00000E+00
 7.20000E+00 0.00000E+00 0.00000E+00
 7.40000E+00 0.00000E+00 0.00000E+00
 7.60000E+00 0.00000E+00 0.00000E+00
 7.80000E+00 0.00000E+00 0.00000E+00
 8.00000E+00 0.00000E+00 0.00000E+00
 8.50000E+00 0.00000E+00 0.00000E+00
 9.00000E+00 0.00000E+00 0.00000E+00
 9.50000E+00 0.00000E+00 0.00000E+00
 1.00000E+01 0.00000E+00 0.00000E+00
 1.05000E+01 0.00000E+00 0.00000E+00
 1.10000E+01 0.00000E+00 0.00000E+00
 1.15000E+01 0.00000E+00 0.00000E+00
 1.20000E+01 0.00000E+00 0.00000E+00
 1.25000E+01 0.00000E+00 0.00000E+00
 1.30000E+01 4.34832E-03 9.66090E-01
 1.35000E+01 1.49326E-02 9.32547E-01
 1.40000E+01 4.68212E-02 9.16351E-01
 1.45000E+01 1.05936E-01 8.90721E-01
 1.50000E+01 2.03441E-01 8.78992E-01
 1.60000E+01 4.71121E-01 8.65270E-01
 1.70000E+01 1.12481E+00 8.56488E-01
 1.80000E+01 2.39047E+00 8.33447E-01
 1.90000E+01 4.67812E+00 8.28253E-01
 2.00000E+01 7.64604E+00 8.21855E-01
 2.10000E+01 1.09713E+01 8.25758E-01
 2.20000E+01 1.48009E+01 8.33019E-01
 2.30000E+01 1.71496E+01 8.41348E-01
 2.40000E+01 1.93218E+01 8.49510E-01
 2.50000E+01 2.21035E+01 8.57911E-01
 2.60000E+01 2.46749E+01 8.64432E-01
 2.70000E+01 2.71888E+01 8.70830E-01
 2.80000E+01 2.88409E+01 8.76699E-01
 2.90000E+01 2.92766E+01 8.81150E-01
 3.00000E+01 2.81794E+01 8.86654E-01
 3.20000E+01 2.28984E+01 8.94736E-01
 3.40000E+01 1.74085E+01 8.97131E-01
 3.60000E+01 1.36554E+01 8.98942E-01
 3.80000E+01 1.11041E+01 8.95925E-01
 4.00000E+01 9.41454E+00 8.98111E-01
 4.20000E+01 8.25815E+00 8.97629E-01
 4.40000E+01 7.51563E+00 8.96241E-01
 4.60000E+01 7.65855E+00 8.97456E-01
 4.80000E+01 8.98661E+00 9.08680E-01
 5.00000E+01 1.14701E+01 9.10520E-01
 5.20000E+01 1.52795E+01 9.08507E-01
 5.40000E+01 1.99298E+01 9.10695E-01
 5.60000E+01 2.66972E+01 9.17470E-01
 5.80000E+01 3.38414E+01 9.22227E-01
 6.00000E+01 3.89691E+01 9.21943E-01
