# p + 115Sn: Production of 108Ag - Level  2     0.10947 MeV
# Q-value    =-9.73739E-02 mass= 107.905950
# E-threshold= 9.82275E-02
# # energies =   103
#     E          xs      Branching
 1.00000E-11 0.00000E+00 0.00000E+00
 2.53000E-08 0.00000E+00 0.00000E+00
 2.00000E-07 0.00000E+00 0.00000E+00
 1.00000E-06 0.00000E+00 0.00000E+00
 1.00000E-05 0.00000E+00 0.00000E+00
 1.00000E-04 0.00000E+00 0.00000E+00
 1.00000E-03 0.00000E+00 0.00000E+00
 2.00000E-03 0.00000E+00 0.00000E+00
 4.00000E-03 0.00000E+00 0.00000E+00
 7.00000E-03 0.00000E+00 0.00000E+00
 1.00000E-02 0.00000E+00 0.00000E+00
 2.00000E-02 0.00000E+00 0.00000E+00
 4.00000E-02 0.00000E+00 0.00000E+00
 7.00000E-02 0.00000E+00 0.00000E+00
 1.00000E-01 0.00000E+00 0.00000E+00
 2.00000E-01 0.00000E+00 0.00000E+00
 3.00000E-01 0.00000E+00 0.00000E+00
 4.00000E-01 0.00000E+00 0.00000E+00
 5.00000E-01 0.00000E+00 0.00000E+00
 6.00000E-01 0.00000E+00 0.00000E+00
 7.00000E-01 0.00000E+00 0.00000E+00
 8.00000E-01 0.00000E+00 0.00000E+00
 9.00000E-01 0.00000E+00 0.00000E+00
 1.00000E+00 0.00000E+00 0.00000E+00
 1.20000E+00 0.00000E+00 0.00000E+00
 1.40000E+00 0.00000E+00 0.00000E+00
 1.60000E+00 0.00000E+00 0.00000E+00
 1.80000E+00 0.00000E+00 0.00000E+00
 2.00000E+00 0.00000E+00 0.00000E+00
 2.20000E+00 0.00000E+00 0.00000E+00
 2.40000E+00 0.00000E+00 0.00000E+00
 2.60000E+00 0.00000E+00 0.00000E+00
 2.80000E+00 0.00000E+00 0.00000E+00
 3.00000E+00 0.00000E+00 0.00000E+00
 3.20000E+00 0.00000E+00 0.00000E+00
 3.40000E+00 0.00000E+00 0.00000E+00
 3.60000E+00 0.00000E+00 0.00000E+00
 3.80000E+00 0.00000E+00 0.00000E+00
 4.00000E+00 0.00000E+00 0.00000E+00
 4.20000E+00 0.00000E+00 0.00000E+00
 4.40000E+00 0.00000E+00 0.00000E+00
 4.60000E+00 0.00000E+00 0.00000E+00
 4.80000E+00 0.00000E+00 0.00000E+00
 5.00000E+00 0.00000E+00 0.00000E+00
 5.20000E+00 0.00000E+00 0.00000E+00
 5.40000E+00 0.00000E+00 0.00000E+00
 5.60000E+00 0.00000E+00 0.00000E+00
 5.80000E+00 0.00000E+00 0.00000E+00
 6.00000E+00 0.00000E+00 0.00000E+00
 6.20000E+00 0.00000E+00 0.00000E+00
 6.40000E+00 0.00000E+00 0.00000E+00
 6.60000E+00 0.00000E+00 0.00000E+00
 6.80000E+00 0.00000E+00 0.00000E+00
 7.00000E+00 0.00000E+00 0.00000E+00
 7.20000E+00 0.00000E+00 0.00000E+00
 7.40000E+00 0.00000E+00 0.00000E+00
 7.60000E+00 0.00000E+00 0.00000E+00
 7.80000E+00 0.00000E+00 0.00000E+00
 8.00000E+00 0.00000E+00 0.00000E+00
 8.50000E+00 0.00000E+00 0.00000E+00
 9.00000E+00 0.00000E+00 0.00000E+00
 9.50000E+00 0.00000E+00 0.00000E+00
 1.00000E+01 0.00000E+00 0.00000E+00
 1.05000E+01 0.00000E+00 0.00000E+00
 1.10000E+01 0.00000E+00 0.00000E+00
 1.15000E+01 0.00000E+00 0.00000E+00
 1.20000E+01 0.00000E+00 0.00000E+00
 1.25000E+01 0.00000E+00 0.00000E+00
 1.30000E+01 0.00000E+00 0.00000E+00
 1.35000E+01 0.00000E+00 0.00000E+00
 1.40000E+01 0.00000E+00 0.00000E+00
 1.45000E+01 2.20226E-13 0.00000E+00
 1.50000E+01 1.71883E-12 0.00000E+00
 1.60000E+01 5.46921E-11 0.00000E+00
 1.70000E+01 7.56858E-10 0.00000E+00
 1.80000E+01 5.80489E-09 0.00000E+00
 1.90000E+01 3.10068E-08 0.00000E+00
 2.00000E+01 1.34330E-07 0.00000E+00
 2.10000E+01 4.76438E-07 0.00000E+00
 2.20000E+01 1.33612E-06 0.00000E+00
 2.30000E+01 3.03572E-06 0.00000E+00
 2.40000E+01 5.95990E-06 0.00000E+00
 2.50000E+01 1.00898E-05 0.00000E+00
 2.60000E+01 5.43386E-04 4.95064E-01
 2.70000E+01 9.94507E-04 5.08815E-01
 2.80000E+01 1.67730E-03 5.23045E-01
 2.90000E+01 2.64008E-03 5.37912E-01
 3.00000E+01 3.91169E-03 5.51997E-01
 3.20000E+01 7.53166E-03 5.72027E-01
 3.40000E+01 1.10208E-02 5.69401E-01
 3.60000E+01 1.09756E-02 5.92520E-01
 3.80000E+01 9.94750E-03 5.69501E-01
 4.00000E+01 6.32604E-03 4.94141E-01
 4.20000E+01 4.79629E-03 4.72971E-01
 4.40000E+01 3.77032E-03 4.84206E-01
 4.60000E+01 3.28883E-03 4.79965E-01
 4.80000E+01 3.09381E-03 4.69967E-01
 5.00000E+01 2.44735E-03 4.62244E-01
 5.20000E+01 3.16289E-03 4.85142E-01
 5.40000E+01 9.71333E-03 5.54155E-01
 5.60000E+01 2.40769E-02 5.62397E-01
 5.80000E+01 4.80032E-02 5.64144E-01
 6.00000E+01 8.77227E-02 5.51968E-01
