# p + 112Sn: Production of 111In - Level  1     0.53699 MeV
# Q-value    =-8.08896E+00 mass= 110.905107
# E-threshold= 8.16177E+00
# # energies =   103
#     E          xs      Branching
 1.00000E-11 0.00000E+00 0.00000E+00
 2.53000E-08 0.00000E+00 0.00000E+00
 2.00000E-07 0.00000E+00 0.00000E+00
 1.00000E-06 0.00000E+00 0.00000E+00
 1.00000E-05 0.00000E+00 0.00000E+00
 1.00000E-04 0.00000E+00 0.00000E+00
 1.00000E-03 0.00000E+00 0.00000E+00
 2.00000E-03 0.00000E+00 0.00000E+00
 4.00000E-03 0.00000E+00 0.00000E+00
 7.00000E-03 0.00000E+00 0.00000E+00
 1.00000E-02 0.00000E+00 0.00000E+00
 2.00000E-02 0.00000E+00 0.00000E+00
 4.00000E-02 0.00000E+00 0.00000E+00
 7.00000E-02 0.00000E+00 0.00000E+00
 1.00000E-01 0.00000E+00 0.00000E+00
 2.00000E-01 0.00000E+00 0.00000E+00
 3.00000E-01 0.00000E+00 0.00000E+00
 4.00000E-01 0.00000E+00 0.00000E+00
 5.00000E-01 0.00000E+00 0.00000E+00
 6.00000E-01 0.00000E+00 0.00000E+00
 7.00000E-01 0.00000E+00 0.00000E+00
 8.00000E-01 0.00000E+00 0.00000E+00
 9.00000E-01 0.00000E+00 0.00000E+00
 1.00000E+00 0.00000E+00 0.00000E+00
 1.20000E+00 0.00000E+00 0.00000E+00
 1.40000E+00 0.00000E+00 0.00000E+00
 1.60000E+00 0.00000E+00 0.00000E+00
 1.80000E+00 0.00000E+00 0.00000E+00
 2.00000E+00 0.00000E+00 0.00000E+00
 2.20000E+00 0.00000E+00 0.00000E+00
 2.40000E+00 0.00000E+00 0.00000E+00
 2.60000E+00 0.00000E+00 0.00000E+00
 2.80000E+00 0.00000E+00 0.00000E+00
 3.00000E+00 0.00000E+00 0.00000E+00
 3.20000E+00 0.00000E+00 0.00000E+00
 3.40000E+00 0.00000E+00 0.00000E+00
 3.60000E+00 0.00000E+00 0.00000E+00
 3.80000E+00 0.00000E+00 0.00000E+00
 4.00000E+00 0.00000E+00 0.00000E+00
 4.20000E+00 0.00000E+00 0.00000E+00
 4.40000E+00 0.00000E+00 0.00000E+00
 4.60000E+00 0.00000E+00 0.00000E+00
 4.80000E+00 0.00000E+00 0.00000E+00
 5.00000E+00 0.00000E+00 0.00000E+00
 5.20000E+00 0.00000E+00 0.00000E+00
 5.40000E+00 0.00000E+00 0.00000E+00
 5.60000E+00 0.00000E+00 0.00000E+00
 5.80000E+00 0.00000E+00 0.00000E+00
 6.00000E+00 0.00000E+00 0.00000E+00
 6.20000E+00 0.00000E+00 0.00000E+00
 6.40000E+00 0.00000E+00 0.00000E+00
 6.60000E+00 0.00000E+00 0.00000E+00
 6.80000E+00 0.00000E+00 0.00000E+00
 7.00000E+00 0.00000E+00 0.00000E+00
 7.20000E+00 0.00000E+00 0.00000E+00
 7.40000E+00 0.00000E+00 0.00000E+00
 7.60000E+00 0.00000E+00 0.00000E+00
 7.80000E+00 0.00000E+00 0.00000E+00
 8.00000E+00 0.00000E+00 0.00000E+00
 8.50000E+00 0.00000E+00 0.00000E+00
 9.00000E+00 0.00000E+00 0.00000E+00
 9.50000E+00 0.00000E+00 0.00000E+00
 1.00000E+01 0.00000E+00 0.00000E+00
 1.05000E+01 0.00000E+00 0.00000E+00
 1.10000E+01 0.00000E+00 0.00000E+00
 1.15000E+01 0.00000E+00 0.00000E+00
 1.20000E+01 0.00000E+00 0.00000E+00
 1.25000E+01 0.00000E+00 0.00000E+00
 1.30000E+01 0.00000E+00 0.00000E+00
 1.35000E+01 4.59147E-05 3.73382E-02
 1.40000E+01 2.43110E-04 4.58873E-02
 1.45000E+01 8.39409E-04 4.79485E-02
 1.50000E+01 2.22820E-03 4.96099E-02
 1.60000E+01 1.08666E-02 5.87526E-02
 1.70000E+01 3.93140E-02 7.83290E-02
 1.80000E+01 1.14195E-01 1.11071E-01
 1.90000E+01 2.63723E-01 1.44975E-01
 2.00000E+01 4.97920E-01 1.72253E-01
 2.10000E+01 7.88317E-01 1.85982E-01
 2.20000E+01 1.09976E+00 1.87500E-01
 2.30000E+01 1.40067E+00 1.81301E-01
 2.40000E+01 1.69268E+00 1.71869E-01
 2.50000E+01 1.96277E+00 1.61704E-01
 2.60000E+01 2.23975E+00 1.52160E-01
 2.70000E+01 2.49954E+00 1.43670E-01
 2.80000E+01 2.73725E+00 1.36286E-01
 2.90000E+01 2.89133E+00 1.29747E-01
 3.00000E+01 2.93610E+00 1.24173E-01
 3.20000E+01 2.67902E+00 1.14593E-01
 3.40000E+01 2.35911E+00 1.10559E-01
 3.60000E+01 2.20320E+00 1.09701E-01
 3.80000E+01 2.21921E+00 1.09914E-01
 4.00000E+01 2.33044E+00 1.10666E-01
 4.20000E+01 2.50859E+00 1.11132E-01
 4.40000E+01 2.72013E+00 1.13155E-01
 4.60000E+01 2.80241E+00 1.13540E-01
 4.80000E+01 3.02988E+00 1.14869E-01
 5.00000E+01 3.05617E+00 1.14664E-01
 5.20000E+01 3.23362E+00 1.16071E-01
 5.40000E+01 3.33967E+00 1.15802E-01
 5.60000E+01 3.32086E+00 1.16914E-01
 5.80000E+01 3.50209E+00 1.17670E-01
 6.00000E+01 3.60061E+00 1.17701E-01
