# p + 114Sn: Production of 110In - Total
# Q-value    =-7.29703E+00 mass= 109.907171
# E-threshold= 7.36156E+00
# # energies =   103
#     E          xs
 1.00000E-11 0.00000E+00
 2.53000E-08 0.00000E+00
 2.00000E-07 0.00000E+00
 1.00000E-06 0.00000E+00
 1.00000E-05 0.00000E+00
 1.00000E-04 0.00000E+00
 1.00000E-03 0.00000E+00
 2.00000E-03 0.00000E+00
 4.00000E-03 0.00000E+00
 7.00000E-03 0.00000E+00
 1.00000E-02 0.00000E+00
 2.00000E-02 0.00000E+00
 4.00000E-02 0.00000E+00
 7.00000E-02 0.00000E+00
 1.00000E-01 0.00000E+00
 2.00000E-01 0.00000E+00
 3.00000E-01 0.00000E+00
 4.00000E-01 0.00000E+00
 5.00000E-01 0.00000E+00
 6.00000E-01 0.00000E+00
 7.00000E-01 0.00000E+00
 8.00000E-01 0.00000E+00
 9.00000E-01 0.00000E+00
 1.00000E+00 0.00000E+00
 1.20000E+00 0.00000E+00
 1.40000E+00 0.00000E+00
 1.60000E+00 0.00000E+00
 1.80000E+00 0.00000E+00
 2.00000E+00 0.00000E+00
 2.20000E+00 0.00000E+00
 2.40000E+00 0.00000E+00
 2.60000E+00 0.00000E+00
 2.80000E+00 0.00000E+00
 3.00000E+00 0.00000E+00
 3.20000E+00 0.00000E+00
 3.40000E+00 0.00000E+00
 3.60000E+00 0.00000E+00
 3.80000E+00 0.00000E+00
 4.00000E+00 0.00000E+00
 4.20000E+00 0.00000E+00
 4.40000E+00 0.00000E+00
 4.60000E+00 0.00000E+00
 4.80000E+00 0.00000E+00
 5.00000E+00 0.00000E+00
 5.20000E+00 0.00000E+00
 5.40000E+00 0.00000E+00
 5.60000E+00 0.00000E+00
 5.80000E+00 0.00000E+00
 6.00000E+00 0.00000E+00
 6.20000E+00 0.00000E+00
 6.40000E+00 0.00000E+00
 6.60000E+00 0.00000E+00
 6.80000E+00 0.00000E+00
 7.00000E+00 0.00000E+00
 7.20000E+00 0.00000E+00
 7.40000E+00 0.00000E+00
 7.60000E+00 0.00000E+00
 7.80000E+00 0.00000E+00
 8.00000E+00 0.00000E+00
 8.50000E+00 0.00000E+00
 9.00000E+00 0.00000E+00
 9.50000E+00 0.00000E+00
 1.00000E+01 0.00000E+00
 1.05000E+01 0.00000E+00
 1.10000E+01 0.00000E+00
 1.15000E+01 0.00000E+00
 1.20000E+01 0.00000E+00
 1.25000E+01 0.00000E+00
 1.30000E+01 0.00000E+00
 1.35000E+01 0.00000E+00
 1.40000E+01 0.00000E+00
 1.45000E+01 0.00000E+00
 1.50000E+01 0.00000E+00
 1.60000E+01 1.40063E-02
 1.70000E+01 1.04841E-01
 1.80000E+01 4.34938E-01
 1.90000E+01 1.29819E+00
 2.00000E+01 3.39190E+00
 2.10000E+01 7.22000E+00
 2.20000E+01 1.22691E+01
 2.30000E+01 1.74502E+01
 2.40000E+01 2.16886E+01
 2.50000E+01 2.57521E+01
 2.60000E+01 2.93930E+01
 2.70000E+01 3.27471E+01
 2.80000E+01 3.52285E+01
 2.90000E+01 3.69692E+01
 3.00000E+01 3.63751E+01
 3.20000E+01 3.12291E+01
 3.40000E+01 2.39417E+01
 3.60000E+01 1.81233E+01
 3.80000E+01 1.43524E+01
 4.00000E+01 1.16463E+01
 4.20000E+01 9.99723E+00
 4.40000E+01 8.80661E+00
 4.60000E+01 8.52381E+00
 4.80000E+01 8.86252E+00
 5.00000E+01 1.13664E+01
 5.20000E+01 1.78067E+01
 5.40000E+01 2.82469E+01
 5.60000E+01 3.95844E+01
 5.80000E+01 5.19378E+01
 6.00000E+01 6.46256E+01
