# p + 117Sn: Production of 113In - Level  1     0.39170 MeV
# Q-value    =-4.62958E+00 mass= 112.904060
# E-threshold= 4.66947E+00
# # energies =   103
#     E          xs      Branching
 1.00000E-11 0.00000E+00 0.00000E+00
 2.53000E-08 0.00000E+00 0.00000E+00
 2.00000E-07 0.00000E+00 0.00000E+00
 1.00000E-06 0.00000E+00 0.00000E+00
 1.00000E-05 0.00000E+00 0.00000E+00
 1.00000E-04 0.00000E+00 0.00000E+00
 1.00000E-03 0.00000E+00 0.00000E+00
 2.00000E-03 0.00000E+00 0.00000E+00
 4.00000E-03 0.00000E+00 0.00000E+00
 7.00000E-03 0.00000E+00 0.00000E+00
 1.00000E-02 0.00000E+00 0.00000E+00
 2.00000E-02 0.00000E+00 0.00000E+00
 4.00000E-02 0.00000E+00 0.00000E+00
 7.00000E-02 0.00000E+00 0.00000E+00
 1.00000E-01 0.00000E+00 0.00000E+00
 2.00000E-01 0.00000E+00 0.00000E+00
 3.00000E-01 0.00000E+00 0.00000E+00
 4.00000E-01 0.00000E+00 0.00000E+00
 5.00000E-01 0.00000E+00 0.00000E+00
 6.00000E-01 0.00000E+00 0.00000E+00
 7.00000E-01 0.00000E+00 0.00000E+00
 8.00000E-01 0.00000E+00 0.00000E+00
 9.00000E-01 0.00000E+00 0.00000E+00
 1.00000E+00 0.00000E+00 0.00000E+00
 1.20000E+00 0.00000E+00 0.00000E+00
 1.40000E+00 0.00000E+00 0.00000E+00
 1.60000E+00 0.00000E+00 0.00000E+00
 1.80000E+00 0.00000E+00 0.00000E+00
 2.00000E+00 0.00000E+00 0.00000E+00
 2.20000E+00 0.00000E+00 0.00000E+00
 2.40000E+00 0.00000E+00 0.00000E+00
 2.60000E+00 0.00000E+00 0.00000E+00
 2.80000E+00 0.00000E+00 0.00000E+00
 3.00000E+00 0.00000E+00 0.00000E+00
 3.20000E+00 0.00000E+00 0.00000E+00
 3.40000E+00 0.00000E+00 0.00000E+00
 3.60000E+00 0.00000E+00 0.00000E+00
 3.80000E+00 0.00000E+00 0.00000E+00
 4.00000E+00 0.00000E+00 0.00000E+00
 4.20000E+00 0.00000E+00 0.00000E+00
 4.40000E+00 0.00000E+00 0.00000E+00
 4.60000E+00 0.00000E+00 0.00000E+00
 4.80000E+00 0.00000E+00 0.00000E+00
 5.00000E+00 0.00000E+00 0.00000E+00
 5.20000E+00 0.00000E+00 0.00000E+00
 5.40000E+00 0.00000E+00 0.00000E+00
 5.60000E+00 0.00000E+00 0.00000E+00
 5.80000E+00 0.00000E+00 0.00000E+00
 6.00000E+00 0.00000E+00 0.00000E+00
 6.20000E+00 0.00000E+00 0.00000E+00
 6.40000E+00 0.00000E+00 0.00000E+00
 6.60000E+00 0.00000E+00 0.00000E+00
 6.80000E+00 0.00000E+00 0.00000E+00
 7.00000E+00 0.00000E+00 0.00000E+00
 7.20000E+00 0.00000E+00 0.00000E+00
 7.40000E+00 0.00000E+00 0.00000E+00
 7.60000E+00 0.00000E+00 0.00000E+00
 7.80000E+00 0.00000E+00 0.00000E+00
 8.00000E+00 0.00000E+00 0.00000E+00
 8.50000E+00 0.00000E+00 0.00000E+00
 9.00000E+00 0.00000E+00 0.00000E+00
 9.50000E+00 0.00000E+00 0.00000E+00
 1.00000E+01 0.00000E+00 0.00000E+00
 1.05000E+01 0.00000E+00 0.00000E+00
 1.10000E+01 0.00000E+00 0.00000E+00
 1.15000E+01 0.00000E+00 0.00000E+00
 1.20000E+01 0.00000E+00 0.00000E+00
 1.25000E+01 2.34765E-04 1.26297E-01
 1.30000E+01 7.61775E-04 1.43448E-01
 1.35000E+01 1.49330E-03 1.53306E-01
 1.40000E+01 2.48493E-03 1.66520E-01
 1.45000E+01 4.30726E-03 1.76399E-01
 1.50000E+01 7.16119E-03 1.77429E-01
 1.60000E+01 2.41739E-02 1.71224E-01
 1.70000E+01 7.68294E-02 1.88105E-01
 1.80000E+01 1.83505E-01 2.03135E-01
 1.90000E+01 3.90980E-01 1.89411E-01
 2.00000E+01 8.11910E-01 1.93030E-01
 2.10000E+01 1.19192E+00 1.77341E-01
 2.20000E+01 1.54476E+00 1.78340E-01
 2.30000E+01 1.46437E+00 1.65027E-01
 2.40000E+01 1.60376E+00 1.61901E-01
 2.50000E+01 1.72841E+00 1.52230E-01
 2.60000E+01 1.81750E+00 1.44133E-01
 2.70000E+01 1.93128E+00 1.40777E-01
 2.80000E+01 1.96532E+00 1.34318E-01
 2.90000E+01 1.90441E+00 1.27660E-01
 3.00000E+01 1.86113E+00 1.25855E-01
 3.20000E+01 1.64110E+00 1.18824E-01
 3.40000E+01 1.42082E+00 1.15037E-01
 3.60000E+01 1.24798E+00 1.13752E-01
 3.80000E+01 1.05037E+00 1.10037E-01
 4.00000E+01 9.13625E-01 1.08845E-01
 4.20000E+01 8.30241E-01 1.14027E-01
 4.40000E+01 7.43279E-01 1.04278E-01
 4.60000E+01 1.49357E+00 2.06162E-01
 4.80000E+01 1.60420E+00 2.06223E-01
 5.00000E+01 1.72444E+00 2.02468E-01
 5.20000E+01 1.91304E+00 1.96731E-01
 5.40000E+01 2.19940E+00 1.89762E-01
 5.60000E+01 2.56842E+00 1.91465E-01
 5.80000E+01 3.05767E+00 2.01767E-01
 6.00000E+01 3.35418E+00 2.07821E-01
