# p + 117Sn: Production of 114In - Total
# Q-value    = 3.03612E+00 mass= 113.904916
# E-threshold= 0.00000E+00
# # energies =   103
#     E          xs
 1.00000E-11 0.00000E+00
 2.53000E-08 0.00000E+00
 2.00000E-07 0.00000E+00
 1.00000E-06 0.00000E+00
 1.00000E-05 0.00000E+00
 1.00000E-04 0.00000E+00
 1.00000E-03 0.00000E+00
 2.00000E-03 0.00000E+00
 4.00000E-03 0.00000E+00
 7.00000E-03 0.00000E+00
 1.00000E-02 0.00000E+00
 2.00000E-02 0.00000E+00
 4.00000E-02 0.00000E+00
 7.00000E-02 0.00000E+00
 1.00000E-01 0.00000E+00
 2.00000E-01 0.00000E+00
 3.00000E-01 0.00000E+00
 4.00000E-01 0.00000E+00
 5.00000E-01 0.00000E+00
 6.00000E-01 0.00000E+00
 7.00000E-01 0.00000E+00
 8.00000E-01 0.00000E+00
 9.00000E-01 0.00000E+00
 1.00000E+00 0.00000E+00
 1.20000E+00 0.00000E+00
 1.40000E+00 0.00000E+00
 1.60000E+00 0.00000E+00
 1.80000E+00 1.00000E-07
 2.00000E+00 1.00000E-07
 2.20000E+00 1.00000E-07
 2.40000E+00 1.00000E-07
 2.60000E+00 1.00000E-07
 2.80000E+00 1.00000E-07
 3.00000E+00 1.00000E-07
 3.20000E+00 1.00000E-07
 3.40000E+00 1.00000E-07
 3.60000E+00 1.00000E-07
 3.80000E+00 1.00000E-07
 4.00000E+00 1.00000E-07
 4.20000E+00 1.00000E-07
 4.40000E+00 1.00000E-07
 4.60000E+00 1.00000E-07
 4.80000E+00 1.00000E-07
 5.00000E+00 1.00000E-07
 5.20000E+00 1.00000E-07
 5.40000E+00 1.00000E-07
 5.60000E+00 1.00000E-07
 5.80000E+00 1.00000E-07
 6.00000E+00 1.00000E-07
 6.20000E+00 1.00000E-07
 6.40000E+00 1.00000E-07
 6.60000E+00 1.00000E-07
 6.80000E+00 1.04945E-03
 7.00000E+00 1.50066E-03
 7.20000E+00 2.10777E-03
 7.40000E+00 2.95171E-03
 7.60000E+00 4.00542E-03
 7.80000E+00 5.35384E-03
 8.00000E+00 7.29976E-03
 8.50000E+00 1.45934E-02
 9.00000E+00 2.74920E-02
 9.50000E+00 4.80209E-02
 1.00000E+01 7.90867E-02
 1.05000E+01 1.24368E-01
 1.10000E+01 1.88646E-01
 1.15000E+01 2.77398E-01
 1.20000E+01 3.95823E-01
 1.25000E+01 5.49431E-01
 1.30000E+01 7.43670E-01
 1.35000E+01 9.82886E-01
 1.40000E+01 1.27019E+00
 1.45000E+01 1.60682E+00
 1.50000E+01 1.99497E+00
 1.60000E+01 2.89216E+00
 1.70000E+01 4.02374E+00
 1.80000E+01 5.71007E+00
 1.90000E+01 9.13980E+00
 2.00000E+01 1.48153E+01
 2.10000E+01 1.58855E+01
 2.20000E+01 1.46291E+01
 2.30000E+01 9.29079E+00
 2.40000E+01 7.69000E+00
 2.50000E+01 6.45776E+00
 2.60000E+01 5.71756E+00
 2.70000E+01 5.15145E+00
 2.80000E+01 4.45923E+00
 2.90000E+01 4.06103E+00
 3.00000E+01 3.65900E+00
 3.20000E+01 2.99956E+00
 3.40000E+01 2.92003E+00
 3.60000E+01 3.31381E+00
 3.80000E+01 4.01695E+00
 4.00000E+01 5.07535E+00
 4.20000E+01 6.37049E+00
 4.40000E+01 7.43416E+00
 4.60000E+01 8.52968E+00
 4.80000E+01 9.66167E+00
 5.00000E+01 1.12640E+01
 5.20000E+01 1.20677E+01
 5.40000E+01 1.31286E+01
 5.60000E+01 1.44787E+01
 5.80000E+01 1.53312E+01
 6.00000E+01 1.69556E+01
