# p + 115Sn: Production of 112In - Total
# Q-value    = 2.82034E+00 mass= 111.905539
# E-threshold= 0.00000E+00
# # energies =   103
#     E          xs
 1.00000E-11 0.00000E+00
 2.53000E-08 0.00000E+00
 2.00000E-07 0.00000E+00
 1.00000E-06 0.00000E+00
 1.00000E-05 0.00000E+00
 1.00000E-04 0.00000E+00
 1.00000E-03 0.00000E+00
 2.00000E-03 0.00000E+00
 4.00000E-03 0.00000E+00
 7.00000E-03 0.00000E+00
 1.00000E-02 0.00000E+00
 2.00000E-02 0.00000E+00
 4.00000E-02 0.00000E+00
 7.00000E-02 0.00000E+00
 1.00000E-01 0.00000E+00
 2.00000E-01 0.00000E+00
 3.00000E-01 0.00000E+00
 4.00000E-01 0.00000E+00
 5.00000E-01 0.00000E+00
 6.00000E-01 0.00000E+00
 7.00000E-01 0.00000E+00
 8.00000E-01 0.00000E+00
 9.00000E-01 0.00000E+00
 1.00000E+00 0.00000E+00
 1.20000E+00 0.00000E+00
 1.40000E+00 0.00000E+00
 1.60000E+00 0.00000E+00
 1.80000E+00 1.00000E-07
 2.00000E+00 1.00000E-07
 2.20000E+00 1.00000E-07
 2.40000E+00 1.00000E-07
 2.60000E+00 1.00000E-07
 2.80000E+00 1.00000E-07
 3.00000E+00 1.00000E-07
 3.20000E+00 1.00000E-07
 3.40000E+00 1.00000E-07
 3.60000E+00 1.00000E-07
 3.80000E+00 1.00000E-07
 4.00000E+00 1.00000E-07
 4.20000E+00 1.00000E-07
 4.40000E+00 1.00000E-07
 4.60000E+00 1.00000E-07
 4.80000E+00 1.00000E-07
 5.00000E+00 1.00000E-07
 5.20000E+00 1.00000E-07
 5.40000E+00 1.00000E-07
 5.60000E+00 1.00000E-07
 5.80000E+00 1.00000E-07
 6.00000E+00 1.44424E-03
 6.20000E+00 2.27119E-03
 6.40000E+00 3.51163E-03
 6.60000E+00 5.32069E-03
 6.80000E+00 7.60276E-03
 7.00000E+00 1.06525E-02
 7.20000E+00 1.44316E-02
 7.40000E+00 1.92801E-02
 7.60000E+00 2.56419E-02
 7.80000E+00 3.31517E-02
 8.00000E+00 4.25051E-02
 8.50000E+00 7.84899E-02
 9.00000E+00 1.38651E-01
 9.50000E+00 2.29662E-01
 1.00000E+01 3.51928E-01
 1.05000E+01 5.08342E-01
 1.10000E+01 7.01403E-01
 1.15000E+01 9.38993E-01
 1.20000E+01 1.22877E+00
 1.25000E+01 1.58177E+00
 1.30000E+01 2.00853E+00
 1.35000E+01 2.51787E+00
 1.40000E+01 3.10754E+00
 1.45000E+01 3.78125E+00
 1.50000E+01 4.51590E+00
 1.60000E+01 6.13430E+00
 1.70000E+01 7.78787E+00
 1.80000E+01 9.38334E+00
 1.90000E+01 1.13455E+01
 2.00000E+01 1.69634E+01
 2.10000E+01 1.82767E+01
 2.20000E+01 1.88122E+01
 2.30000E+01 1.35720E+01
 2.40000E+01 9.69284E+00
 2.50000E+01 8.22003E+00
 2.60000E+01 7.31750E+00
 2.70000E+01 6.38850E+00
 2.80000E+01 5.76451E+00
 2.90000E+01 5.22826E+00
 3.00000E+01 4.63421E+00
 3.20000E+01 3.88144E+00
 3.40000E+01 3.56376E+00
 3.60000E+01 3.89501E+00
 3.80000E+01 4.85284E+00
 4.00000E+01 6.66305E+00
 4.20000E+01 9.46578E+00
 4.40000E+01 1.28989E+01
 4.60000E+01 1.67170E+01
 4.80000E+01 1.99591E+01
 5.00000E+01 2.28221E+01
 5.20000E+01 2.52017E+01
 5.40000E+01 2.68975E+01
 5.60000E+01 2.70890E+01
 5.80000E+01 2.64242E+01
 6.00000E+01 2.71466E+01
