# p + 112Sn: Production of 105Ag - Level  1     0.02548 MeV
# Q-value    = 8.29466E-01 mass= 104.906526
# E-threshold= 0.00000E+00
# # energies =   103
#     E          xs      Branching
 1.00000E-11 0.00000E+00 0.00000E+00
 2.53000E-08 0.00000E+00 0.00000E+00
 2.00000E-07 0.00000E+00 0.00000E+00
 1.00000E-06 0.00000E+00 0.00000E+00
 1.00000E-05 0.00000E+00 0.00000E+00
 1.00000E-04 0.00000E+00 0.00000E+00
 1.00000E-03 0.00000E+00 0.00000E+00
 2.00000E-03 0.00000E+00 0.00000E+00
 4.00000E-03 0.00000E+00 0.00000E+00
 7.00000E-03 0.00000E+00 0.00000E+00
 1.00000E-02 0.00000E+00 0.00000E+00
 2.00000E-02 0.00000E+00 0.00000E+00
 4.00000E-02 0.00000E+00 0.00000E+00
 7.00000E-02 0.00000E+00 0.00000E+00
 1.00000E-01 0.00000E+00 0.00000E+00
 2.00000E-01 0.00000E+00 0.00000E+00
 3.00000E-01 0.00000E+00 0.00000E+00
 4.00000E-01 0.00000E+00 0.00000E+00
 5.00000E-01 0.00000E+00 0.00000E+00
 6.00000E-01 0.00000E+00 0.00000E+00
 7.00000E-01 0.00000E+00 0.00000E+00
 8.00000E-01 0.00000E+00 0.00000E+00
 9.00000E-01 0.00000E+00 0.00000E+00
 1.00000E+00 0.00000E+00 0.00000E+00
 1.20000E+00 0.00000E+00 0.00000E+00
 1.40000E+00 0.00000E+00 0.00000E+00
 1.60000E+00 0.00000E+00 0.00000E+00
 1.80000E+00 0.00000E+00 0.00000E+00
 2.00000E+00 0.00000E+00 0.00000E+00
 2.20000E+00 0.00000E+00 0.00000E+00
 2.40000E+00 0.00000E+00 0.00000E+00
 2.60000E+00 0.00000E+00 0.00000E+00
 2.80000E+00 0.00000E+00 0.00000E+00
 3.00000E+00 0.00000E+00 0.00000E+00
 3.20000E+00 0.00000E+00 0.00000E+00
 3.40000E+00 0.00000E+00 0.00000E+00
 3.60000E+00 0.00000E+00 0.00000E+00
 3.80000E+00 0.00000E+00 0.00000E+00
 4.00000E+00 0.00000E+00 0.00000E+00
 4.20000E+00 0.00000E+00 0.00000E+00
 4.40000E+00 0.00000E+00 0.00000E+00
 4.60000E+00 0.00000E+00 0.00000E+00
 4.80000E+00 0.00000E+00 0.00000E+00
 5.00000E+00 0.00000E+00 0.00000E+00
 5.20000E+00 0.00000E+00 0.00000E+00
 5.40000E+00 0.00000E+00 0.00000E+00
 5.60000E+00 0.00000E+00 0.00000E+00
 5.80000E+00 0.00000E+00 0.00000E+00
 6.00000E+00 0.00000E+00 0.00000E+00
 6.20000E+00 0.00000E+00 0.00000E+00
 6.40000E+00 0.00000E+00 0.00000E+00
 6.60000E+00 0.00000E+00 0.00000E+00
 6.80000E+00 0.00000E+00 0.00000E+00
 7.00000E+00 0.00000E+00 0.00000E+00
 7.20000E+00 0.00000E+00 0.00000E+00
 7.40000E+00 0.00000E+00 0.00000E+00
 7.60000E+00 0.00000E+00 0.00000E+00
 7.80000E+00 0.00000E+00 0.00000E+00
 8.00000E+00 0.00000E+00 0.00000E+00
 8.50000E+00 0.00000E+00 0.00000E+00
 9.00000E+00 0.00000E+00 0.00000E+00
 9.50000E+00 0.00000E+00 0.00000E+00
 1.00000E+01 0.00000E+00 0.00000E+00
 1.05000E+01 0.00000E+00 0.00000E+00
 1.10000E+01 0.00000E+00 0.00000E+00
 1.15000E+01 0.00000E+00 0.00000E+00
 1.20000E+01 0.00000E+00 0.00000E+00
 1.25000E+01 0.00000E+00 0.00000E+00
 1.30000E+01 0.00000E+00 0.00000E+00
 1.35000E+01 1.27116E-10 0.00000E+00
 1.40000E+01 5.10443E-10 0.00000E+00
 1.45000E+01 1.59496E-08 0.00000E+00
 1.50000E+01 7.28815E-08 0.00000E+00
 1.60000E+01 1.12826E-06 0.00000E+00
 1.70000E+01 7.73223E-06 0.00000E+00
 1.80000E+01 2.93827E-05 0.00000E+00
 1.90000E+01 9.35406E-05 0.00000E+00
 2.00000E+01 2.43198E-04 0.00000E+00
 2.10000E+01 1.41929E-03 7.37990E-01
 2.20000E+01 2.99272E-03 7.37237E-01
 2.30000E+01 5.90525E-03 7.48199E-01
 2.40000E+01 1.05696E-02 7.55971E-01
 2.50000E+01 1.72039E-02 7.65401E-01
 2.60000E+01 2.53594E-02 7.75337E-01
 2.70000E+01 3.46925E-02 7.87043E-01
 2.80000E+01 4.52067E-02 8.00767E-01
 2.90000E+01 5.73456E-02 8.15820E-01
 3.00000E+01 7.18654E-02 8.30810E-01
 3.20000E+01 1.11800E-01 8.57609E-01
 3.40000E+01 1.56136E-01 8.75421E-01
 3.60000E+01 1.94576E-01 8.88747E-01
 3.80000E+01 1.59261E-01 9.05472E-01
 4.00000E+01 9.94352E-02 9.02299E-01
 4.20000E+01 7.83910E-02 9.06986E-01
 4.40000E+01 6.39251E-02 9.10597E-01
 4.60000E+01 3.83151E-02 9.18191E-01
 4.80000E+01 3.09296E-02 9.06352E-01
 5.00000E+01 3.82737E-02 9.00619E-01
 5.20000E+01 7.17189E-02 8.89008E-01
 5.40000E+01 1.97738E-01 9.00122E-01
 5.60000E+01 5.76701E-01 9.03254E-01
 5.80000E+01 1.32164E+00 8.96412E-01
 6.00000E+01 2.29570E+00 8.92729E-01
