# p + 118Sn: Production of 115In - Ground state
# Q-value    = 2.74757E+00 mass= 114.903879
# E-threshold= 0.00000E+00
# # energies =   103
#     E          xs      Branching
 1.00000E-11 0.00000E+00 0.00000E+00
 2.53000E-08 0.00000E+00 0.00000E+00
 2.00000E-07 0.00000E+00 0.00000E+00
 1.00000E-06 0.00000E+00 0.00000E+00
 1.00000E-05 0.00000E+00 0.00000E+00
 1.00000E-04 0.00000E+00 0.00000E+00
 1.00000E-03 0.00000E+00 0.00000E+00
 2.00000E-03 0.00000E+00 0.00000E+00
 4.00000E-03 0.00000E+00 0.00000E+00
 7.00000E-03 0.00000E+00 0.00000E+00
 1.00000E-02 0.00000E+00 0.00000E+00
 2.00000E-02 0.00000E+00 0.00000E+00
 4.00000E-02 0.00000E+00 0.00000E+00
 7.00000E-02 0.00000E+00 0.00000E+00
 1.00000E-01 0.00000E+00 0.00000E+00
 2.00000E-01 0.00000E+00 0.00000E+00
 3.00000E-01 0.00000E+00 0.00000E+00
 4.00000E-01 0.00000E+00 0.00000E+00
 5.00000E-01 0.00000E+00 0.00000E+00
 6.00000E-01 0.00000E+00 0.00000E+00
 7.00000E-01 0.00000E+00 0.00000E+00
 8.00000E-01 0.00000E+00 0.00000E+00
 9.00000E-01 0.00000E+00 0.00000E+00
 1.00000E+00 0.00000E+00 0.00000E+00
 1.20000E+00 0.00000E+00 0.00000E+00
 1.40000E+00 0.00000E+00 0.00000E+00
 1.60000E+00 0.00000E+00 0.00000E+00
 1.80000E+00 0.00000E+00 0.00000E+00
 2.00000E+00 0.00000E+00 0.00000E+00
 2.20000E+00 0.00000E+00 0.00000E+00
 2.40000E+00 0.00000E+00 0.00000E+00
 2.60000E+00 0.00000E+00 0.00000E+00
 2.80000E+00 0.00000E+00 0.00000E+00
 3.00000E+00 0.00000E+00 0.00000E+00
 3.20000E+00 0.00000E+00 0.00000E+00
 3.40000E+00 0.00000E+00 0.00000E+00
 3.60000E+00 0.00000E+00 0.00000E+00
 3.80000E+00 0.00000E+00 0.00000E+00
 4.00000E+00 0.00000E+00 0.00000E+00
 4.20000E+00 0.00000E+00 0.00000E+00
 4.40000E+00 1.16812E-06 0.00000E+00
 4.60000E+00 1.46203E-06 0.00000E+00
 4.80000E+00 1.79330E-06 0.00000E+00
 5.00000E+00 3.19293E-06 0.00000E+00
 5.20000E+00 4.84542E-06 0.00000E+00
 5.40000E+00 8.17828E-06 0.00000E+00
 5.60000E+00 1.35348E-05 0.00000E+00
 5.80000E+00 1.91131E-05 0.00000E+00
 6.00000E+00 3.18175E-05 0.00000E+00
 6.20000E+00 4.52329E-05 0.00000E+00
 6.40000E+00 6.45971E-05 0.00000E+00
 6.60000E+00 9.23813E-05 0.00000E+00
 6.80000E+00 1.18409E-04 0.00000E+00
 7.00000E+00 1.73211E-04 0.00000E+00
 7.20000E+00 4.13736E-04 3.88573E-01
 7.40000E+00 5.74644E-04 3.90958E-01
 7.60000E+00 8.03371E-04 4.03683E-01
 7.80000E+00 1.04422E-03 3.96313E-01
 8.00000E+00 1.50675E-03 4.20264E-01
 8.50000E+00 2.99852E-03 4.29126E-01
 9.00000E+00 5.27266E-03 4.29710E-01
 9.50000E+00 8.70385E-03 4.44521E-01
 1.00000E+01 1.34779E-02 4.65996E-01
 1.05000E+01 2.00935E-02 4.93301E-01
 1.10000E+01 2.95121E-02 5.26153E-01
 1.15000E+01 4.33579E-02 5.62455E-01
 1.20000E+01 6.42884E-02 5.98661E-01
 1.25000E+01 9.31225E-02 6.30059E-01
 1.30000E+01 1.37766E-01 6.56691E-01
 1.35000E+01 2.01154E-01 6.77513E-01
 1.40000E+01 2.87992E-01 6.93731E-01
 1.45000E+01 4.03146E-01 7.06467E-01
 1.50000E+01 5.50659E-01 7.16230E-01
 1.60000E+01 9.62644E-01 7.32353E-01
 1.70000E+01 1.57602E+00 7.44831E-01
 1.80000E+01 2.49047E+00 7.54263E-01
 1.90000E+01 4.10116E+00 7.49983E-01
 2.00000E+01 7.64468E+00 7.52109E-01
 2.10000E+01 8.86234E+00 7.50881E-01
 2.20000E+01 9.34674E+00 7.45381E-01
 2.30000E+01 5.89722E+00 7.43884E-01
 2.40000E+01 4.80688E+00 7.40961E-01
 2.50000E+01 4.16772E+00 7.36970E-01
 2.60000E+01 3.66206E+00 7.36059E-01
 2.70000E+01 3.28993E+00 7.33568E-01
 2.80000E+01 2.93810E+00 7.35829E-01
 2.90000E+01 2.65000E+00 7.34200E-01
 3.00000E+01 2.35794E+00 7.29432E-01
 3.20000E+01 1.98082E+00 7.33002E-01
 3.40000E+01 1.78832E+00 7.33733E-01
 3.60000E+01 1.97726E+00 7.35817E-01
 3.80000E+01 2.28900E+00 7.30379E-01
 4.00000E+01 2.87017E+00 7.25862E-01
 4.20000E+01 3.58303E+00 7.26684E-01
 4.40000E+01 4.28496E+00 7.19512E-01
 4.60000E+01 5.18604E+00 7.29208E-01
 4.80000E+01 5.85267E+00 7.21455E-01
 5.00000E+01 6.89810E+00 7.36990E-01
 5.20000E+01 8.10082E+00 7.40430E-01
 5.40000E+01 9.12337E+00 7.38646E-01
 5.60000E+01 1.04472E+01 7.50602E-01
 5.80000E+01 1.15124E+01 7.47816E-01
 6.00000E+01 1.28663E+01 7.46919E-01
