# p + 115Sn: Production of 110In - Ground state
# Q-value    =-1.48425E+01 mass= 109.907171
# E-threshold= 1.49726E+01
# # energies =   103
#     E          xs      Branching
 1.00000E-11 0.00000E+00 0.00000E+00
 2.53000E-08 0.00000E+00 0.00000E+00
 2.00000E-07 0.00000E+00 0.00000E+00
 1.00000E-06 0.00000E+00 0.00000E+00
 1.00000E-05 0.00000E+00 0.00000E+00
 1.00000E-04 0.00000E+00 0.00000E+00
 1.00000E-03 0.00000E+00 0.00000E+00
 2.00000E-03 0.00000E+00 0.00000E+00
 4.00000E-03 0.00000E+00 0.00000E+00
 7.00000E-03 0.00000E+00 0.00000E+00
 1.00000E-02 0.00000E+00 0.00000E+00
 2.00000E-02 0.00000E+00 0.00000E+00
 4.00000E-02 0.00000E+00 0.00000E+00
 7.00000E-02 0.00000E+00 0.00000E+00
 1.00000E-01 0.00000E+00 0.00000E+00
 2.00000E-01 0.00000E+00 0.00000E+00
 3.00000E-01 0.00000E+00 0.00000E+00
 4.00000E-01 0.00000E+00 0.00000E+00
 5.00000E-01 0.00000E+00 0.00000E+00
 6.00000E-01 0.00000E+00 0.00000E+00
 7.00000E-01 0.00000E+00 0.00000E+00
 8.00000E-01 0.00000E+00 0.00000E+00
 9.00000E-01 0.00000E+00 0.00000E+00
 1.00000E+00 0.00000E+00 0.00000E+00
 1.20000E+00 0.00000E+00 0.00000E+00
 1.40000E+00 0.00000E+00 0.00000E+00
 1.60000E+00 0.00000E+00 0.00000E+00
 1.80000E+00 0.00000E+00 0.00000E+00
 2.00000E+00 0.00000E+00 0.00000E+00
 2.20000E+00 0.00000E+00 0.00000E+00
 2.40000E+00 0.00000E+00 0.00000E+00
 2.60000E+00 0.00000E+00 0.00000E+00
 2.80000E+00 0.00000E+00 0.00000E+00
 3.00000E+00 0.00000E+00 0.00000E+00
 3.20000E+00 0.00000E+00 0.00000E+00
 3.40000E+00 0.00000E+00 0.00000E+00
 3.60000E+00 0.00000E+00 0.00000E+00
 3.80000E+00 0.00000E+00 0.00000E+00
 4.00000E+00 0.00000E+00 0.00000E+00
 4.20000E+00 0.00000E+00 0.00000E+00
 4.40000E+00 0.00000E+00 0.00000E+00
 4.60000E+00 0.00000E+00 0.00000E+00
 4.80000E+00 0.00000E+00 0.00000E+00
 5.00000E+00 0.00000E+00 0.00000E+00
 5.20000E+00 0.00000E+00 0.00000E+00
 5.40000E+00 0.00000E+00 0.00000E+00
 5.60000E+00 0.00000E+00 0.00000E+00
 5.80000E+00 0.00000E+00 0.00000E+00
 6.00000E+00 0.00000E+00 0.00000E+00
 6.20000E+00 0.00000E+00 0.00000E+00
 6.40000E+00 0.00000E+00 0.00000E+00
 6.60000E+00 0.00000E+00 0.00000E+00
 6.80000E+00 0.00000E+00 0.00000E+00
 7.00000E+00 0.00000E+00 0.00000E+00
 7.20000E+00 0.00000E+00 0.00000E+00
 7.40000E+00 0.00000E+00 0.00000E+00
 7.60000E+00 0.00000E+00 0.00000E+00
 7.80000E+00 0.00000E+00 0.00000E+00
 8.00000E+00 0.00000E+00 0.00000E+00
 8.50000E+00 0.00000E+00 0.00000E+00
 9.00000E+00 0.00000E+00 0.00000E+00
 9.50000E+00 0.00000E+00 0.00000E+00
 1.00000E+01 0.00000E+00 0.00000E+00
 1.05000E+01 0.00000E+00 0.00000E+00
 1.10000E+01 0.00000E+00 0.00000E+00
 1.15000E+01 0.00000E+00 0.00000E+00
 1.20000E+01 0.00000E+00 0.00000E+00
 1.25000E+01 0.00000E+00 0.00000E+00
 1.30000E+01 0.00000E+00 0.00000E+00
 1.35000E+01 0.00000E+00 0.00000E+00
 1.40000E+01 0.00000E+00 0.00000E+00
 1.45000E+01 0.00000E+00 0.00000E+00
 1.50000E+01 0.00000E+00 0.00000E+00
 1.60000E+01 0.00000E+00 0.00000E+00
 1.70000E+01 0.00000E+00 0.00000E+00
 1.80000E+01 0.00000E+00 0.00000E+00
 1.90000E+01 0.00000E+00 0.00000E+00
 2.00000E+01 0.00000E+00 0.00000E+00
 2.10000E+01 0.00000E+00 0.00000E+00
 2.20000E+01 0.00000E+00 0.00000E+00
 2.30000E+01 0.00000E+00 0.00000E+00
 2.40000E+01 2.39289E-03 5.12656E-01
 2.50000E+01 1.75400E-02 4.99026E-01
 2.60000E+01 7.07300E-02 4.64491E-01
 2.70000E+01 2.34518E-01 4.31487E-01
 2.80000E+01 7.76152E-01 4.57083E-01
 2.90000E+01 1.81299E+00 4.39371E-01
 3.00000E+01 3.47823E+00 4.18407E-01
 3.20000E+01 8.13096E+00 4.20993E-01
 3.40000E+01 1.27189E+01 4.30295E-01
 3.60000E+01 1.62234E+01 4.40447E-01
 3.80000E+01 1.81771E+01 4.49549E-01
 4.00000E+01 1.83467E+01 4.61011E-01
 4.20000E+01 1.64217E+01 4.68079E-01
 4.40000E+01 1.32972E+01 4.69065E-01
 4.60000E+01 1.03757E+01 4.55835E-01
 4.80000E+01 8.07617E+00 4.45516E-01
 5.00000E+01 6.47301E+00 4.25005E-01
 5.20000E+01 5.47551E+00 4.25142E-01
 5.40000E+01 4.87153E+00 4.14302E-01
 5.60000E+01 4.84255E+00 4.16436E-01
 5.80000E+01 4.96011E+00 4.25456E-01
 6.00000E+01 6.15460E+00 4.50537E-01
