# p + 120Sn: Production of 117In - Ground state
# Q-value    = 2.70935E+00 mass= 116.904516
# E-threshold= 0.00000E+00
# # energies =   103
#     E          xs      Branching
 1.00000E-11 0.00000E+00 0.00000E+00
 2.53000E-08 0.00000E+00 0.00000E+00
 2.00000E-07 0.00000E+00 0.00000E+00
 1.00000E-06 0.00000E+00 0.00000E+00
 1.00000E-05 0.00000E+00 0.00000E+00
 1.00000E-04 0.00000E+00 0.00000E+00
 1.00000E-03 0.00000E+00 0.00000E+00
 2.00000E-03 0.00000E+00 0.00000E+00
 4.00000E-03 0.00000E+00 0.00000E+00
 7.00000E-03 0.00000E+00 0.00000E+00
 1.00000E-02 0.00000E+00 0.00000E+00
 2.00000E-02 0.00000E+00 0.00000E+00
 4.00000E-02 0.00000E+00 0.00000E+00
 7.00000E-02 0.00000E+00 0.00000E+00
 1.00000E-01 0.00000E+00 0.00000E+00
 2.00000E-01 0.00000E+00 0.00000E+00
 3.00000E-01 0.00000E+00 0.00000E+00
 4.00000E-01 0.00000E+00 0.00000E+00
 5.00000E-01 0.00000E+00 0.00000E+00
 6.00000E-01 0.00000E+00 0.00000E+00
 7.00000E-01 0.00000E+00 0.00000E+00
 8.00000E-01 0.00000E+00 0.00000E+00
 9.00000E-01 0.00000E+00 0.00000E+00
 1.00000E+00 0.00000E+00 0.00000E+00
 1.20000E+00 0.00000E+00 0.00000E+00
 1.40000E+00 0.00000E+00 0.00000E+00
 1.60000E+00 0.00000E+00 0.00000E+00
 1.80000E+00 0.00000E+00 0.00000E+00
 2.00000E+00 0.00000E+00 0.00000E+00
 2.20000E+00 0.00000E+00 0.00000E+00
 2.40000E+00 0.00000E+00 0.00000E+00
 2.60000E+00 0.00000E+00 0.00000E+00
 2.80000E+00 0.00000E+00 0.00000E+00
 3.00000E+00 0.00000E+00 0.00000E+00
 3.20000E+00 0.00000E+00 0.00000E+00
 3.40000E+00 0.00000E+00 0.00000E+00
 3.60000E+00 0.00000E+00 0.00000E+00
 3.80000E+00 0.00000E+00 0.00000E+00
 4.00000E+00 0.00000E+00 0.00000E+00
 4.20000E+00 0.00000E+00 0.00000E+00
 4.40000E+00 1.38200E-08 0.00000E+00
 4.60000E+00 3.19181E-08 0.00000E+00
 4.80000E+00 5.63957E-08 0.00000E+00
 5.00000E+00 1.63872E-07 0.00000E+00
 5.20000E+00 3.01794E-07 0.00000E+00
 5.40000E+00 5.44143E-07 0.00000E+00
 5.60000E+00 1.03556E-06 0.00000E+00
 5.80000E+00 1.62413E-06 0.00000E+00
 6.00000E+00 2.92482E-06 0.00000E+00
 6.20000E+00 4.63810E-06 0.00000E+00
 6.40000E+00 7.01402E-06 0.00000E+00
 6.60000E+00 1.12862E-05 0.00000E+00
 6.80000E+00 1.57864E-05 0.00000E+00
 7.00000E+00 2.44719E-05 0.00000E+00
 7.20000E+00 3.51502E-05 0.00000E+00
 7.40000E+00 4.94225E-05 0.00000E+00
 7.60000E+00 7.83169E-05 0.00000E+00
 7.80000E+00 1.06951E-04 0.00000E+00
 8.00000E+00 1.57129E-04 0.00000E+00
 8.50000E+00 6.49628E-04 4.10329E-01
 9.00000E+00 1.26829E-03 4.20032E-01
 9.50000E+00 2.26987E-03 4.43088E-01
 1.00000E+01 3.75536E-03 4.69777E-01
 1.05000E+01 6.17122E-03 5.05952E-01
 1.10000E+01 1.01872E-02 5.48631E-01
 1.15000E+01 1.70368E-02 5.92982E-01
 1.20000E+01 2.86469E-02 6.33401E-01
 1.25000E+01 4.78884E-02 6.66361E-01
 1.30000E+01 7.82145E-02 6.91981E-01
 1.35000E+01 1.23462E-01 7.11717E-01
 1.40000E+01 1.87852E-01 7.27669E-01
 1.45000E+01 2.75407E-01 7.40899E-01
 1.50000E+01 3.90615E-01 7.52355E-01
 1.60000E+01 7.26213E-01 7.72264E-01
 1.70000E+01 1.25354E+00 7.89113E-01
 1.80000E+01 2.13361E+00 8.04928E-01
 1.90000E+01 3.98085E+00 8.16640E-01
 2.00000E+01 7.71929E+00 8.28091E-01
 2.10000E+01 9.16011E+00 8.35328E-01
 2.20000E+01 9.33896E+00 8.39318E-01
 2.30000E+01 6.06300E+00 8.46142E-01
 2.40000E+01 4.92281E+00 8.47239E-01
 2.50000E+01 4.38234E+00 8.53457E-01
 2.60000E+01 3.79951E+00 8.54126E-01
 2.70000E+01 3.44607E+00 8.56010E-01
 2.80000E+01 3.06415E+00 8.58539E-01
 2.90000E+01 2.70990E+00 8.56410E-01
 3.00000E+01 2.54369E+00 8.60771E-01
 3.20000E+01 1.66786E+00 7.10751E-01
 3.40000E+01 1.60389E+00 7.19831E-01
 3.60000E+01 1.63558E+00 7.17957E-01
 3.80000E+01 2.05213E+00 7.26052E-01
 4.00000E+01 2.50019E+00 7.23155E-01
 4.20000E+01 3.07100E+00 7.16201E-01
 4.40000E+01 3.76486E+00 7.22818E-01
 4.60000E+01 4.15266E+00 7.15582E-01
 4.80000E+01 4.89608E+00 7.25417E-01
 5.00000E+01 5.82790E+00 7.28537E-01
 5.20000E+01 6.64707E+00 7.29189E-01
 5.40000E+01 7.71558E+00 7.45163E-01
 5.60000E+01 8.80000E+00 7.47142E-01
 5.80000E+01 1.00430E+01 7.46424E-01
 6.00000E+01 1.11843E+01 7.48790E-01
