# p + 118Sn: Production of 115In - Level  1     0.33624 MeV
# Q-value    = 2.41133E+00 mass= 114.903879
# E-threshold= 0.00000E+00
# # energies =   103
#     E          xs      Branching
 1.00000E-11 0.00000E+00 0.00000E+00
 2.53000E-08 0.00000E+00 0.00000E+00
 2.00000E-07 0.00000E+00 0.00000E+00
 1.00000E-06 0.00000E+00 0.00000E+00
 1.00000E-05 0.00000E+00 0.00000E+00
 1.00000E-04 0.00000E+00 0.00000E+00
 1.00000E-03 0.00000E+00 0.00000E+00
 2.00000E-03 0.00000E+00 0.00000E+00
 4.00000E-03 0.00000E+00 0.00000E+00
 7.00000E-03 0.00000E+00 0.00000E+00
 1.00000E-02 0.00000E+00 0.00000E+00
 2.00000E-02 0.00000E+00 0.00000E+00
 4.00000E-02 0.00000E+00 0.00000E+00
 7.00000E-02 0.00000E+00 0.00000E+00
 1.00000E-01 0.00000E+00 0.00000E+00
 2.00000E-01 0.00000E+00 0.00000E+00
 3.00000E-01 0.00000E+00 0.00000E+00
 4.00000E-01 0.00000E+00 0.00000E+00
 5.00000E-01 0.00000E+00 0.00000E+00
 6.00000E-01 0.00000E+00 0.00000E+00
 7.00000E-01 0.00000E+00 0.00000E+00
 8.00000E-01 0.00000E+00 0.00000E+00
 9.00000E-01 0.00000E+00 0.00000E+00
 1.00000E+00 0.00000E+00 0.00000E+00
 1.20000E+00 0.00000E+00 0.00000E+00
 1.40000E+00 0.00000E+00 0.00000E+00
 1.60000E+00 0.00000E+00 0.00000E+00
 1.80000E+00 0.00000E+00 0.00000E+00
 2.00000E+00 0.00000E+00 0.00000E+00
 2.20000E+00 0.00000E+00 0.00000E+00
 2.40000E+00 0.00000E+00 0.00000E+00
 2.60000E+00 0.00000E+00 0.00000E+00
 2.80000E+00 0.00000E+00 0.00000E+00
 3.00000E+00 0.00000E+00 0.00000E+00
 3.20000E+00 0.00000E+00 0.00000E+00
 3.40000E+00 0.00000E+00 0.00000E+00
 3.60000E+00 0.00000E+00 0.00000E+00
 3.80000E+00 0.00000E+00 0.00000E+00
 4.00000E+00 0.00000E+00 0.00000E+00
 4.20000E+00 0.00000E+00 0.00000E+00
 4.40000E+00 0.00000E+00 0.00000E+00
 4.60000E+00 0.00000E+00 0.00000E+00
 4.80000E+00 1.23013E-06 0.00000E+00
 5.00000E+00 1.59016E-06 0.00000E+00
 5.20000E+00 2.50955E-06 0.00000E+00
 5.40000E+00 4.62162E-06 0.00000E+00
 5.60000E+00 6.90689E-06 0.00000E+00
 5.80000E+00 1.28526E-05 0.00000E+00
 6.00000E+00 2.03274E-05 0.00000E+00
 6.20000E+00 3.08344E-05 0.00000E+00
 6.40000E+00 4.98598E-05 0.00000E+00
 6.60000E+00 6.83465E-05 0.00000E+00
 6.80000E+00 1.03435E-04 0.00000E+00
 7.00000E+00 1.42322E-04 0.00000E+00
 7.20000E+00 6.51021E-04 6.11427E-01
 7.40000E+00 8.95191E-04 6.09042E-01
 7.60000E+00 1.18673E-03 5.96317E-01
 7.80000E+00 1.59062E-03 6.03687E-01
 8.00000E+00 2.07849E-03 5.79736E-01
 8.50000E+00 3.98899E-03 5.70874E-01
 9.00000E+00 6.99761E-03 5.70290E-01
 9.50000E+00 1.08765E-02 5.55479E-01
 1.00000E+01 1.54449E-02 5.34004E-01
 1.05000E+01 2.06393E-02 5.06699E-01
 1.10000E+01 2.65783E-02 4.73847E-01
 1.15000E+01 3.37290E-02 4.37545E-01
 1.20000E+01 4.30985E-02 4.01339E-01
 1.25000E+01 5.46770E-02 3.69941E-01
 1.30000E+01 7.20224E-02 3.43309E-01
 1.35000E+01 9.57464E-02 3.22487E-01
 1.40000E+01 1.27143E-01 3.06269E-01
 1.45000E+01 1.67505E-01 2.93533E-01
 1.50000E+01 2.18171E-01 2.83770E-01
 1.60000E+01 3.51809E-01 2.67647E-01
 1.70000E+01 5.39922E-01 2.55169E-01
 1.80000E+01 8.11387E-01 2.45737E-01
 1.90000E+01 1.36718E+00 2.50017E-01
 2.00000E+01 2.51964E+00 2.47891E-01
 2.10000E+01 2.94025E+00 2.49119E-01
 2.20000E+01 3.19281E+00 2.54619E-01
 2.30000E+01 2.03039E+00 2.56116E-01
 2.40000E+01 1.68048E+00 2.59039E-01
 2.50000E+01 1.48749E+00 2.63030E-01
 2.60000E+01 1.31316E+00 2.63941E-01
 2.70000E+01 1.19490E+00 2.66432E-01
 2.80000E+01 1.05481E+00 2.64171E-01
 2.90000E+01 9.59372E-01 2.65800E-01
 3.00000E+01 8.74631E-01 2.70568E-01
 3.20000E+01 7.21521E-01 2.66998E-01
 3.40000E+01 6.48969E-01 2.66266E-01
 3.60000E+01 7.09901E-01 2.64183E-01
 3.80000E+01 8.44991E-01 2.69621E-01
 4.00000E+01 1.08399E+00 2.74138E-01
 4.20000E+01 1.34763E+00 2.73316E-01
 4.40000E+01 1.67041E+00 2.80488E-01
 4.60000E+01 1.92584E+00 2.70792E-01
 4.80000E+01 2.25964E+00 2.78545E-01
 5.00000E+01 2.46173E+00 2.63010E-01
 5.20000E+01 2.83988E+00 2.59570E-01
 5.40000E+01 3.22811E+00 2.61354E-01
 5.60000E+01 3.47122E+00 2.49398E-01
 5.80000E+01 3.88231E+00 2.52184E-01
 6.00000E+01 4.35955E+00 2.53081E-01
