# p + 117Sn: Production of 113In - Total
# Q-value    =-4.23788E+00 mass= 112.904060
# E-threshold= 4.27440E+00
# # energies =   103
#     E          xs
 1.00000E-11 0.00000E+00
 2.53000E-08 0.00000E+00
 2.00000E-07 0.00000E+00
 1.00000E-06 0.00000E+00
 1.00000E-05 0.00000E+00
 1.00000E-04 0.00000E+00
 1.00000E-03 0.00000E+00
 2.00000E-03 0.00000E+00
 4.00000E-03 0.00000E+00
 7.00000E-03 0.00000E+00
 1.00000E-02 0.00000E+00
 2.00000E-02 0.00000E+00
 4.00000E-02 0.00000E+00
 7.00000E-02 0.00000E+00
 1.00000E-01 0.00000E+00
 2.00000E-01 0.00000E+00
 3.00000E-01 0.00000E+00
 4.00000E-01 0.00000E+00
 5.00000E-01 0.00000E+00
 6.00000E-01 0.00000E+00
 7.00000E-01 0.00000E+00
 8.00000E-01 0.00000E+00
 9.00000E-01 0.00000E+00
 1.00000E+00 0.00000E+00
 1.20000E+00 0.00000E+00
 1.40000E+00 0.00000E+00
 1.60000E+00 0.00000E+00
 1.80000E+00 0.00000E+00
 2.00000E+00 0.00000E+00
 2.20000E+00 0.00000E+00
 2.40000E+00 0.00000E+00
 2.60000E+00 0.00000E+00
 2.80000E+00 0.00000E+00
 3.00000E+00 0.00000E+00
 3.20000E+00 0.00000E+00
 3.40000E+00 0.00000E+00
 3.60000E+00 0.00000E+00
 3.80000E+00 0.00000E+00
 4.00000E+00 0.00000E+00
 4.20000E+00 0.00000E+00
 4.40000E+00 0.00000E+00
 4.60000E+00 0.00000E+00
 4.80000E+00 0.00000E+00
 5.00000E+00 0.00000E+00
 5.20000E+00 0.00000E+00
 5.40000E+00 0.00000E+00
 5.60000E+00 0.00000E+00
 5.80000E+00 0.00000E+00
 6.00000E+00 0.00000E+00
 6.20000E+00 0.00000E+00
 6.40000E+00 0.00000E+00
 6.60000E+00 0.00000E+00
 6.80000E+00 0.00000E+00
 7.00000E+00 0.00000E+00
 7.20000E+00 0.00000E+00
 7.40000E+00 0.00000E+00
 7.60000E+00 0.00000E+00
 7.80000E+00 0.00000E+00
 8.00000E+00 0.00000E+00
 8.50000E+00 0.00000E+00
 9.00000E+00 0.00000E+00
 9.50000E+00 0.00000E+00
 1.00000E+01 0.00000E+00
 1.05000E+01 0.00000E+00
 1.10000E+01 0.00000E+00
 1.15000E+01 0.00000E+00
 1.20000E+01 0.00000E+00
 1.25000E+01 1.85884E-03
 1.30000E+01 5.31047E-03
 1.35000E+01 9.74067E-03
 1.40000E+01 1.49226E-02
 1.45000E+01 2.44177E-02
 1.50000E+01 4.03608E-02
 1.60000E+01 1.41182E-01
 1.70000E+01 4.08438E-01
 1.80000E+01 9.03363E-01
 1.90000E+01 2.06419E+00
 2.00000E+01 4.20613E+00
 2.10000E+01 6.72109E+00
 2.20000E+01 8.66189E+00
 2.30000E+01 8.87351E+00
 2.40000E+01 9.90582E+00
 2.50000E+01 1.13539E+01
 2.60000E+01 1.26099E+01
 2.70000E+01 1.37187E+01
 2.80000E+01 1.46318E+01
 2.90000E+01 1.49179E+01
 3.00000E+01 1.47879E+01
 3.20000E+01 1.38112E+01
 3.40000E+01 1.23510E+01
 3.60000E+01 1.09710E+01
 3.80000E+01 9.54557E+00
 4.00000E+01 8.39384E+00
 4.20000E+01 7.28112E+00
 4.40000E+01 7.12784E+00
 4.60000E+01 7.24462E+00
 4.80000E+01 7.77897E+00
 5.00000E+01 8.51708E+00
 5.20000E+01 9.72413E+00
 5.40000E+01 1.15903E+01
 5.60000E+01 1.34146E+01
 5.80000E+01 1.51545E+01
 6.00000E+01 1.61397E+01
