# p + 116Sn: Production of 113In - Level  1     0.39170 MeV
# Q-value    = 2.31350E+00 mass= 112.904060
# E-threshold= 0.00000E+00
# # energies =   103
#     E          xs      Branching
 1.00000E-11 0.00000E+00 0.00000E+00
 2.53000E-08 0.00000E+00 0.00000E+00
 2.00000E-07 0.00000E+00 0.00000E+00
 1.00000E-06 0.00000E+00 0.00000E+00
 1.00000E-05 0.00000E+00 0.00000E+00
 1.00000E-04 0.00000E+00 0.00000E+00
 1.00000E-03 0.00000E+00 0.00000E+00
 2.00000E-03 0.00000E+00 0.00000E+00
 4.00000E-03 0.00000E+00 0.00000E+00
 7.00000E-03 0.00000E+00 0.00000E+00
 1.00000E-02 0.00000E+00 0.00000E+00
 2.00000E-02 0.00000E+00 0.00000E+00
 4.00000E-02 0.00000E+00 0.00000E+00
 7.00000E-02 0.00000E+00 0.00000E+00
 1.00000E-01 0.00000E+00 0.00000E+00
 2.00000E-01 0.00000E+00 0.00000E+00
 3.00000E-01 0.00000E+00 0.00000E+00
 4.00000E-01 0.00000E+00 0.00000E+00
 5.00000E-01 0.00000E+00 0.00000E+00
 6.00000E-01 0.00000E+00 0.00000E+00
 7.00000E-01 0.00000E+00 0.00000E+00
 8.00000E-01 0.00000E+00 0.00000E+00
 9.00000E-01 0.00000E+00 0.00000E+00
 1.00000E+00 0.00000E+00 0.00000E+00
 1.20000E+00 0.00000E+00 0.00000E+00
 1.40000E+00 0.00000E+00 0.00000E+00
 1.60000E+00 0.00000E+00 0.00000E+00
 1.80000E+00 0.00000E+00 0.00000E+00
 2.00000E+00 0.00000E+00 0.00000E+00
 2.20000E+00 0.00000E+00 0.00000E+00
 2.40000E+00 0.00000E+00 0.00000E+00
 2.60000E+00 0.00000E+00 0.00000E+00
 2.80000E+00 0.00000E+00 0.00000E+00
 3.00000E+00 0.00000E+00 0.00000E+00
 3.20000E+00 0.00000E+00 0.00000E+00
 3.40000E+00 0.00000E+00 0.00000E+00
 3.60000E+00 0.00000E+00 0.00000E+00
 3.80000E+00 0.00000E+00 0.00000E+00
 4.00000E+00 0.00000E+00 0.00000E+00
 4.20000E+00 0.00000E+00 0.00000E+00
 4.40000E+00 0.00000E+00 0.00000E+00
 4.60000E+00 0.00000E+00 0.00000E+00
 4.80000E+00 4.81307E-06 0.00000E+00
 5.00000E+00 1.31183E-05 0.00000E+00
 5.20000E+00 2.50525E-05 0.00000E+00
 5.40000E+00 6.94572E-05 0.00000E+00
 5.60000E+00 1.34269E-04 0.00000E+00
 5.80000E+00 1.52568E-04 0.00000E+00
 6.00000E+00 5.32187E-04 4.37940E-01
 6.20000E+00 7.36071E-04 4.71174E-01
 6.40000E+00 9.15138E-04 4.82801E-01
 6.60000E+00 1.26424E-03 4.86255E-01
 6.80000E+00 1.68345E-03 4.98880E-01
 7.00000E+00 2.29556E-03 5.03851E-01
 7.20000E+00 3.17100E-03 5.13519E-01
 7.40000E+00 4.19952E-03 5.23239E-01
 7.60000E+00 5.63894E-03 5.22487E-01
 7.80000E+00 7.27167E-03 5.26511E-01
 8.00000E+00 9.33124E-03 5.17850E-01
 8.50000E+00 1.71078E-02 5.11014E-01
 9.00000E+00 2.96948E-02 5.16241E-01
 9.50000E+00 4.58410E-02 5.10540E-01
 1.00000E+01 6.36606E-02 4.94810E-01
 1.05000E+01 8.20242E-02 4.73036E-01
 1.10000E+01 1.00310E-01 4.46698E-01
 1.15000E+01 1.18729E-01 4.17055E-01
 1.20000E+01 1.38479E-01 3.85767E-01
 1.25000E+01 1.61137E-01 3.55855E-01
 1.30000E+01 1.89297E-01 3.29228E-01
 1.35000E+01 2.24527E-01 3.06344E-01
 1.40000E+01 2.69535E-01 2.87738E-01
 1.45000E+01 3.23261E-01 2.71179E-01
 1.50000E+01 3.86977E-01 2.56916E-01
 1.60000E+01 5.42673E-01 2.32834E-01
 1.70000E+01 7.34024E-01 2.12695E-01
 1.80000E+01 9.62293E-01 1.94207E-01
 1.90000E+01 1.25635E+00 1.76434E-01
 2.00000E+01 1.82353E+00 1.58225E-01
 2.10000E+01 2.01177E+00 1.47739E-01
 2.20000E+01 2.07808E+00 1.41937E-01
 2.30000E+01 1.47661E+00 1.35426E-01
 2.40000E+01 1.04058E+00 1.32642E-01
 2.50000E+01 8.63089E-01 1.28502E-01
 2.60000E+01 7.68879E-01 1.28378E-01
 2.70000E+01 6.64699E-01 1.24537E-01
 2.80000E+01 6.02068E-01 1.24410E-01
 2.90000E+01 5.41771E-01 1.23448E-01
 3.00000E+01 4.76716E-01 1.21350E-01
 3.20000E+01 4.03175E-01 1.21710E-01
 3.40000E+01 3.76392E-01 1.26640E-01
 3.60000E+01 4.25734E-01 1.35419E-01
 3.80000E+01 5.18640E-01 1.40054E-01
 4.00000E+01 6.56864E-01 1.36931E-01
 4.20000E+01 8.36100E-01 1.32661E-01
 4.40000E+01 1.58191E+00 2.00065E-01
 4.60000E+01 1.95768E+00 1.95861E-01
 4.80000E+01 2.26737E+00 1.93281E-01
 5.00000E+01 2.67995E+00 1.99837E-01
 5.20000E+01 2.88411E+00 1.89586E-01
 5.40000E+01 3.25998E+00 1.89625E-01
 5.60000E+01 3.51233E+00 1.92513E-01
 5.80000E+01 3.68582E+00 1.89744E-01
 6.00000E+01 3.86169E+00 1.86500E-01
