# p + 114Sn: Production of 111In - Level  1     0.53699 MeV
# Q-value    = 2.15938E+00 mass= 110.905107
# E-threshold= 0.00000E+00
# # energies =   103
#     E          xs      Branching
 1.00000E-11 0.00000E+00 0.00000E+00
 2.53000E-08 0.00000E+00 0.00000E+00
 2.00000E-07 0.00000E+00 0.00000E+00
 1.00000E-06 0.00000E+00 0.00000E+00
 1.00000E-05 0.00000E+00 0.00000E+00
 1.00000E-04 0.00000E+00 0.00000E+00
 1.00000E-03 0.00000E+00 0.00000E+00
 2.00000E-03 0.00000E+00 0.00000E+00
 4.00000E-03 0.00000E+00 0.00000E+00
 7.00000E-03 0.00000E+00 0.00000E+00
 1.00000E-02 0.00000E+00 0.00000E+00
 2.00000E-02 0.00000E+00 0.00000E+00
 4.00000E-02 0.00000E+00 0.00000E+00
 7.00000E-02 0.00000E+00 0.00000E+00
 1.00000E-01 0.00000E+00 0.00000E+00
 2.00000E-01 0.00000E+00 0.00000E+00
 3.00000E-01 0.00000E+00 0.00000E+00
 4.00000E-01 0.00000E+00 0.00000E+00
 5.00000E-01 0.00000E+00 0.00000E+00
 6.00000E-01 0.00000E+00 0.00000E+00
 7.00000E-01 0.00000E+00 0.00000E+00
 8.00000E-01 0.00000E+00 0.00000E+00
 9.00000E-01 0.00000E+00 0.00000E+00
 1.00000E+00 0.00000E+00 0.00000E+00
 1.20000E+00 0.00000E+00 0.00000E+00
 1.40000E+00 0.00000E+00 0.00000E+00
 1.60000E+00 0.00000E+00 0.00000E+00
 1.80000E+00 0.00000E+00 0.00000E+00
 2.00000E+00 0.00000E+00 0.00000E+00
 2.20000E+00 0.00000E+00 0.00000E+00
 2.40000E+00 0.00000E+00 0.00000E+00
 2.60000E+00 0.00000E+00 0.00000E+00
 2.80000E+00 0.00000E+00 0.00000E+00
 3.00000E+00 0.00000E+00 0.00000E+00
 3.20000E+00 0.00000E+00 0.00000E+00
 3.40000E+00 0.00000E+00 0.00000E+00
 3.60000E+00 0.00000E+00 0.00000E+00
 3.80000E+00 0.00000E+00 0.00000E+00
 4.00000E+00 0.00000E+00 0.00000E+00
 4.20000E+00 0.00000E+00 0.00000E+00
 4.40000E+00 0.00000E+00 0.00000E+00
 4.60000E+00 0.00000E+00 0.00000E+00
 4.80000E+00 0.00000E+00 0.00000E+00
 5.00000E+00 1.06907E-05 0.00000E+00
 5.20000E+00 2.51574E-05 0.00000E+00
 5.40000E+00 4.78751E-05 0.00000E+00
 5.60000E+00 2.00868E-04 1.79080E-01
 5.80000E+00 4.44642E-04 2.10133E-01
 6.00000E+00 9.44397E-04 2.11079E-01
 6.20000E+00 1.91082E-03 2.26252E-01
 6.40000E+00 3.59649E-03 2.47533E-01
 6.60000E+00 6.93445E-03 2.60690E-01
 6.80000E+00 1.25990E-02 2.91268E-01
 7.00000E+00 1.74212E-02 3.15329E-01
 7.20000E+00 2.01627E-02 3.69278E-01
 7.40000E+00 2.53574E-02 4.03022E-01
 7.60000E+00 3.15205E-02 4.00218E-01
 7.80000E+00 3.97375E-02 4.01193E-01
 8.00000E+00 4.99847E-02 3.96084E-01
 8.50000E+00 8.88037E-02 3.95019E-01
 9.00000E+00 1.50940E-01 4.00768E-01
 9.50000E+00 2.38039E-01 4.07858E-01
 1.00000E+01 3.42428E-01 4.07042E-01
 1.05000E+01 4.50575E-01 3.99599E-01
 1.10000E+01 5.47398E-01 3.87172E-01
 1.15000E+01 6.26403E-01 3.70816E-01
 1.20000E+01 6.91066E-01 3.51484E-01
 1.25000E+01 7.48363E-01 3.31200E-01
 1.30000E+01 8.07441E-01 3.11607E-01
 1.35000E+01 8.75365E-01 2.93521E-01
 1.40000E+01 9.56617E-01 2.77234E-01
 1.45000E+01 1.05337E+00 2.62771E-01
 1.50000E+01 1.16481E+00 2.49886E-01
 1.60000E+01 1.42888E+00 2.27754E-01
 1.70000E+01 1.72233E+00 2.08762E-01
 1.80000E+01 2.03008E+00 1.91669E-01
 1.90000E+01 2.34425E+00 1.75966E-01
 2.00000E+01 2.74637E+00 1.58362E-01
 2.10000E+01 2.83742E+00 1.46066E-01
 2.20000E+01 2.65055E+00 1.36586E-01
 2.30000E+01 1.93010E+00 1.28741E-01
 2.40000E+01 1.30790E+00 1.24823E-01
 2.50000E+01 1.04409E+00 1.19999E-01
 2.60000E+01 8.98443E-01 1.19251E-01
 2.70000E+01 7.71346E-01 1.16084E-01
 2.80000E+01 6.98458E-01 1.16571E-01
 2.90000E+01 6.09194E-01 1.13486E-01
 3.00000E+01 5.51807E-01 1.13245E-01
 3.20000E+01 4.51437E-01 1.11709E-01
 3.40000E+01 4.28948E-01 1.16763E-01
 3.60000E+01 4.58700E-01 1.20015E-01
 3.80000E+01 6.05395E-01 1.21484E-01
 4.00000E+01 9.16560E-01 1.19182E-01
 4.20000E+01 1.46398E+00 1.08689E-01
 4.40000E+01 2.24713E+00 1.04647E-01
 4.60000E+01 2.95179E+00 9.82892E-02
 4.80000E+01 3.76408E+00 9.50938E-02
 5.00000E+01 4.24149E+00 8.96743E-02
 5.20000E+01 4.58887E+00 8.87449E-02
 5.40000E+01 4.76268E+00 8.88392E-02
 5.60000E+01 4.83705E+00 8.95215E-02
 5.80000E+01 4.95465E+00 9.42897E-02
 6.00000E+01 8.66981E+00 1.71596E-01
