# p + 122Sn: Production of 119In - Total
# Q-value    = 2.62276E+00 mass= 118.905852
# E-threshold= 0.00000E+00
# # energies =   103
#     E          xs
 1.00000E-11 0.00000E+00
 2.53000E-08 0.00000E+00
 2.00000E-07 0.00000E+00
 1.00000E-06 0.00000E+00
 1.00000E-05 0.00000E+00
 1.00000E-04 0.00000E+00
 1.00000E-03 0.00000E+00
 2.00000E-03 0.00000E+00
 4.00000E-03 0.00000E+00
 7.00000E-03 0.00000E+00
 1.00000E-02 0.00000E+00
 2.00000E-02 0.00000E+00
 4.00000E-02 0.00000E+00
 7.00000E-02 0.00000E+00
 1.00000E-01 0.00000E+00
 2.00000E-01 0.00000E+00
 3.00000E-01 0.00000E+00
 4.00000E-01 0.00000E+00
 5.00000E-01 0.00000E+00
 6.00000E-01 0.00000E+00
 7.00000E-01 0.00000E+00
 8.00000E-01 0.00000E+00
 9.00000E-01 0.00000E+00
 1.00000E+00 0.00000E+00
 1.20000E+00 0.00000E+00
 1.40000E+00 0.00000E+00
 1.60000E+00 0.00000E+00
 1.80000E+00 1.00000E-07
 2.00000E+00 1.00000E-07
 2.20000E+00 1.00000E-07
 2.40000E+00 1.00000E-07
 2.60000E+00 1.00000E-07
 2.80000E+00 1.00000E-07
 3.00000E+00 1.00000E-07
 3.20000E+00 1.00000E-07
 3.40000E+00 1.00000E-07
 3.60000E+00 1.00000E-07
 3.80000E+00 1.00000E-07
 4.00000E+00 1.00000E-07
 4.20000E+00 1.00000E-07
 4.40000E+00 1.00000E-07
 4.60000E+00 1.00000E-07
 4.80000E+00 1.00000E-07
 5.00000E+00 1.00000E-07
 5.20000E+00 1.00000E-07
 5.40000E+00 1.00000E-07
 5.60000E+00 1.00000E-07
 5.80000E+00 1.00000E-07
 6.00000E+00 1.00000E-07
 6.20000E+00 1.00000E-07
 6.40000E+00 1.00000E-07
 6.60000E+00 1.00000E-07
 6.80000E+00 1.00000E-07
 7.00000E+00 1.00000E-07
 7.20000E+00 1.00000E-07
 7.40000E+00 1.00000E-07
 7.60000E+00 1.00000E-07
 7.80000E+00 1.00000E-07
 8.00000E+00 1.00000E-07
 8.50000E+00 1.00000E-07
 9.00000E+00 1.00000E-07
 9.50000E+00 1.43147E-03
 1.00000E+01 2.60028E-03
 1.05000E+01 4.68946E-03
 1.10000E+01 8.57594E-03
 1.15000E+01 1.56190E-02
 1.20000E+01 2.80862E-02
 1.25000E+01 4.90517E-02
 1.30000E+01 8.21313E-02
 1.35000E+01 1.31338E-01
 1.40000E+01 2.01098E-01
 1.45000E+01 2.95577E-01
 1.50000E+01 4.21532E-01
 1.60000E+01 7.83326E-01
 1.70000E+01 1.36247E+00
 1.80000E+01 2.32680E+00
 1.90000E+01 4.49152E+00
 2.00000E+01 8.71408E+00
 2.10000E+01 1.00339E+01
 2.20000E+01 1.00692E+01
 2.30000E+01 6.23070E+00
 2.40000E+01 5.13504E+00
 2.50000E+01 4.31358E+00
 2.60000E+01 3.88606E+00
 2.70000E+01 3.33666E+00
 2.80000E+01 3.03186E+00
 2.90000E+01 2.73103E+00
 3.00000E+01 2.35129E+00
 3.20000E+01 2.02378E+00
 3.40000E+01 1.78661E+00
 3.60000E+01 2.01522E+00
 3.80000E+01 2.33113E+00
 4.00000E+01 2.98428E+00
 4.20000E+01 3.74384E+00
 4.40000E+01 4.31621E+00
 4.60000E+01 4.96855E+00
 4.80000E+01 5.80936E+00
 5.00000E+01 6.49951E+00
 5.20000E+01 7.57156E+00
 5.40000E+01 8.75996E+00
 5.60000E+01 1.01089E+01
 5.80000E+01 1.14674E+01
 6.00000E+01 1.33742E+01
