# p + 112Sn: Production of 109In - Ground state
# Q-value    = 2.69853E+00 mass= 108.907150
# E-threshold= 0.00000E+00
# # energies =   103
#     E          xs      Branching
 1.00000E-11 0.00000E+00 0.00000E+00
 2.53000E-08 0.00000E+00 0.00000E+00
 2.00000E-07 0.00000E+00 0.00000E+00
 1.00000E-06 0.00000E+00 0.00000E+00
 1.00000E-05 0.00000E+00 0.00000E+00
 1.00000E-04 0.00000E+00 0.00000E+00
 1.00000E-03 0.00000E+00 0.00000E+00
 2.00000E-03 0.00000E+00 0.00000E+00
 4.00000E-03 0.00000E+00 0.00000E+00
 7.00000E-03 0.00000E+00 0.00000E+00
 1.00000E-02 0.00000E+00 0.00000E+00
 2.00000E-02 0.00000E+00 0.00000E+00
 4.00000E-02 0.00000E+00 0.00000E+00
 7.00000E-02 0.00000E+00 0.00000E+00
 1.00000E-01 0.00000E+00 0.00000E+00
 2.00000E-01 0.00000E+00 0.00000E+00
 3.00000E-01 0.00000E+00 0.00000E+00
 4.00000E-01 0.00000E+00 0.00000E+00
 5.00000E-01 0.00000E+00 0.00000E+00
 6.00000E-01 0.00000E+00 0.00000E+00
 7.00000E-01 0.00000E+00 0.00000E+00
 8.00000E-01 0.00000E+00 0.00000E+00
 9.00000E-01 0.00000E+00 0.00000E+00
 1.00000E+00 0.00000E+00 0.00000E+00
 1.20000E+00 0.00000E+00 0.00000E+00
 1.40000E+00 0.00000E+00 0.00000E+00
 1.60000E+00 0.00000E+00 0.00000E+00
 1.80000E+00 0.00000E+00 0.00000E+00
 2.00000E+00 0.00000E+00 0.00000E+00
 2.20000E+00 0.00000E+00 0.00000E+00
 2.40000E+00 0.00000E+00 0.00000E+00
 2.60000E+00 0.00000E+00 0.00000E+00
 2.80000E+00 0.00000E+00 0.00000E+00
 3.00000E+00 0.00000E+00 0.00000E+00
 3.20000E+00 0.00000E+00 0.00000E+00
 3.40000E+00 0.00000E+00 0.00000E+00
 3.60000E+00 0.00000E+00 0.00000E+00
 3.80000E+00 0.00000E+00 0.00000E+00
 4.00000E+00 0.00000E+00 0.00000E+00
 4.20000E+00 0.00000E+00 0.00000E+00
 4.40000E+00 2.36568E-06 0.00000E+00
 4.60000E+00 7.33498E-06 0.00000E+00
 4.80000E+00 1.53056E-05 0.00000E+00
 5.00000E+00 1.32013E-04 0.00000E+00
 5.20000E+00 2.78846E-04 0.00000E+00
 5.40000E+00 5.64933E-04 0.00000E+00
 5.60000E+00 1.31101E-03 9.02819E-01
 5.80000E+00 2.30715E-03 8.84047E-01
 6.00000E+00 4.98032E-03 8.84464E-01
 6.20000E+00 9.14423E-03 8.59840E-01
 6.40000E+00 1.54114E-02 8.48001E-01
 6.60000E+00 2.92203E-02 8.44073E-01
 6.80000E+00 4.57173E-02 8.24477E-01
 7.00000E+00 7.40320E-02 8.17644E-01
 7.20000E+00 1.12795E-01 7.89871E-01
 7.40000E+00 1.58021E-01 7.67583E-01
 7.60000E+00 2.55362E-01 7.35644E-01
 7.80000E+00 3.38387E-01 7.11539E-01
 8.00000E+00 4.26070E-01 6.90923E-01
 8.50000E+00 5.31517E-01 6.47060E-01
 9.00000E+00 7.27085E-01 6.53338E-01
 9.50000E+00 1.00932E+00 6.52686E-01
 1.00000E+01 1.39007E+00 6.49504E-01
 1.05000E+01 1.88338E+00 6.50703E-01
 1.10000E+01 2.47350E+00 6.57312E-01
 1.15000E+01 3.13257E+00 6.68756E-01
 1.20000E+01 3.84345E+00 6.84275E-01
 1.25000E+01 4.59626E+00 7.02315E-01
 1.30000E+01 5.37012E+00 7.20408E-01
 1.35000E+01 6.16689E+00 7.37360E-01
 1.40000E+01 7.01138E+00 7.52691E-01
 1.45000E+01 7.93012E+00 7.66351E-01
 1.50000E+01 8.94283E+00 7.78534E-01
 1.60000E+01 1.12817E+01 7.99883E-01
 1.70000E+01 1.39390E+01 8.19072E-01
 1.80000E+01 1.68443E+01 8.37749E-01
 1.90000E+01 1.97028E+01 8.55487E-01
 2.00000E+01 2.29478E+01 8.72245E-01
 2.10000E+01 2.43945E+01 8.84001E-01
 2.20000E+01 2.30053E+01 8.91948E-01
 2.30000E+01 1.84488E+01 8.99135E-01
 2.40000E+01 1.23408E+01 9.03603E-01
 2.50000E+01 1.00975E+01 9.06916E-01
 2.60000E+01 8.32848E+00 9.08486E-01
 2.70000E+01 7.31027E+00 9.09872E-01
 2.80000E+01 6.34156E+00 9.10772E-01
 2.90000E+01 5.79046E+00 9.12188E-01
 3.00000E+01 5.12820E+00 9.11876E-01
 3.20000E+01 4.39036E+00 9.13127E-01
 3.40000E+01 3.94396E+00 9.11041E-01
 3.60000E+01 5.02255E+00 9.14038E-01
 3.80000E+01 1.11094E+01 9.30911E-01
 4.00000E+01 2.63510E+01 9.35701E-01
 4.20000E+01 4.94289E+01 9.33240E-01
 4.40000E+01 7.57522E+01 9.31553E-01
 4.60000E+01 1.06454E+02 9.31025E-01
 4.80000E+01 1.29772E+02 9.33431E-01
 5.00000E+01 1.49744E+02 9.35119E-01
 5.20000E+01 1.57472E+02 9.37732E-01
 5.40000E+01 1.42486E+02 8.65263E-01
 5.60000E+01 1.33061E+02 8.62110E-01
 5.80000E+01 1.24950E+02 8.59862E-01
 6.00000E+01 1.15056E+02 8.55682E-01
