# p + 116Sn: Production of 112In - Ground state
# Q-value    =-6.74312E+00 mass= 111.905539
# E-threshold= 6.80172E+00
# # energies =   103
#     E          xs      Branching
 1.00000E-11 0.00000E+00 0.00000E+00
 2.53000E-08 0.00000E+00 0.00000E+00
 2.00000E-07 0.00000E+00 0.00000E+00
 1.00000E-06 0.00000E+00 0.00000E+00
 1.00000E-05 0.00000E+00 0.00000E+00
 1.00000E-04 0.00000E+00 0.00000E+00
 1.00000E-03 0.00000E+00 0.00000E+00
 2.00000E-03 0.00000E+00 0.00000E+00
 4.00000E-03 0.00000E+00 0.00000E+00
 7.00000E-03 0.00000E+00 0.00000E+00
 1.00000E-02 0.00000E+00 0.00000E+00
 2.00000E-02 0.00000E+00 0.00000E+00
 4.00000E-02 0.00000E+00 0.00000E+00
 7.00000E-02 0.00000E+00 0.00000E+00
 1.00000E-01 0.00000E+00 0.00000E+00
 2.00000E-01 0.00000E+00 0.00000E+00
 3.00000E-01 0.00000E+00 0.00000E+00
 4.00000E-01 0.00000E+00 0.00000E+00
 5.00000E-01 0.00000E+00 0.00000E+00
 6.00000E-01 0.00000E+00 0.00000E+00
 7.00000E-01 0.00000E+00 0.00000E+00
 8.00000E-01 0.00000E+00 0.00000E+00
 9.00000E-01 0.00000E+00 0.00000E+00
 1.00000E+00 0.00000E+00 0.00000E+00
 1.20000E+00 0.00000E+00 0.00000E+00
 1.40000E+00 0.00000E+00 0.00000E+00
 1.60000E+00 0.00000E+00 0.00000E+00
 1.80000E+00 0.00000E+00 0.00000E+00
 2.00000E+00 0.00000E+00 0.00000E+00
 2.20000E+00 0.00000E+00 0.00000E+00
 2.40000E+00 0.00000E+00 0.00000E+00
 2.60000E+00 0.00000E+00 0.00000E+00
 2.80000E+00 0.00000E+00 0.00000E+00
 3.00000E+00 0.00000E+00 0.00000E+00
 3.20000E+00 0.00000E+00 0.00000E+00
 3.40000E+00 0.00000E+00 0.00000E+00
 3.60000E+00 0.00000E+00 0.00000E+00
 3.80000E+00 0.00000E+00 0.00000E+00
 4.00000E+00 0.00000E+00 0.00000E+00
 4.20000E+00 0.00000E+00 0.00000E+00
 4.40000E+00 0.00000E+00 0.00000E+00
 4.60000E+00 0.00000E+00 0.00000E+00
 4.80000E+00 0.00000E+00 0.00000E+00
 5.00000E+00 0.00000E+00 0.00000E+00
 5.20000E+00 0.00000E+00 0.00000E+00
 5.40000E+00 0.00000E+00 0.00000E+00
 5.60000E+00 0.00000E+00 0.00000E+00
 5.80000E+00 0.00000E+00 0.00000E+00
 6.00000E+00 0.00000E+00 0.00000E+00
 6.20000E+00 0.00000E+00 0.00000E+00
 6.40000E+00 0.00000E+00 0.00000E+00
 6.60000E+00 0.00000E+00 0.00000E+00
 6.80000E+00 0.00000E+00 0.00000E+00
 7.00000E+00 0.00000E+00 0.00000E+00
 7.20000E+00 0.00000E+00 0.00000E+00
 7.40000E+00 0.00000E+00 0.00000E+00
 7.60000E+00 0.00000E+00 0.00000E+00
 7.80000E+00 0.00000E+00 0.00000E+00
 8.00000E+00 0.00000E+00 0.00000E+00
 8.50000E+00 0.00000E+00 0.00000E+00
 9.00000E+00 0.00000E+00 0.00000E+00
 9.50000E+00 0.00000E+00 0.00000E+00
 1.00000E+01 0.00000E+00 0.00000E+00
 1.05000E+01 0.00000E+00 0.00000E+00
 1.10000E+01 0.00000E+00 0.00000E+00
 1.15000E+01 0.00000E+00 0.00000E+00
 1.20000E+01 0.00000E+00 0.00000E+00
 1.25000E+01 0.00000E+00 0.00000E+00
 1.30000E+01 0.00000E+00 0.00000E+00
 1.35000E+01 0.00000E+00 0.00000E+00
 1.40000E+01 0.00000E+00 0.00000E+00
 1.45000E+01 0.00000E+00 0.00000E+00
 1.50000E+01 4.17941E-04 4.04611E-01
 1.60000E+01 4.57518E-03 4.11395E-01
 1.70000E+01 2.11872E-02 3.92655E-01
 1.80000E+01 7.53286E-02 3.60747E-01
 1.90000E+01 2.44825E-01 3.30449E-01
 2.00000E+01 6.33381E-01 3.14962E-01
 2.10000E+01 1.19721E+00 2.96332E-01
 2.20000E+01 1.85085E+00 2.67141E-01
 2.30000E+01 2.44167E+00 2.57464E-01
 2.40000E+01 2.84710E+00 2.45388E-01
 2.50000E+01 3.33553E+00 2.36089E-01
 2.60000E+01 3.75448E+00 2.27979E-01
 2.70000E+01 4.13567E+00 2.21158E-01
 2.80000E+01 4.28227E+00 2.12553E-01
 2.90000E+01 4.26616E+00 2.04532E-01
 3.00000E+01 4.03347E+00 1.96731E-01
 3.20000E+01 3.26288E+00 1.82761E-01
 3.40000E+01 2.62152E+00 1.79458E-01
 3.60000E+01 2.27285E+00 1.86154E-01
 3.80000E+01 2.08125E+00 2.04722E-01
 4.00000E+01 1.81563E+00 2.10017E-01
 4.20000E+01 1.62719E+00 2.14370E-01
 4.40000E+01 1.54099E+00 2.20683E-01
 4.60000E+01 1.47797E+00 2.25257E-01
 4.80000E+01 1.57842E+00 2.33035E-01
 5.00000E+01 1.75253E+00 2.20757E-01
 5.20000E+01 2.01176E+00 2.15788E-01
 5.40000E+01 2.40270E+00 2.15117E-01
 5.60000E+01 3.06763E+00 2.18208E-01
 5.80000E+01 3.78094E+00 2.15537E-01
 6.00000E+01 4.45503E+00 2.17348E-01
