# p + 122Sn: Production of 118In - Total
# Q-value    =-5.91904E+00 mass= 117.906357
# E-threshold= 5.96795E+00
# # energies =   103
#     E          xs
 1.00000E-11 0.00000E+00
 2.53000E-08 0.00000E+00
 2.00000E-07 0.00000E+00
 1.00000E-06 0.00000E+00
 1.00000E-05 0.00000E+00
 1.00000E-04 0.00000E+00
 1.00000E-03 0.00000E+00
 2.00000E-03 0.00000E+00
 4.00000E-03 0.00000E+00
 7.00000E-03 0.00000E+00
 1.00000E-02 0.00000E+00
 2.00000E-02 0.00000E+00
 4.00000E-02 0.00000E+00
 7.00000E-02 0.00000E+00
 1.00000E-01 0.00000E+00
 2.00000E-01 0.00000E+00
 3.00000E-01 0.00000E+00
 4.00000E-01 0.00000E+00
 5.00000E-01 0.00000E+00
 6.00000E-01 0.00000E+00
 7.00000E-01 0.00000E+00
 8.00000E-01 0.00000E+00
 9.00000E-01 0.00000E+00
 1.00000E+00 0.00000E+00
 1.20000E+00 0.00000E+00
 1.40000E+00 0.00000E+00
 1.60000E+00 0.00000E+00
 1.80000E+00 0.00000E+00
 2.00000E+00 0.00000E+00
 2.20000E+00 0.00000E+00
 2.40000E+00 0.00000E+00
 2.60000E+00 0.00000E+00
 2.80000E+00 0.00000E+00
 3.00000E+00 0.00000E+00
 3.20000E+00 0.00000E+00
 3.40000E+00 0.00000E+00
 3.60000E+00 0.00000E+00
 3.80000E+00 0.00000E+00
 4.00000E+00 0.00000E+00
 4.20000E+00 0.00000E+00
 4.40000E+00 0.00000E+00
 4.60000E+00 0.00000E+00
 4.80000E+00 0.00000E+00
 5.00000E+00 0.00000E+00
 5.20000E+00 0.00000E+00
 5.40000E+00 0.00000E+00
 5.60000E+00 0.00000E+00
 5.80000E+00 0.00000E+00
 6.00000E+00 0.00000E+00
 6.20000E+00 0.00000E+00
 6.40000E+00 0.00000E+00
 6.60000E+00 0.00000E+00
 6.80000E+00 0.00000E+00
 7.00000E+00 0.00000E+00
 7.20000E+00 0.00000E+00
 7.40000E+00 0.00000E+00
 7.60000E+00 0.00000E+00
 7.80000E+00 0.00000E+00
 8.00000E+00 0.00000E+00
 8.50000E+00 0.00000E+00
 9.00000E+00 0.00000E+00
 9.50000E+00 0.00000E+00
 1.00000E+01 0.00000E+00
 1.05000E+01 0.00000E+00
 1.10000E+01 0.00000E+00
 1.15000E+01 0.00000E+00
 1.20000E+01 0.00000E+00
 1.25000E+01 0.00000E+00
 1.30000E+01 0.00000E+00
 1.35000E+01 0.00000E+00
 1.40000E+01 0.00000E+00
 1.45000E+01 0.00000E+00
 1.50000E+01 0.00000E+00
 1.60000E+01 2.17671E-03
 1.70000E+01 1.59019E-02
 1.80000E+01 7.66442E-02
 1.90000E+01 2.83091E-01
 2.00000E+01 9.45991E-01
 2.10000E+01 2.20190E+00
 2.20000E+01 3.49137E+00
 2.30000E+01 3.86363E+00
 2.40000E+01 4.61415E+00
 2.50000E+01 5.55091E+00
 2.60000E+01 6.19772E+00
 2.70000E+01 6.95269E+00
 2.80000E+01 7.20499E+00
 2.90000E+01 7.42209E+00
 3.00000E+01 7.49586E+00
 3.20000E+01 7.16517E+00
 3.40000E+01 6.64259E+00
 3.60000E+01 5.88036E+00
 3.80000E+01 5.11850E+00
 4.00000E+01 4.47040E+00
 4.20000E+01 3.89462E+00
 4.40000E+01 3.64807E+00
 4.60000E+01 3.84537E+00
 4.80000E+01 4.15147E+00
 5.00000E+01 4.53667E+00
 5.20000E+01 5.22334E+00
 5.40000E+01 5.98703E+00
 5.60000E+01 6.64383E+00
 5.80000E+01 7.23892E+00
 6.00000E+01 8.08637E+00
