# p + 115Sn: Production of 112In - Level  1     0.15659 MeV
# Q-value    = 2.66375E+00 mass= 111.905539
# E-threshold= 0.00000E+00
# # energies =   103
#     E          xs      Branching
 1.00000E-11 0.00000E+00 0.00000E+00
 2.53000E-08 0.00000E+00 0.00000E+00
 2.00000E-07 0.00000E+00 0.00000E+00
 1.00000E-06 0.00000E+00 0.00000E+00
 1.00000E-05 0.00000E+00 0.00000E+00
 1.00000E-04 0.00000E+00 0.00000E+00
 1.00000E-03 0.00000E+00 0.00000E+00
 2.00000E-03 0.00000E+00 0.00000E+00
 4.00000E-03 0.00000E+00 0.00000E+00
 7.00000E-03 0.00000E+00 0.00000E+00
 1.00000E-02 0.00000E+00 0.00000E+00
 2.00000E-02 0.00000E+00 0.00000E+00
 4.00000E-02 0.00000E+00 0.00000E+00
 7.00000E-02 0.00000E+00 0.00000E+00
 1.00000E-01 0.00000E+00 0.00000E+00
 2.00000E-01 0.00000E+00 0.00000E+00
 3.00000E-01 0.00000E+00 0.00000E+00
 4.00000E-01 0.00000E+00 0.00000E+00
 5.00000E-01 0.00000E+00 0.00000E+00
 6.00000E-01 0.00000E+00 0.00000E+00
 7.00000E-01 0.00000E+00 0.00000E+00
 8.00000E-01 0.00000E+00 0.00000E+00
 9.00000E-01 0.00000E+00 0.00000E+00
 1.00000E+00 0.00000E+00 0.00000E+00
 1.20000E+00 0.00000E+00 0.00000E+00
 1.40000E+00 0.00000E+00 0.00000E+00
 1.60000E+00 0.00000E+00 0.00000E+00
 1.80000E+00 0.00000E+00 0.00000E+00
 2.00000E+00 0.00000E+00 0.00000E+00
 2.20000E+00 0.00000E+00 0.00000E+00
 2.40000E+00 0.00000E+00 0.00000E+00
 2.60000E+00 3.49206E-14 0.00000E+00
 2.80000E+00 2.41761E-14 0.00000E+00
 3.00000E+00 5.34080E-13 0.00000E+00
 3.20000E+00 8.24596E-13 0.00000E+00
 3.40000E+00 0.00000E+00 0.00000E+00
 3.60000E+00 1.45229E-11 0.00000E+00
 3.80000E+00 1.02048E-11 0.00000E+00
 4.00000E+00 1.01817E-10 0.00000E+00
 4.20000E+00 1.60430E-10 0.00000E+00
 4.40000E+00 2.20836E-07 0.00000E+00
 4.60000E+00 7.93925E-07 0.00000E+00
 4.80000E+00 1.29302E-06 0.00000E+00
 5.00000E+00 3.88600E-06 0.00000E+00
 5.20000E+00 8.24618E-06 0.00000E+00
 5.40000E+00 1.55847E-05 0.00000E+00
 5.60000E+00 3.94837E-05 0.00000E+00
 5.80000E+00 6.67384E-05 0.00000E+00
 6.00000E+00 3.42887E-04 2.37416E-01
 6.20000E+00 5.68891E-04 2.50481E-01
 6.40000E+00 8.71405E-04 2.48148E-01
 6.60000E+00 1.38770E-03 2.60811E-01
 6.80000E+00 2.05869E-03 2.70781E-01
 7.00000E+00 2.97625E-03 2.79395E-01
 7.20000E+00 4.22334E-03 2.92645E-01
 7.40000E+00 5.79638E-03 3.00640E-01
 7.60000E+00 8.06361E-03 3.14470E-01
 7.80000E+00 1.08221E-02 3.26443E-01
 8.00000E+00 1.42787E-02 3.35928E-01
 8.50000E+00 2.85838E-02 3.64171E-01
 9.00000E+00 5.42943E-02 3.91589E-01
 9.50000E+00 9.61807E-02 4.18792E-01
 1.00000E+01 1.56753E-01 4.45413E-01
 1.05000E+01 2.39848E-01 4.71824E-01
 1.10000E+01 3.48901E-01 4.97434E-01
 1.15000E+01 4.89726E-01 5.21543E-01
 1.20000E+01 6.67812E-01 5.43479E-01
 1.25000E+01 8.90584E-01 5.63029E-01
 1.30000E+01 1.16559E+00 5.80320E-01
 1.35000E+01 1.50008E+00 5.95775E-01
 1.40000E+01 1.89437E+00 6.09605E-01
 1.45000E+01 2.35356E+00 6.22430E-01
 1.50000E+01 2.86329E+00 6.34046E-01
 1.60000E+01 4.01753E+00 6.54928E-01
 1.70000E+01 5.25088E+00 6.74239E-01
 1.80000E+01 6.51415E+00 6.94225E-01
 1.90000E+01 8.08442E+00 7.12565E-01
 2.00000E+01 1.22949E+01 7.24791E-01
 2.10000E+01 1.33900E+01 7.32624E-01
 2.20000E+01 1.38916E+01 7.38438E-01
 2.30000E+01 1.00719E+01 7.42107E-01
 2.40000E+01 7.25573E+00 7.48565E-01
 2.50000E+01 6.15339E+00 7.48585E-01
 2.60000E+01 5.48881E+00 7.50093E-01
 2.70000E+01 4.79656E+00 7.50811E-01
 2.80000E+01 4.31321E+00 7.48236E-01
 2.90000E+01 3.92350E+00 7.50440E-01
 3.00000E+01 3.46865E+00 7.48487E-01
 3.20000E+01 2.87175E+00 7.39866E-01
 3.40000E+01 2.64718E+00 7.42807E-01
 3.60000E+01 2.91989E+00 7.49647E-01
 3.80000E+01 3.69698E+00 7.61819E-01
 4.00000E+01 5.15605E+00 7.73828E-01
 4.20000E+01 7.40788E+00 7.82596E-01
 4.40000E+01 1.01745E+01 7.88793E-01
 4.60000E+01 1.32531E+01 7.92792E-01
 4.80000E+01 1.57879E+01 7.91013E-01
 5.00000E+01 1.80293E+01 7.89996E-01
 5.20000E+01 1.96828E+01 7.81012E-01
 5.40000E+01 2.08175E+01 7.73957E-01
 5.60000E+01 2.06640E+01 7.62817E-01
 5.80000E+01 1.98409E+01 7.50861E-01
 6.00000E+01 2.01674E+01 7.42909E-01
