# p + 114Sn: Production of 111In - Ground state
# Q-value    = 2.69637E+00 mass= 110.905107
# E-threshold= 0.00000E+00
# # energies =   103
#     E          xs      Branching
 1.00000E-11 0.00000E+00 0.00000E+00
 2.53000E-08 0.00000E+00 0.00000E+00
 2.00000E-07 0.00000E+00 0.00000E+00
 1.00000E-06 0.00000E+00 0.00000E+00
 1.00000E-05 0.00000E+00 0.00000E+00
 1.00000E-04 0.00000E+00 0.00000E+00
 1.00000E-03 0.00000E+00 0.00000E+00
 2.00000E-03 0.00000E+00 0.00000E+00
 4.00000E-03 0.00000E+00 0.00000E+00
 7.00000E-03 0.00000E+00 0.00000E+00
 1.00000E-02 0.00000E+00 0.00000E+00
 2.00000E-02 0.00000E+00 0.00000E+00
 4.00000E-02 0.00000E+00 0.00000E+00
 7.00000E-02 0.00000E+00 0.00000E+00
 1.00000E-01 0.00000E+00 0.00000E+00
 2.00000E-01 0.00000E+00 0.00000E+00
 3.00000E-01 0.00000E+00 0.00000E+00
 4.00000E-01 0.00000E+00 0.00000E+00
 5.00000E-01 0.00000E+00 0.00000E+00
 6.00000E-01 0.00000E+00 0.00000E+00
 7.00000E-01 0.00000E+00 0.00000E+00
 8.00000E-01 0.00000E+00 0.00000E+00
 9.00000E-01 0.00000E+00 0.00000E+00
 1.00000E+00 0.00000E+00 0.00000E+00
 1.20000E+00 0.00000E+00 0.00000E+00
 1.40000E+00 0.00000E+00 0.00000E+00
 1.60000E+00 0.00000E+00 0.00000E+00
 1.80000E+00 0.00000E+00 0.00000E+00
 2.00000E+00 0.00000E+00 0.00000E+00
 2.20000E+00 0.00000E+00 0.00000E+00
 2.40000E+00 0.00000E+00 0.00000E+00
 2.60000E+00 0.00000E+00 0.00000E+00
 2.80000E+00 0.00000E+00 0.00000E+00
 3.00000E+00 0.00000E+00 0.00000E+00
 3.20000E+00 0.00000E+00 0.00000E+00
 3.40000E+00 0.00000E+00 0.00000E+00
 3.60000E+00 0.00000E+00 0.00000E+00
 3.80000E+00 0.00000E+00 0.00000E+00
 4.00000E+00 0.00000E+00 0.00000E+00
 4.20000E+00 0.00000E+00 0.00000E+00
 4.40000E+00 3.58876E-06 0.00000E+00
 4.60000E+00 1.11323E-05 0.00000E+00
 4.80000E+00 2.30407E-05 0.00000E+00
 5.00000E+00 8.34256E-05 0.00000E+00
 5.20000E+00 1.81700E-04 0.00000E+00
 5.40000E+00 3.76515E-04 0.00000E+00
 5.60000E+00 9.20799E-04 8.20920E-01
 5.80000E+00 1.67136E-03 7.89867E-01
 6.00000E+00 3.52974E-03 7.88921E-01
 6.20000E+00 6.53474E-03 7.73748E-01
 6.40000E+00 1.09328E-02 7.52467E-01
 6.60000E+00 1.96659E-02 7.39310E-01
 6.80000E+00 3.06568E-02 7.08732E-01
 7.00000E+00 3.78264E-02 6.84671E-01
 7.20000E+00 3.44377E-02 6.30722E-01
 7.40000E+00 3.75608E-02 5.96978E-01
 7.60000E+00 4.72379E-02 5.99782E-01
 7.80000E+00 5.93110E-02 5.98808E-01
 8.00000E+00 7.62126E-02 6.03916E-01
 8.50000E+00 1.36005E-01 6.04981E-01
 9.00000E+00 2.25687E-01 5.99232E-01
 9.50000E+00 3.45594E-01 5.92142E-01
 1.00000E+01 4.98830E-01 5.92958E-01
 1.05000E+01 6.76993E-01 6.00401E-01
 1.10000E+01 8.66439E-01 6.12828E-01
 1.15000E+01 1.06285E+00 6.29184E-01
 1.20000E+01 1.27507E+00 6.48516E-01
 1.25000E+01 1.51119E+00 6.68800E-01
 1.30000E+01 1.78378E+00 6.88393E-01
 1.35000E+01 2.10692E+00 7.06479E-01
 1.40000E+01 2.49396E+00 7.22766E-01
 1.45000E+01 2.95532E+00 7.37229E-01
 1.50000E+01 3.49654E+00 7.50114E-01
 1.60000E+01 4.84493E+00 7.72246E-01
 1.70000E+01 6.52788E+00 7.91238E-01
 1.80000E+01 8.56150E+00 8.08331E-01
 1.90000E+01 1.09780E+01 8.24034E-01
 2.00000E+01 1.45960E+01 8.41638E-01
 2.10000E+01 1.65882E+01 8.53934E-01
 2.20000E+01 1.67552E+01 8.63414E-01
 2.30000E+01 1.30620E+01 8.71259E-01
 2.40000E+01 9.17017E+00 8.75177E-01
 2.50000E+01 7.65674E+00 8.80001E-01
 2.60000E+01 6.63560E+00 8.80749E-01
 2.70000E+01 5.87339E+00 8.83916E-01
 2.80000E+01 5.29324E+00 8.83429E-01
 2.90000E+01 4.75880E+00 8.86514E-01
 3.00000E+01 4.32089E+00 8.86755E-01
 3.20000E+01 3.58974E+00 8.88291E-01
 3.40000E+01 3.24471E+00 8.83237E-01
 3.60000E+01 3.36331E+00 8.79985E-01
 3.80000E+01 4.37793E+00 8.78516E-01
 4.00000E+01 6.77383E+00 8.80818E-01
 4.20000E+01 1.20055E+01 8.91311E-01
 4.40000E+01 1.92264E+01 8.95353E-01
 4.60000E+01 2.70799E+01 9.01711E-01
 4.80000E+01 3.58187E+01 9.04906E-01
 5.00000E+01 4.30573E+01 9.10326E-01
 5.20000E+01 4.71197E+01 9.11255E-01
 5.40000E+01 4.88474E+01 9.11161E-01
 5.60000E+01 4.91952E+01 9.10478E-01
 5.80000E+01 4.75924E+01 9.05710E-01
 6.00000E+01 4.18547E+01 8.28404E-01
