# p + 114Sn: Production of 110In - Level  1     0.06208 MeV
# Q-value    =-7.35911E+00 mass= 109.907171
# E-threshold= 7.42419E+00
# # energies =   103
#     E          xs      Branching
 1.00000E-11 0.00000E+00 0.00000E+00
 2.53000E-08 0.00000E+00 0.00000E+00
 2.00000E-07 0.00000E+00 0.00000E+00
 1.00000E-06 0.00000E+00 0.00000E+00
 1.00000E-05 0.00000E+00 0.00000E+00
 1.00000E-04 0.00000E+00 0.00000E+00
 1.00000E-03 0.00000E+00 0.00000E+00
 2.00000E-03 0.00000E+00 0.00000E+00
 4.00000E-03 0.00000E+00 0.00000E+00
 7.00000E-03 0.00000E+00 0.00000E+00
 1.00000E-02 0.00000E+00 0.00000E+00
 2.00000E-02 0.00000E+00 0.00000E+00
 4.00000E-02 0.00000E+00 0.00000E+00
 7.00000E-02 0.00000E+00 0.00000E+00
 1.00000E-01 0.00000E+00 0.00000E+00
 2.00000E-01 0.00000E+00 0.00000E+00
 3.00000E-01 0.00000E+00 0.00000E+00
 4.00000E-01 0.00000E+00 0.00000E+00
 5.00000E-01 0.00000E+00 0.00000E+00
 6.00000E-01 0.00000E+00 0.00000E+00
 7.00000E-01 0.00000E+00 0.00000E+00
 8.00000E-01 0.00000E+00 0.00000E+00
 9.00000E-01 0.00000E+00 0.00000E+00
 1.00000E+00 0.00000E+00 0.00000E+00
 1.20000E+00 0.00000E+00 0.00000E+00
 1.40000E+00 0.00000E+00 0.00000E+00
 1.60000E+00 0.00000E+00 0.00000E+00
 1.80000E+00 0.00000E+00 0.00000E+00
 2.00000E+00 0.00000E+00 0.00000E+00
 2.20000E+00 0.00000E+00 0.00000E+00
 2.40000E+00 0.00000E+00 0.00000E+00
 2.60000E+00 0.00000E+00 0.00000E+00
 2.80000E+00 0.00000E+00 0.00000E+00
 3.00000E+00 0.00000E+00 0.00000E+00
 3.20000E+00 0.00000E+00 0.00000E+00
 3.40000E+00 0.00000E+00 0.00000E+00
 3.60000E+00 0.00000E+00 0.00000E+00
 3.80000E+00 0.00000E+00 0.00000E+00
 4.00000E+00 0.00000E+00 0.00000E+00
 4.20000E+00 0.00000E+00 0.00000E+00
 4.40000E+00 0.00000E+00 0.00000E+00
 4.60000E+00 0.00000E+00 0.00000E+00
 4.80000E+00 0.00000E+00 0.00000E+00
 5.00000E+00 0.00000E+00 0.00000E+00
 5.20000E+00 0.00000E+00 0.00000E+00
 5.40000E+00 0.00000E+00 0.00000E+00
 5.60000E+00 0.00000E+00 0.00000E+00
 5.80000E+00 0.00000E+00 0.00000E+00
 6.00000E+00 0.00000E+00 0.00000E+00
 6.20000E+00 0.00000E+00 0.00000E+00
 6.40000E+00 0.00000E+00 0.00000E+00
 6.60000E+00 0.00000E+00 0.00000E+00
 6.80000E+00 0.00000E+00 0.00000E+00
 7.00000E+00 0.00000E+00 0.00000E+00
 7.20000E+00 0.00000E+00 0.00000E+00
 7.40000E+00 0.00000E+00 0.00000E+00
 7.60000E+00 0.00000E+00 0.00000E+00
 7.80000E+00 0.00000E+00 0.00000E+00
 8.00000E+00 0.00000E+00 0.00000E+00
 8.50000E+00 0.00000E+00 0.00000E+00
 9.00000E+00 0.00000E+00 0.00000E+00
 9.50000E+00 0.00000E+00 0.00000E+00
 1.00000E+01 0.00000E+00 0.00000E+00
 1.05000E+01 0.00000E+00 0.00000E+00
 1.10000E+01 0.00000E+00 0.00000E+00
 1.15000E+01 0.00000E+00 0.00000E+00
 1.20000E+01 0.00000E+00 0.00000E+00
 1.25000E+01 0.00000E+00 0.00000E+00
 1.30000E+01 0.00000E+00 0.00000E+00
 1.35000E+01 0.00000E+00 0.00000E+00
 1.40000E+01 0.00000E+00 0.00000E+00
 1.45000E+01 0.00000E+00 0.00000E+00
 1.50000E+01 0.00000E+00 0.00000E+00
 1.60000E+01 1.02544E-02 7.32131E-01
 1.70000E+01 7.58572E-02 7.23542E-01
 1.80000E+01 3.18828E-01 7.33042E-01
 1.90000E+01 9.45147E-01 7.28047E-01
 2.00000E+01 2.40305E+00 7.08470E-01
 2.10000E+01 5.02285E+00 6.95685E-01
 2.20000E+01 8.51849E+00 6.94301E-01
 2.30000E+01 1.18074E+01 6.76633E-01
 2.40000E+01 1.44184E+01 6.64791E-01
 2.50000E+01 1.68261E+01 6.53388E-01
 2.60000E+01 1.88042E+01 6.39751E-01
 2.70000E+01 2.05877E+01 6.28687E-01
 2.80000E+01 2.16698E+01 6.15121E-01
 2.90000E+01 2.22415E+01 6.01623E-01
 3.00000E+01 2.12439E+01 5.84024E-01
 3.20000E+01 1.71373E+01 5.48760E-01
 3.40000E+01 1.26832E+01 5.29752E-01
 3.60000E+01 9.66805E+00 5.33461E-01
 3.80000E+01 7.94533E+00 5.53588E-01
 4.00000E+01 6.57743E+00 5.64765E-01
 4.20000E+01 5.76944E+00 5.77104E-01
 4.40000E+01 5.04897E+00 5.73316E-01
 4.60000E+01 4.98493E+00 5.84824E-01
 4.80000E+01 5.11376E+00 5.77010E-01
 5.00000E+01 6.19667E+00 5.45172E-01
 5.20000E+01 9.69935E+00 5.44703E-01
 5.40000E+01 1.52689E+01 5.40552E-01
 5.60000E+01 2.14266E+01 5.41290E-01
 5.80000E+01 2.77913E+01 5.35089E-01
 6.00000E+01 3.51553E+01 5.43983E-01
