# p + 114Sn: Production of 107Ag - Level  1     0.09313 MeV
# Q-value    = 1.92987E-01 mass= 106.905092
# E-threshold= 0.00000E+00
# # energies =   103
#     E          xs      Branching
 1.00000E-11 0.00000E+00 0.00000E+00
 2.53000E-08 0.00000E+00 0.00000E+00
 2.00000E-07 0.00000E+00 0.00000E+00
 1.00000E-06 0.00000E+00 0.00000E+00
 1.00000E-05 0.00000E+00 0.00000E+00
 1.00000E-04 0.00000E+00 0.00000E+00
 1.00000E-03 0.00000E+00 0.00000E+00
 2.00000E-03 0.00000E+00 0.00000E+00
 4.00000E-03 0.00000E+00 0.00000E+00
 7.00000E-03 0.00000E+00 0.00000E+00
 1.00000E-02 0.00000E+00 0.00000E+00
 2.00000E-02 0.00000E+00 0.00000E+00
 4.00000E-02 0.00000E+00 0.00000E+00
 7.00000E-02 0.00000E+00 0.00000E+00
 1.00000E-01 0.00000E+00 0.00000E+00
 2.00000E-01 0.00000E+00 0.00000E+00
 3.00000E-01 0.00000E+00 0.00000E+00
 4.00000E-01 0.00000E+00 0.00000E+00
 5.00000E-01 0.00000E+00 0.00000E+00
 6.00000E-01 0.00000E+00 0.00000E+00
 7.00000E-01 0.00000E+00 0.00000E+00
 8.00000E-01 0.00000E+00 0.00000E+00
 9.00000E-01 0.00000E+00 0.00000E+00
 1.00000E+00 0.00000E+00 0.00000E+00
 1.20000E+00 0.00000E+00 0.00000E+00
 1.40000E+00 0.00000E+00 0.00000E+00
 1.60000E+00 0.00000E+00 0.00000E+00
 1.80000E+00 0.00000E+00 0.00000E+00
 2.00000E+00 0.00000E+00 0.00000E+00
 2.20000E+00 0.00000E+00 0.00000E+00
 2.40000E+00 0.00000E+00 0.00000E+00
 2.60000E+00 0.00000E+00 0.00000E+00
 2.80000E+00 0.00000E+00 0.00000E+00
 3.00000E+00 0.00000E+00 0.00000E+00
 3.20000E+00 0.00000E+00 0.00000E+00
 3.40000E+00 0.00000E+00 0.00000E+00
 3.60000E+00 0.00000E+00 0.00000E+00
 3.80000E+00 0.00000E+00 0.00000E+00
 4.00000E+00 0.00000E+00 0.00000E+00
 4.20000E+00 0.00000E+00 0.00000E+00
 4.40000E+00 0.00000E+00 0.00000E+00
 4.60000E+00 0.00000E+00 0.00000E+00
 4.80000E+00 0.00000E+00 0.00000E+00
 5.00000E+00 0.00000E+00 0.00000E+00
 5.20000E+00 0.00000E+00 0.00000E+00
 5.40000E+00 0.00000E+00 0.00000E+00
 5.60000E+00 0.00000E+00 0.00000E+00
 5.80000E+00 0.00000E+00 0.00000E+00
 6.00000E+00 0.00000E+00 0.00000E+00
 6.20000E+00 0.00000E+00 0.00000E+00
 6.40000E+00 0.00000E+00 0.00000E+00
 6.60000E+00 0.00000E+00 0.00000E+00
 6.80000E+00 0.00000E+00 0.00000E+00
 7.00000E+00 0.00000E+00 0.00000E+00
 7.20000E+00 0.00000E+00 0.00000E+00
 7.40000E+00 0.00000E+00 0.00000E+00
 7.60000E+00 0.00000E+00 0.00000E+00
 7.80000E+00 0.00000E+00 0.00000E+00
 8.00000E+00 0.00000E+00 0.00000E+00
 8.50000E+00 0.00000E+00 0.00000E+00
 9.00000E+00 0.00000E+00 0.00000E+00
 9.50000E+00 0.00000E+00 0.00000E+00
 1.00000E+01 0.00000E+00 0.00000E+00
 1.05000E+01 0.00000E+00 0.00000E+00
 1.10000E+01 0.00000E+00 0.00000E+00
 1.15000E+01 0.00000E+00 0.00000E+00
 1.20000E+01 0.00000E+00 0.00000E+00
 1.25000E+01 0.00000E+00 0.00000E+00
 1.30000E+01 0.00000E+00 0.00000E+00
 1.35000E+01 0.00000E+00 0.00000E+00
 1.40000E+01 3.59278E-11 0.00000E+00
 1.45000E+01 2.35743E-10 0.00000E+00
 1.50000E+01 1.74394E-09 0.00000E+00
 1.60000E+01 2.44283E-08 0.00000E+00
 1.70000E+01 1.64324E-07 0.00000E+00
 1.80000E+01 7.04642E-07 0.00000E+00
 1.90000E+01 2.59811E-06 0.00000E+00
 2.00000E+01 7.55637E-06 0.00000E+00
 2.10000E+01 1.71570E-05 0.00000E+00
 2.20000E+01 3.81932E-05 0.00000E+00
 2.30000E+01 7.32983E-05 0.00000E+00
 2.40000E+01 1.18554E-04 0.00000E+00
 2.50000E+01 1.04444E-03 6.71406E-01
 2.60000E+01 1.75345E-03 6.82633E-01
 2.70000E+01 2.77224E-03 6.97527E-01
 2.80000E+01 4.18250E-03 7.16291E-01
 2.90000E+01 6.17357E-03 7.38421E-01
 3.00000E+01 8.84735E-03 7.59014E-01
 3.20000E+01 1.73567E-02 7.95583E-01
 3.40000E+01 3.01364E-02 8.19224E-01
 3.60000E+01 4.37864E-02 8.41242E-01
 3.80000E+01 3.45605E-02 8.57867E-01
 4.00000E+01 2.94660E-02 8.63916E-01
 4.20000E+01 2.51587E-02 8.70684E-01
 4.40000E+01 1.84853E-02 8.97623E-01
 4.60000E+01 1.04491E-02 8.88574E-01
 4.80000E+01 8.93663E-03 8.75520E-01
 5.00000E+01 9.28949E-03 8.69292E-01
 5.20000E+01 1.13627E-02 8.11205E-01
 5.40000E+01 2.13087E-02 8.37680E-01
 5.60000E+01 4.83589E-02 8.44027E-01
 5.80000E+01 1.08547E-01 8.43424E-01
 6.00000E+01 2.29721E-01 8.55596E-01
