# p + 117Sn: Production of 113In - Ground state
# Q-value    =-4.23788E+00 mass= 112.904060
# E-threshold= 4.27440E+00
# # energies =   103
#     E          xs      Branching
 1.00000E-11 0.00000E+00 0.00000E+00
 2.53000E-08 0.00000E+00 0.00000E+00
 2.00000E-07 0.00000E+00 0.00000E+00
 1.00000E-06 0.00000E+00 0.00000E+00
 1.00000E-05 0.00000E+00 0.00000E+00
 1.00000E-04 0.00000E+00 0.00000E+00
 1.00000E-03 0.00000E+00 0.00000E+00
 2.00000E-03 0.00000E+00 0.00000E+00
 4.00000E-03 0.00000E+00 0.00000E+00
 7.00000E-03 0.00000E+00 0.00000E+00
 1.00000E-02 0.00000E+00 0.00000E+00
 2.00000E-02 0.00000E+00 0.00000E+00
 4.00000E-02 0.00000E+00 0.00000E+00
 7.00000E-02 0.00000E+00 0.00000E+00
 1.00000E-01 0.00000E+00 0.00000E+00
 2.00000E-01 0.00000E+00 0.00000E+00
 3.00000E-01 0.00000E+00 0.00000E+00
 4.00000E-01 0.00000E+00 0.00000E+00
 5.00000E-01 0.00000E+00 0.00000E+00
 6.00000E-01 0.00000E+00 0.00000E+00
 7.00000E-01 0.00000E+00 0.00000E+00
 8.00000E-01 0.00000E+00 0.00000E+00
 9.00000E-01 0.00000E+00 0.00000E+00
 1.00000E+00 0.00000E+00 0.00000E+00
 1.20000E+00 0.00000E+00 0.00000E+00
 1.40000E+00 0.00000E+00 0.00000E+00
 1.60000E+00 0.00000E+00 0.00000E+00
 1.80000E+00 0.00000E+00 0.00000E+00
 2.00000E+00 0.00000E+00 0.00000E+00
 2.20000E+00 0.00000E+00 0.00000E+00
 2.40000E+00 0.00000E+00 0.00000E+00
 2.60000E+00 0.00000E+00 0.00000E+00
 2.80000E+00 0.00000E+00 0.00000E+00
 3.00000E+00 0.00000E+00 0.00000E+00
 3.20000E+00 0.00000E+00 0.00000E+00
 3.40000E+00 0.00000E+00 0.00000E+00
 3.60000E+00 0.00000E+00 0.00000E+00
 3.80000E+00 0.00000E+00 0.00000E+00
 4.00000E+00 0.00000E+00 0.00000E+00
 4.20000E+00 0.00000E+00 0.00000E+00
 4.40000E+00 0.00000E+00 0.00000E+00
 4.60000E+00 0.00000E+00 0.00000E+00
 4.80000E+00 0.00000E+00 0.00000E+00
 5.00000E+00 0.00000E+00 0.00000E+00
 5.20000E+00 0.00000E+00 0.00000E+00
 5.40000E+00 0.00000E+00 0.00000E+00
 5.60000E+00 0.00000E+00 0.00000E+00
 5.80000E+00 0.00000E+00 0.00000E+00
 6.00000E+00 0.00000E+00 0.00000E+00
 6.20000E+00 0.00000E+00 0.00000E+00
 6.40000E+00 0.00000E+00 0.00000E+00
 6.60000E+00 0.00000E+00 0.00000E+00
 6.80000E+00 0.00000E+00 0.00000E+00
 7.00000E+00 0.00000E+00 0.00000E+00
 7.20000E+00 0.00000E+00 0.00000E+00
 7.40000E+00 0.00000E+00 0.00000E+00
 7.60000E+00 0.00000E+00 0.00000E+00
 7.80000E+00 0.00000E+00 0.00000E+00
 8.00000E+00 0.00000E+00 0.00000E+00
 8.50000E+00 0.00000E+00 0.00000E+00
 9.00000E+00 0.00000E+00 0.00000E+00
 9.50000E+00 0.00000E+00 0.00000E+00
 1.00000E+01 0.00000E+00 0.00000E+00
 1.05000E+01 0.00000E+00 0.00000E+00
 1.10000E+01 0.00000E+00 0.00000E+00
 1.15000E+01 0.00000E+00 0.00000E+00
 1.20000E+01 0.00000E+00 0.00000E+00
 1.25000E+01 1.62407E-03 8.73703E-01
 1.30000E+01 4.54870E-03 8.56552E-01
 1.35000E+01 8.24737E-03 8.46694E-01
 1.40000E+01 1.24377E-02 8.33480E-01
 1.45000E+01 2.01105E-02 8.23601E-01
 1.50000E+01 3.31996E-02 8.22571E-01
 1.60000E+01 1.17009E-01 8.28776E-01
 1.70000E+01 3.31609E-01 8.11895E-01
 1.80000E+01 7.19859E-01 7.96865E-01
 1.90000E+01 1.67321E+00 8.10589E-01
 2.00000E+01 3.39422E+00 8.06970E-01
 2.10000E+01 5.52916E+00 8.22659E-01
 2.20000E+01 7.11713E+00 8.21660E-01
 2.30000E+01 7.40914E+00 8.34973E-01
 2.40000E+01 8.30206E+00 8.38099E-01
 2.50000E+01 9.62550E+00 8.47770E-01
 2.60000E+01 1.07924E+01 8.55867E-01
 2.70000E+01 1.17874E+01 8.59223E-01
 2.80000E+01 1.26665E+01 8.65682E-01
 2.90000E+01 1.30135E+01 8.72340E-01
 3.00000E+01 1.29267E+01 8.74145E-01
 3.20000E+01 1.21701E+01 8.81176E-01
 3.40000E+01 1.09302E+01 8.84963E-01
 3.60000E+01 9.72304E+00 8.86248E-01
 3.80000E+01 8.49520E+00 8.89963E-01
 4.00000E+01 7.48022E+00 8.91155E-01
 4.20000E+01 6.45088E+00 8.85973E-01
 4.40000E+01 6.38456E+00 8.95722E-01
 4.60000E+01 5.75105E+00 7.93838E-01
 4.80000E+01 6.17476E+00 7.93777E-01
 5.00000E+01 6.79264E+00 7.97532E-01
 5.20000E+01 7.81109E+00 8.03269E-01
 5.40000E+01 9.39092E+00 8.10238E-01
 5.60000E+01 1.08462E+01 8.08535E-01
 5.80000E+01 1.20968E+01 7.98234E-01
 6.00000E+01 1.27856E+01 7.92179E-01
