# p + 120Sn: Production of 117In - Total
# Q-value    = 2.70935E+00 mass= 116.904516
# E-threshold= 0.00000E+00
# # energies =   103
#     E          xs
 1.00000E-11 0.00000E+00
 2.53000E-08 0.00000E+00
 2.00000E-07 0.00000E+00
 1.00000E-06 0.00000E+00
 1.00000E-05 0.00000E+00
 1.00000E-04 0.00000E+00
 1.00000E-03 0.00000E+00
 2.00000E-03 0.00000E+00
 4.00000E-03 0.00000E+00
 7.00000E-03 0.00000E+00
 1.00000E-02 0.00000E+00
 2.00000E-02 0.00000E+00
 4.00000E-02 0.00000E+00
 7.00000E-02 0.00000E+00
 1.00000E-01 0.00000E+00
 2.00000E-01 0.00000E+00
 3.00000E-01 0.00000E+00
 4.00000E-01 0.00000E+00
 5.00000E-01 0.00000E+00
 6.00000E-01 0.00000E+00
 7.00000E-01 0.00000E+00
 8.00000E-01 0.00000E+00
 9.00000E-01 0.00000E+00
 1.00000E+00 0.00000E+00
 1.20000E+00 0.00000E+00
 1.40000E+00 0.00000E+00
 1.60000E+00 0.00000E+00
 1.80000E+00 1.00000E-07
 2.00000E+00 1.00000E-07
 2.20000E+00 1.00000E-07
 2.40000E+00 1.00000E-07
 2.60000E+00 1.00000E-07
 2.80000E+00 1.00000E-07
 3.00000E+00 1.00000E-07
 3.20000E+00 1.00000E-07
 3.40000E+00 1.00000E-07
 3.60000E+00 1.00000E-07
 3.80000E+00 1.00000E-07
 4.00000E+00 1.00000E-07
 4.20000E+00 1.00000E-07
 4.40000E+00 1.00000E-07
 4.60000E+00 1.00000E-07
 4.80000E+00 1.00000E-07
 5.00000E+00 1.00000E-07
 5.20000E+00 1.00000E-07
 5.40000E+00 1.00000E-07
 5.60000E+00 1.00000E-07
 5.80000E+00 1.00000E-07
 6.00000E+00 1.00000E-07
 6.20000E+00 1.00000E-07
 6.40000E+00 1.00000E-07
 6.60000E+00 1.00000E-07
 6.80000E+00 1.00000E-07
 7.00000E+00 1.00000E-07
 7.20000E+00 1.00000E-07
 7.40000E+00 1.00000E-07
 7.60000E+00 1.00000E-07
 7.80000E+00 1.00000E-07
 8.00000E+00 1.00000E-07
 8.50000E+00 1.58319E-03
 9.00000E+00 3.01952E-03
 9.50000E+00 5.12284E-03
 1.00000E+01 7.99391E-03
 1.05000E+01 1.21972E-02
 1.10000E+01 1.85684E-02
 1.15000E+01 2.87308E-02
 1.20000E+01 4.52271E-02
 1.25000E+01 7.18655E-02
 1.30000E+01 1.13030E-01
 1.35000E+01 1.73471E-01
 1.40000E+01 2.58155E-01
 1.45000E+01 3.71720E-01
 1.50000E+01 5.19190E-01
 1.60000E+01 9.40369E-01
 1.70000E+01 1.58855E+00
 1.80000E+01 2.65069E+00
 1.90000E+01 4.87468E+00
 2.00000E+01 9.32178E+00
 2.10000E+01 1.09659E+01
 2.20000E+01 1.11269E+01
 2.30000E+01 7.16546E+00
 2.40000E+01 5.81041E+00
 2.50000E+01 5.13481E+00
 2.60000E+01 4.44842E+00
 2.70000E+01 4.02573E+00
 2.80000E+01 3.56903E+00
 2.90000E+01 3.16426E+00
 3.00000E+01 2.95513E+00
 3.20000E+01 2.34662E+00
 3.40000E+01 2.22815E+00
 3.60000E+01 2.27810E+00
 3.80000E+01 2.82642E+00
 4.00000E+01 3.45734E+00
 4.20000E+01 4.28790E+00
 4.40000E+01 5.20859E+00
 4.60000E+01 5.80319E+00
 4.80000E+01 6.74934E+00
 5.00000E+01 7.99945E+00
 5.20000E+01 9.11570E+00
 5.40000E+01 1.03542E+01
 5.60000E+01 1.17782E+01
 5.80000E+01 1.34549E+01
 6.00000E+01 1.49365E+01
