# p + 114Sn: Production of 110In - Ground state
# Q-value    =-7.29703E+00 mass= 109.907171
# E-threshold= 7.36156E+00
# # energies =   103
#     E          xs      Branching
 1.00000E-11 0.00000E+00 0.00000E+00
 2.53000E-08 0.00000E+00 0.00000E+00
 2.00000E-07 0.00000E+00 0.00000E+00
 1.00000E-06 0.00000E+00 0.00000E+00
 1.00000E-05 0.00000E+00 0.00000E+00
 1.00000E-04 0.00000E+00 0.00000E+00
 1.00000E-03 0.00000E+00 0.00000E+00
 2.00000E-03 0.00000E+00 0.00000E+00
 4.00000E-03 0.00000E+00 0.00000E+00
 7.00000E-03 0.00000E+00 0.00000E+00
 1.00000E-02 0.00000E+00 0.00000E+00
 2.00000E-02 0.00000E+00 0.00000E+00
 4.00000E-02 0.00000E+00 0.00000E+00
 7.00000E-02 0.00000E+00 0.00000E+00
 1.00000E-01 0.00000E+00 0.00000E+00
 2.00000E-01 0.00000E+00 0.00000E+00
 3.00000E-01 0.00000E+00 0.00000E+00
 4.00000E-01 0.00000E+00 0.00000E+00
 5.00000E-01 0.00000E+00 0.00000E+00
 6.00000E-01 0.00000E+00 0.00000E+00
 7.00000E-01 0.00000E+00 0.00000E+00
 8.00000E-01 0.00000E+00 0.00000E+00
 9.00000E-01 0.00000E+00 0.00000E+00
 1.00000E+00 0.00000E+00 0.00000E+00
 1.20000E+00 0.00000E+00 0.00000E+00
 1.40000E+00 0.00000E+00 0.00000E+00
 1.60000E+00 0.00000E+00 0.00000E+00
 1.80000E+00 0.00000E+00 0.00000E+00
 2.00000E+00 0.00000E+00 0.00000E+00
 2.20000E+00 0.00000E+00 0.00000E+00
 2.40000E+00 0.00000E+00 0.00000E+00
 2.60000E+00 0.00000E+00 0.00000E+00
 2.80000E+00 0.00000E+00 0.00000E+00
 3.00000E+00 0.00000E+00 0.00000E+00
 3.20000E+00 0.00000E+00 0.00000E+00
 3.40000E+00 0.00000E+00 0.00000E+00
 3.60000E+00 0.00000E+00 0.00000E+00
 3.80000E+00 0.00000E+00 0.00000E+00
 4.00000E+00 0.00000E+00 0.00000E+00
 4.20000E+00 0.00000E+00 0.00000E+00
 4.40000E+00 0.00000E+00 0.00000E+00
 4.60000E+00 0.00000E+00 0.00000E+00
 4.80000E+00 0.00000E+00 0.00000E+00
 5.00000E+00 0.00000E+00 0.00000E+00
 5.20000E+00 0.00000E+00 0.00000E+00
 5.40000E+00 0.00000E+00 0.00000E+00
 5.60000E+00 0.00000E+00 0.00000E+00
 5.80000E+00 0.00000E+00 0.00000E+00
 6.00000E+00 0.00000E+00 0.00000E+00
 6.20000E+00 0.00000E+00 0.00000E+00
 6.40000E+00 0.00000E+00 0.00000E+00
 6.60000E+00 0.00000E+00 0.00000E+00
 6.80000E+00 0.00000E+00 0.00000E+00
 7.00000E+00 0.00000E+00 0.00000E+00
 7.20000E+00 0.00000E+00 0.00000E+00
 7.40000E+00 0.00000E+00 0.00000E+00
 7.60000E+00 0.00000E+00 0.00000E+00
 7.80000E+00 0.00000E+00 0.00000E+00
 8.00000E+00 0.00000E+00 0.00000E+00
 8.50000E+00 0.00000E+00 0.00000E+00
 9.00000E+00 0.00000E+00 0.00000E+00
 9.50000E+00 0.00000E+00 0.00000E+00
 1.00000E+01 0.00000E+00 0.00000E+00
 1.05000E+01 0.00000E+00 0.00000E+00
 1.10000E+01 0.00000E+00 0.00000E+00
 1.15000E+01 0.00000E+00 0.00000E+00
 1.20000E+01 0.00000E+00 0.00000E+00
 1.25000E+01 0.00000E+00 0.00000E+00
 1.30000E+01 0.00000E+00 0.00000E+00
 1.35000E+01 0.00000E+00 0.00000E+00
 1.40000E+01 0.00000E+00 0.00000E+00
 1.45000E+01 0.00000E+00 0.00000E+00
 1.50000E+01 0.00000E+00 0.00000E+00
 1.60000E+01 3.75185E-03 2.67869E-01
 1.70000E+01 2.89842E-02 2.76458E-01
 1.80000E+01 1.16110E-01 2.66958E-01
 1.90000E+01 3.53047E-01 2.71953E-01
 2.00000E+01 9.88841E-01 2.91530E-01
 2.10000E+01 2.19715E+00 3.04315E-01
 2.20000E+01 3.75066E+00 3.05699E-01
 2.30000E+01 5.64281E+00 3.23367E-01
 2.40000E+01 7.27022E+00 3.35209E-01
 2.50000E+01 8.92601E+00 3.46612E-01
 2.60000E+01 1.05888E+01 3.60249E-01
 2.70000E+01 1.21594E+01 3.71313E-01
 2.80000E+01 1.35587E+01 3.84879E-01
 2.90000E+01 1.47277E+01 3.98377E-01
 3.00000E+01 1.51312E+01 4.15976E-01
 3.20000E+01 1.40918E+01 4.51240E-01
 3.40000E+01 1.12585E+01 4.70248E-01
 3.60000E+01 8.45520E+00 4.66539E-01
 3.80000E+01 6.40709E+00 4.46412E-01
 4.00000E+01 5.06888E+00 4.35235E-01
 4.20000E+01 4.22778E+00 4.22896E-01
 4.40000E+01 3.75764E+00 4.26684E-01
 4.60000E+01 3.53888E+00 4.15176E-01
 4.80000E+01 3.74876E+00 4.22990E-01
 5.00000E+01 5.16978E+00 4.54828E-01
 5.20000E+01 8.10732E+00 4.55297E-01
 5.40000E+01 1.29780E+01 4.59448E-01
 5.60000E+01 1.81578E+01 4.58710E-01
 5.80000E+01 2.41465E+01 4.64911E-01
 6.00000E+01 2.94704E+01 4.56017E-01
