# p + 124Sn: Production of 121In - Ground state
# Q-value    = 2.46718E+00 mass= 120.907853
# E-threshold= 0.00000E+00
# # energies =   103
#     E          xs      Branching
 1.00000E-11 0.00000E+00 0.00000E+00
 2.53000E-08 0.00000E+00 0.00000E+00
 2.00000E-07 0.00000E+00 0.00000E+00
 1.00000E-06 0.00000E+00 0.00000E+00
 1.00000E-05 0.00000E+00 0.00000E+00
 1.00000E-04 0.00000E+00 0.00000E+00
 1.00000E-03 0.00000E+00 0.00000E+00
 2.00000E-03 0.00000E+00 0.00000E+00
 4.00000E-03 0.00000E+00 0.00000E+00
 7.00000E-03 0.00000E+00 0.00000E+00
 1.00000E-02 0.00000E+00 0.00000E+00
 2.00000E-02 0.00000E+00 0.00000E+00
 4.00000E-02 0.00000E+00 0.00000E+00
 7.00000E-02 0.00000E+00 0.00000E+00
 1.00000E-01 0.00000E+00 0.00000E+00
 2.00000E-01 0.00000E+00 0.00000E+00
 3.00000E-01 0.00000E+00 0.00000E+00
 4.00000E-01 0.00000E+00 0.00000E+00
 5.00000E-01 0.00000E+00 0.00000E+00
 6.00000E-01 0.00000E+00 0.00000E+00
 7.00000E-01 0.00000E+00 0.00000E+00
 8.00000E-01 0.00000E+00 0.00000E+00
 9.00000E-01 0.00000E+00 0.00000E+00
 1.00000E+00 0.00000E+00 0.00000E+00
 1.20000E+00 0.00000E+00 0.00000E+00
 1.40000E+00 0.00000E+00 0.00000E+00
 1.60000E+00 0.00000E+00 0.00000E+00
 1.80000E+00 0.00000E+00 0.00000E+00
 2.00000E+00 0.00000E+00 0.00000E+00
 2.20000E+00 0.00000E+00 0.00000E+00
 2.40000E+00 0.00000E+00 0.00000E+00
 2.60000E+00 0.00000E+00 0.00000E+00
 2.80000E+00 0.00000E+00 0.00000E+00
 3.00000E+00 0.00000E+00 0.00000E+00
 3.20000E+00 0.00000E+00 0.00000E+00
 3.40000E+00 0.00000E+00 0.00000E+00
 3.60000E+00 0.00000E+00 0.00000E+00
 3.80000E+00 0.00000E+00 0.00000E+00
 4.00000E+00 0.00000E+00 0.00000E+00
 4.20000E+00 0.00000E+00 0.00000E+00
 4.40000E+00 0.00000E+00 0.00000E+00
 4.60000E+00 6.18900E-11 0.00000E+00
 4.80000E+00 2.04425E-10 0.00000E+00
 5.00000E+00 4.45299E-10 0.00000E+00
 5.20000E+00 4.43891E-09 0.00000E+00
 5.40000E+00 9.60314E-09 0.00000E+00
 5.60000E+00 1.79181E-08 0.00000E+00
 5.80000E+00 4.16530E-08 0.00000E+00
 6.00000E+00 7.35960E-08 0.00000E+00
 6.20000E+00 1.45888E-07 0.00000E+00
 6.40000E+00 2.69346E-07 0.00000E+00
 6.60000E+00 4.30101E-07 0.00000E+00
 6.80000E+00 8.41821E-07 0.00000E+00
 7.00000E+00 1.34328E-06 0.00000E+00
 7.20000E+00 2.29258E-06 0.00000E+00
 7.40000E+00 3.80328E-06 0.00000E+00
 7.60000E+00 5.49497E-06 0.00000E+00
 7.80000E+00 8.74457E-06 0.00000E+00
 8.00000E+00 1.22130E-05 0.00000E+00
 8.50000E+00 2.39845E-05 0.00000E+00
 9.00000E+00 4.13433E-05 0.00000E+00
 9.50000E+00 6.42210E-05 0.00000E+00
 1.00000E+01 5.74497E-04 5.40166E-01
 1.05000E+01 1.28081E-03 5.75289E-01
 1.10000E+01 2.77882E-03 6.07519E-01
 1.15000E+01 5.83255E-03 6.35500E-01
 1.20000E+01 1.17129E-02 6.59527E-01
 1.25000E+01 2.22920E-02 6.80149E-01
 1.30000E+01 4.00432E-02 6.98630E-01
 1.35000E+01 6.79279E-02 7.15040E-01
 1.40000E+01 1.09238E-01 7.29703E-01
 1.45000E+01 1.67185E-01 7.42443E-01
 1.50000E+01 2.45737E-01 7.53887E-01
 1.60000E+01 4.83847E-01 7.73688E-01
 1.70000E+01 8.84633E-01 7.90336E-01
 1.80000E+01 1.58580E+00 8.03850E-01
 1.90000E+01 3.19306E+00 8.13359E-01
 2.00000E+01 6.37475E+00 8.19583E-01
 2.10000E+01 7.39621E+00 8.26462E-01
 2.20000E+01 7.23396E+00 8.26116E-01
 2.30000E+01 4.40578E+00 8.32020E-01
 2.40000E+01 3.40352E+00 8.27194E-01
 2.50000E+01 2.91458E+00 8.35061E-01
 2.60000E+01 2.40301E+00 8.28139E-01
 2.70000E+01 2.19950E+00 8.34947E-01
 2.80000E+01 1.98424E+00 8.38210E-01
 2.90000E+01 1.63786E+00 8.28489E-01
 3.00000E+01 1.54854E+00 8.35835E-01
 3.20000E+01 1.16133E+00 8.29602E-01
 3.40000E+01 1.17878E+00 8.34991E-01
 3.60000E+01 1.22901E+00 8.25457E-01
 3.80000E+01 1.60188E+00 8.22714E-01
 4.00000E+01 2.05472E+00 8.25431E-01
 4.20000E+01 2.48591E+00 8.31843E-01
 4.40000E+01 2.94740E+00 8.31207E-01
 4.60000E+01 3.49315E+00 8.45676E-01
 4.80000E+01 3.85411E+00 8.43486E-01
 5.00000E+01 4.20286E+00 8.37378E-01
 5.20000E+01 5.19585E+00 8.45688E-01
 5.40000E+01 6.00696E+00 8.20028E-01
 5.60000E+01 6.59877E+00 7.86063E-01
 5.80000E+01 7.53985E+00 7.99013E-01
 6.00000E+01 8.62130E+00 8.05838E-01
