# p + 119Sn: Production of 115In - Ground state
# Q-value    =-3.73589E+00 mass= 114.903879
# E-threshold= 3.76754E+00
# # energies =   103
#     E          xs      Branching
 1.00000E-11 0.00000E+00 0.00000E+00
 2.53000E-08 0.00000E+00 0.00000E+00
 2.00000E-07 0.00000E+00 0.00000E+00
 1.00000E-06 0.00000E+00 0.00000E+00
 1.00000E-05 0.00000E+00 0.00000E+00
 1.00000E-04 0.00000E+00 0.00000E+00
 1.00000E-03 0.00000E+00 0.00000E+00
 2.00000E-03 0.00000E+00 0.00000E+00
 4.00000E-03 0.00000E+00 0.00000E+00
 7.00000E-03 0.00000E+00 0.00000E+00
 1.00000E-02 0.00000E+00 0.00000E+00
 2.00000E-02 0.00000E+00 0.00000E+00
 4.00000E-02 0.00000E+00 0.00000E+00
 7.00000E-02 0.00000E+00 0.00000E+00
 1.00000E-01 0.00000E+00 0.00000E+00
 2.00000E-01 0.00000E+00 0.00000E+00
 3.00000E-01 0.00000E+00 0.00000E+00
 4.00000E-01 0.00000E+00 0.00000E+00
 5.00000E-01 0.00000E+00 0.00000E+00
 6.00000E-01 0.00000E+00 0.00000E+00
 7.00000E-01 0.00000E+00 0.00000E+00
 8.00000E-01 0.00000E+00 0.00000E+00
 9.00000E-01 0.00000E+00 0.00000E+00
 1.00000E+00 0.00000E+00 0.00000E+00
 1.20000E+00 0.00000E+00 0.00000E+00
 1.40000E+00 0.00000E+00 0.00000E+00
 1.60000E+00 0.00000E+00 0.00000E+00
 1.80000E+00 0.00000E+00 0.00000E+00
 2.00000E+00 0.00000E+00 0.00000E+00
 2.20000E+00 0.00000E+00 0.00000E+00
 2.40000E+00 0.00000E+00 0.00000E+00
 2.60000E+00 0.00000E+00 0.00000E+00
 2.80000E+00 0.00000E+00 0.00000E+00
 3.00000E+00 0.00000E+00 0.00000E+00
 3.20000E+00 0.00000E+00 0.00000E+00
 3.40000E+00 0.00000E+00 0.00000E+00
 3.60000E+00 0.00000E+00 0.00000E+00
 3.80000E+00 0.00000E+00 0.00000E+00
 4.00000E+00 0.00000E+00 0.00000E+00
 4.20000E+00 0.00000E+00 0.00000E+00
 4.40000E+00 0.00000E+00 0.00000E+00
 4.60000E+00 0.00000E+00 0.00000E+00
 4.80000E+00 0.00000E+00 0.00000E+00
 5.00000E+00 0.00000E+00 0.00000E+00
 5.20000E+00 0.00000E+00 0.00000E+00
 5.40000E+00 0.00000E+00 0.00000E+00
 5.60000E+00 0.00000E+00 0.00000E+00
 5.80000E+00 0.00000E+00 0.00000E+00
 6.00000E+00 0.00000E+00 0.00000E+00
 6.20000E+00 0.00000E+00 0.00000E+00
 6.40000E+00 0.00000E+00 0.00000E+00
 6.60000E+00 0.00000E+00 0.00000E+00
 6.80000E+00 0.00000E+00 0.00000E+00
 7.00000E+00 0.00000E+00 0.00000E+00
 7.20000E+00 0.00000E+00 0.00000E+00
 7.40000E+00 0.00000E+00 0.00000E+00
 7.60000E+00 0.00000E+00 0.00000E+00
 7.80000E+00 0.00000E+00 0.00000E+00
 8.00000E+00 0.00000E+00 0.00000E+00
 8.50000E+00 0.00000E+00 0.00000E+00
 9.00000E+00 0.00000E+00 0.00000E+00
 9.50000E+00 0.00000E+00 0.00000E+00
 1.00000E+01 0.00000E+00 0.00000E+00
 1.05000E+01 0.00000E+00 0.00000E+00
 1.10000E+01 0.00000E+00 0.00000E+00
 1.15000E+01 0.00000E+00 0.00000E+00
 1.20000E+01 0.00000E+00 0.00000E+00
 1.25000E+01 0.00000E+00 0.00000E+00
 1.30000E+01 9.81288E-04 8.09330E-01
 1.35000E+01 2.30530E-03 7.87811E-01
 1.40000E+01 5.35451E-03 8.00989E-01
 1.45000E+01 1.14445E-02 7.81163E-01
 1.50000E+01 3.03164E-02 8.17712E-01
 1.60000E+01 1.19143E-01 8.03931E-01
 1.70000E+01 2.97780E-01 7.61280E-01
 1.80000E+01 7.89688E-01 7.83765E-01
 1.90000E+01 1.88784E+00 7.78255E-01
 2.00000E+01 3.83006E+00 7.70059E-01
 2.10000E+01 5.94918E+00 7.70480E-01
 2.20000E+01 7.06713E+00 7.69109E-01
 2.30000E+01 6.75600E+00 7.54978E-01
 2.40000E+01 7.62882E+00 7.60610E-01
 2.50000E+01 8.35281E+00 7.56209E-01
 2.60000E+01 9.09115E+00 7.50604E-01
 2.70000E+01 9.69331E+00 7.52211E-01
 2.80000E+01 9.82247E+00 7.45775E-01
 2.90000E+01 9.69730E+00 7.38890E-01
 3.00000E+01 9.43760E+00 7.36047E-01
 3.20000E+01 8.48100E+00 7.29579E-01
 3.40000E+01 7.39333E+00 7.21376E-01
 3.60000E+01 6.49401E+00 7.19066E-01
 3.80000E+01 5.53965E+00 7.13017E-01
 4.00000E+01 4.64769E+00 7.07191E-01
 4.20000E+01 4.49284E+00 7.20650E-01
 4.40000E+01 4.30811E+00 7.17793E-01
 4.60000E+01 4.42441E+00 7.19580E-01
 4.80000E+01 4.76214E+00 7.21779E-01
 5.00000E+01 5.59755E+00 7.26801E-01
 5.20000E+01 6.51623E+00 7.27350E-01
 5.40000E+01 7.49161E+00 7.27649E-01
 5.60000E+01 8.42199E+00 7.22182E-01
 5.80000E+01 8.96450E+00 7.12148E-01
 6.00000E+01 1.02109E+01 7.12118E-01
