# p + 122Sn: Production of 118In - Level  3     0.20000 MeV
# Q-value    =-6.11904E+00 mass= 117.906357
# E-threshold= 6.16960E+00
# # energies =   103
#     E          xs      Branching
 1.00000E-11 0.00000E+00 0.00000E+00
 2.53000E-08 0.00000E+00 0.00000E+00
 2.00000E-07 0.00000E+00 0.00000E+00
 1.00000E-06 0.00000E+00 0.00000E+00
 1.00000E-05 0.00000E+00 0.00000E+00
 1.00000E-04 0.00000E+00 0.00000E+00
 1.00000E-03 0.00000E+00 0.00000E+00
 2.00000E-03 0.00000E+00 0.00000E+00
 4.00000E-03 0.00000E+00 0.00000E+00
 7.00000E-03 0.00000E+00 0.00000E+00
 1.00000E-02 0.00000E+00 0.00000E+00
 2.00000E-02 0.00000E+00 0.00000E+00
 4.00000E-02 0.00000E+00 0.00000E+00
 7.00000E-02 0.00000E+00 0.00000E+00
 1.00000E-01 0.00000E+00 0.00000E+00
 2.00000E-01 0.00000E+00 0.00000E+00
 3.00000E-01 0.00000E+00 0.00000E+00
 4.00000E-01 0.00000E+00 0.00000E+00
 5.00000E-01 0.00000E+00 0.00000E+00
 6.00000E-01 0.00000E+00 0.00000E+00
 7.00000E-01 0.00000E+00 0.00000E+00
 8.00000E-01 0.00000E+00 0.00000E+00
 9.00000E-01 0.00000E+00 0.00000E+00
 1.00000E+00 0.00000E+00 0.00000E+00
 1.20000E+00 0.00000E+00 0.00000E+00
 1.40000E+00 0.00000E+00 0.00000E+00
 1.60000E+00 0.00000E+00 0.00000E+00
 1.80000E+00 0.00000E+00 0.00000E+00
 2.00000E+00 0.00000E+00 0.00000E+00
 2.20000E+00 0.00000E+00 0.00000E+00
 2.40000E+00 0.00000E+00 0.00000E+00
 2.60000E+00 0.00000E+00 0.00000E+00
 2.80000E+00 0.00000E+00 0.00000E+00
 3.00000E+00 0.00000E+00 0.00000E+00
 3.20000E+00 0.00000E+00 0.00000E+00
 3.40000E+00 0.00000E+00 0.00000E+00
 3.60000E+00 0.00000E+00 0.00000E+00
 3.80000E+00 0.00000E+00 0.00000E+00
 4.00000E+00 0.00000E+00 0.00000E+00
 4.20000E+00 0.00000E+00 0.00000E+00
 4.40000E+00 0.00000E+00 0.00000E+00
 4.60000E+00 0.00000E+00 0.00000E+00
 4.80000E+00 0.00000E+00 0.00000E+00
 5.00000E+00 0.00000E+00 0.00000E+00
 5.20000E+00 0.00000E+00 0.00000E+00
 5.40000E+00 0.00000E+00 0.00000E+00
 5.60000E+00 0.00000E+00 0.00000E+00
 5.80000E+00 0.00000E+00 0.00000E+00
 6.00000E+00 0.00000E+00 0.00000E+00
 6.20000E+00 0.00000E+00 0.00000E+00
 6.40000E+00 0.00000E+00 0.00000E+00
 6.60000E+00 0.00000E+00 0.00000E+00
 6.80000E+00 0.00000E+00 0.00000E+00
 7.00000E+00 0.00000E+00 0.00000E+00
 7.20000E+00 0.00000E+00 0.00000E+00
 7.40000E+00 0.00000E+00 0.00000E+00
 7.60000E+00 0.00000E+00 0.00000E+00
 7.80000E+00 0.00000E+00 0.00000E+00
 8.00000E+00 0.00000E+00 0.00000E+00
 8.50000E+00 0.00000E+00 0.00000E+00
 9.00000E+00 0.00000E+00 0.00000E+00
 9.50000E+00 0.00000E+00 0.00000E+00
 1.00000E+01 0.00000E+00 0.00000E+00
 1.05000E+01 0.00000E+00 0.00000E+00
 1.10000E+01 0.00000E+00 0.00000E+00
 1.15000E+01 0.00000E+00 0.00000E+00
 1.20000E+01 0.00000E+00 0.00000E+00
 1.25000E+01 0.00000E+00 0.00000E+00
 1.30000E+01 0.00000E+00 0.00000E+00
 1.35000E+01 0.00000E+00 0.00000E+00
 1.40000E+01 0.00000E+00 0.00000E+00
 1.45000E+01 0.00000E+00 0.00000E+00
 1.50000E+01 0.00000E+00 0.00000E+00
 1.60000E+01 2.84594E-04 1.30745E-01
 1.70000E+01 2.57308E-03 1.61809E-01
 1.80000E+01 1.52129E-02 1.98487E-01
 1.90000E+01 6.59642E-02 2.33014E-01
 2.00000E+01 3.05263E-01 3.22691E-01
 2.10000E+01 7.71092E-01 3.50193E-01
 2.20000E+01 1.25864E+00 3.60500E-01
 2.30000E+01 1.46826E+00 3.80021E-01
 2.40000E+01 1.78777E+00 3.87455E-01
 2.50000E+01 2.27200E+00 4.09303E-01
 2.60000E+01 2.66826E+00 4.30523E-01
 2.70000E+01 3.11510E+00 4.48043E-01
 2.80000E+01 3.44844E+00 4.78618E-01
 2.90000E+01 3.69549E+00 4.97904E-01
 3.00000E+01 3.88944E+00 5.18878E-01
 3.20000E+01 3.95487E+00 5.51957E-01
 3.40000E+01 3.80258E+00 5.72454E-01
 3.60000E+01 3.41982E+00 5.81566E-01
 3.80000E+01 3.04766E+00 5.95420E-01
 4.00000E+01 2.67543E+00 5.98476E-01
 4.20000E+01 2.34049E+00 6.00955E-01
 4.40000E+01 2.12435E+00 5.82321E-01
 4.60000E+01 2.24192E+00 5.83017E-01
 4.80000E+01 2.36600E+00 5.69918E-01
 5.00000E+01 2.50905E+00 5.53061E-01
 5.20000E+01 2.88658E+00 5.52631E-01
 5.40000E+01 3.36655E+00 5.62307E-01
 5.60000E+01 3.77350E+00 5.67970E-01
 5.80000E+01 3.99983E+00 5.52545E-01
 6.00000E+01 4.26776E+00 5.27771E-01
