# p + 119Sn: Production of 116In - Total
# Q-value    = 3.04883E+00 mass= 115.905260
# E-threshold= 0.00000E+00
# # energies =   103
#     E          xs
 1.00000E-11 0.00000E+00
 2.53000E-08 0.00000E+00
 2.00000E-07 0.00000E+00
 1.00000E-06 0.00000E+00
 1.00000E-05 0.00000E+00
 1.00000E-04 0.00000E+00
 1.00000E-03 0.00000E+00
 2.00000E-03 0.00000E+00
 4.00000E-03 0.00000E+00
 7.00000E-03 0.00000E+00
 1.00000E-02 0.00000E+00
 2.00000E-02 0.00000E+00
 4.00000E-02 0.00000E+00
 7.00000E-02 0.00000E+00
 1.00000E-01 0.00000E+00
 2.00000E-01 0.00000E+00
 3.00000E-01 0.00000E+00
 4.00000E-01 0.00000E+00
 5.00000E-01 0.00000E+00
 6.00000E-01 0.00000E+00
 7.00000E-01 0.00000E+00
 8.00000E-01 0.00000E+00
 9.00000E-01 0.00000E+00
 1.00000E+00 0.00000E+00
 1.20000E+00 0.00000E+00
 1.40000E+00 0.00000E+00
 1.60000E+00 0.00000E+00
 1.80000E+00 1.00000E-07
 2.00000E+00 1.00000E-07
 2.20000E+00 1.00000E-07
 2.40000E+00 1.00000E-07
 2.60000E+00 1.00000E-07
 2.80000E+00 1.00000E-07
 3.00000E+00 1.00000E-07
 3.20000E+00 1.00000E-07
 3.40000E+00 1.00000E-07
 3.60000E+00 1.00000E-07
 3.80000E+00 1.00000E-07
 4.00000E+00 1.00000E-07
 4.20000E+00 1.00000E-07
 4.40000E+00 1.00000E-07
 4.60000E+00 1.00000E-07
 4.80000E+00 1.00000E-07
 5.00000E+00 1.00000E-07
 5.20000E+00 1.00000E-07
 5.40000E+00 1.00000E-07
 5.60000E+00 1.00000E-07
 5.80000E+00 1.00000E-07
 6.00000E+00 1.00000E-07
 6.20000E+00 1.00000E-07
 6.40000E+00 1.00000E-07
 6.60000E+00 1.00000E-07
 6.80000E+00 1.00000E-07
 7.00000E+00 1.00000E-07
 7.20000E+00 1.00000E-07
 7.40000E+00 1.00000E-07
 7.60000E+00 1.00000E-07
 7.80000E+00 1.40337E-03
 8.00000E+00 1.99473E-03
 8.50000E+00 4.63776E-03
 9.00000E+00 9.80300E-03
 9.50000E+00 1.91983E-02
 1.00000E+01 3.53998E-02
 1.05000E+01 6.22325E-02
 1.10000E+01 1.04688E-01
 1.15000E+01 1.68456E-01
 1.20000E+01 2.59843E-01
 1.25000E+01 3.84448E-01
 1.30000E+01 5.47503E-01
 1.35000E+01 7.55233E-01
 1.40000E+01 1.00757E+00
 1.45000E+01 1.30746E+00
 1.50000E+01 1.65083E+00
 1.60000E+01 2.47310E+00
 1.70000E+01 3.56995E+00
 1.80000E+01 5.23471E+00
 1.90000E+01 8.97759E+00
 2.00000E+01 1.35887E+01
 2.10000E+01 1.43332E+01
 2.20000E+01 1.20340E+01
 2.30000E+01 7.96511E+00
 2.40000E+01 6.31526E+00
 2.50000E+01 5.40598E+00
 2.60000E+01 4.67117E+00
 2.70000E+01 4.09141E+00
 2.80000E+01 3.64271E+00
 2.90000E+01 3.24996E+00
 3.00000E+01 2.83359E+00
 3.20000E+01 2.40758E+00
 3.40000E+01 2.40882E+00
 3.60000E+01 2.74042E+00
 3.80000E+01 3.38946E+00
 4.00000E+01 4.36826E+00
 4.20000E+01 5.21601E+00
 4.40000E+01 6.20413E+00
 4.60000E+01 7.08061E+00
 4.80000E+01 8.55738E+00
 5.00000E+01 8.98825E+00
 5.20000E+01 1.02353E+01
 5.40000E+01 1.18805E+01
 5.60000E+01 1.26095E+01
 5.80000E+01 1.41710E+01
 6.00000E+01 1.58328E+01
