# p + 124Sn: Production of 121In - Level  1     0.31368 MeV
# Q-value    = 2.15350E+00 mass= 120.907853
# E-threshold= 0.00000E+00
# # energies =   103
#     E          xs      Branching
 1.00000E-11 0.00000E+00 0.00000E+00
 2.53000E-08 0.00000E+00 0.00000E+00
 2.00000E-07 0.00000E+00 0.00000E+00
 1.00000E-06 0.00000E+00 0.00000E+00
 1.00000E-05 0.00000E+00 0.00000E+00
 1.00000E-04 0.00000E+00 0.00000E+00
 1.00000E-03 0.00000E+00 0.00000E+00
 2.00000E-03 0.00000E+00 0.00000E+00
 4.00000E-03 0.00000E+00 0.00000E+00
 7.00000E-03 0.00000E+00 0.00000E+00
 1.00000E-02 0.00000E+00 0.00000E+00
 2.00000E-02 0.00000E+00 0.00000E+00
 4.00000E-02 0.00000E+00 0.00000E+00
 7.00000E-02 0.00000E+00 0.00000E+00
 1.00000E-01 0.00000E+00 0.00000E+00
 2.00000E-01 0.00000E+00 0.00000E+00
 3.00000E-01 0.00000E+00 0.00000E+00
 4.00000E-01 0.00000E+00 0.00000E+00
 5.00000E-01 0.00000E+00 0.00000E+00
 6.00000E-01 0.00000E+00 0.00000E+00
 7.00000E-01 0.00000E+00 0.00000E+00
 8.00000E-01 0.00000E+00 0.00000E+00
 9.00000E-01 0.00000E+00 0.00000E+00
 1.00000E+00 0.00000E+00 0.00000E+00
 1.20000E+00 0.00000E+00 0.00000E+00
 1.40000E+00 0.00000E+00 0.00000E+00
 1.60000E+00 0.00000E+00 0.00000E+00
 1.80000E+00 0.00000E+00 0.00000E+00
 2.00000E+00 0.00000E+00 0.00000E+00
 2.20000E+00 0.00000E+00 0.00000E+00
 2.40000E+00 0.00000E+00 0.00000E+00
 2.60000E+00 0.00000E+00 0.00000E+00
 2.80000E+00 0.00000E+00 0.00000E+00
 3.00000E+00 0.00000E+00 0.00000E+00
 3.20000E+00 0.00000E+00 0.00000E+00
 3.40000E+00 0.00000E+00 0.00000E+00
 3.60000E+00 0.00000E+00 0.00000E+00
 3.80000E+00 0.00000E+00 0.00000E+00
 4.00000E+00 0.00000E+00 0.00000E+00
 4.20000E+00 0.00000E+00 0.00000E+00
 4.40000E+00 0.00000E+00 0.00000E+00
 4.60000E+00 0.00000E+00 0.00000E+00
 4.80000E+00 0.00000E+00 0.00000E+00
 5.00000E+00 1.77913E-09 0.00000E+00
 5.20000E+00 4.27504E-09 0.00000E+00
 5.40000E+00 8.17515E-09 0.00000E+00
 5.60000E+00 2.19132E-08 0.00000E+00
 5.80000E+00 4.00677E-08 0.00000E+00
 6.00000E+00 8.21784E-08 0.00000E+00
 6.20000E+00 1.56837E-07 0.00000E+00
 6.40000E+00 2.40952E-07 0.00000E+00
 6.60000E+00 4.89330E-07 0.00000E+00
 6.80000E+00 7.65267E-07 0.00000E+00
 7.00000E+00 1.26044E-06 0.00000E+00
 7.20000E+00 2.04540E-06 0.00000E+00
 7.40000E+00 2.80308E-06 0.00000E+00
 7.60000E+00 4.69792E-06 0.00000E+00
 7.80000E+00 6.60925E-06 0.00000E+00
 8.00000E+00 9.09115E-06 0.00000E+00
 8.50000E+00 1.75193E-05 0.00000E+00
 9.00000E+00 2.76309E-05 0.00000E+00
 9.50000E+00 4.06870E-05 0.00000E+00
 1.00000E+01 4.89060E-04 4.59834E-01
 1.05000E+01 9.45569E-04 4.24711E-01
 1.10000E+01 1.79523E-03 3.92481E-01
 1.15000E+01 3.34534E-03 3.64500E-01
 1.20000E+01 6.04664E-03 3.40473E-01
 1.25000E+01 1.04831E-02 3.19851E-01
 1.30000E+01 1.72735E-02 3.01370E-01
 1.35000E+01 2.70708E-02 2.84960E-01
 1.40000E+01 4.04641E-02 2.70297E-01
 1.45000E+01 5.79972E-02 2.57557E-01
 1.50000E+01 8.02230E-02 2.46113E-01
 1.60000E+01 1.41530E-01 2.26312E-01
 1.70000E+01 2.34679E-01 2.09664E-01
 1.80000E+01 3.86955E-01 1.96150E-01
 1.90000E+01 7.32707E-01 1.86641E-01
 2.00000E+01 1.40329E+00 1.80417E-01
 2.10000E+01 1.55304E+00 1.73538E-01
 2.20000E+01 1.52263E+00 1.73884E-01
 2.30000E+01 8.89499E-01 1.67980E-01
 2.40000E+01 7.11017E-01 1.72806E-01
 2.50000E+01 5.75681E-01 1.64939E-01
 2.60000E+01 4.98691E-01 1.71861E-01
 2.70000E+01 4.34798E-01 1.65053E-01
 2.80000E+01 3.82995E-01 1.61790E-01
 2.90000E+01 3.39063E-01 1.71511E-01
 3.00000E+01 3.04146E-01 1.64165E-01
 3.20000E+01 2.38535E-01 1.70398E-01
 3.40000E+01 2.32948E-01 1.65009E-01
 3.60000E+01 2.59876E-01 1.74543E-01
 3.80000E+01 3.45188E-01 1.77286E-01
 4.00000E+01 4.34550E-01 1.74569E-01
 4.20000E+01 5.02526E-01 1.68157E-01
 4.40000E+01 5.98528E-01 1.68793E-01
 4.60000E+01 6.37449E-01 1.54324E-01
 4.80000E+01 7.15152E-01 1.56514E-01
 5.00000E+01 8.16213E-01 1.62622E-01
 5.20000E+01 9.48084E-01 1.54312E-01
 5.40000E+01 1.31835E+00 1.79972E-01
 5.60000E+01 1.79594E+00 2.13937E-01
 5.80000E+01 1.89660E+00 2.00987E-01
 6.00000E+01 2.07726E+00 1.94162E-01
