# p + 116Sn: Production of 113In - Total
# Q-value    = 2.70520E+00 mass= 112.904060
# E-threshold= 0.00000E+00
# # energies =   103
#     E          xs
 1.00000E-11 0.00000E+00
 2.53000E-08 0.00000E+00
 2.00000E-07 0.00000E+00
 1.00000E-06 0.00000E+00
 1.00000E-05 0.00000E+00
 1.00000E-04 0.00000E+00
 1.00000E-03 0.00000E+00
 2.00000E-03 0.00000E+00
 4.00000E-03 0.00000E+00
 7.00000E-03 0.00000E+00
 1.00000E-02 0.00000E+00
 2.00000E-02 0.00000E+00
 4.00000E-02 0.00000E+00
 7.00000E-02 0.00000E+00
 1.00000E-01 0.00000E+00
 2.00000E-01 0.00000E+00
 3.00000E-01 0.00000E+00
 4.00000E-01 0.00000E+00
 5.00000E-01 0.00000E+00
 6.00000E-01 0.00000E+00
 7.00000E-01 0.00000E+00
 8.00000E-01 0.00000E+00
 9.00000E-01 0.00000E+00
 1.00000E+00 0.00000E+00
 1.20000E+00 0.00000E+00
 1.40000E+00 0.00000E+00
 1.60000E+00 0.00000E+00
 1.80000E+00 1.00000E-07
 2.00000E+00 1.00000E-07
 2.20000E+00 1.00000E-07
 2.40000E+00 1.00000E-07
 2.60000E+00 1.00000E-07
 2.80000E+00 1.00000E-07
 3.00000E+00 1.00000E-07
 3.20000E+00 1.00000E-07
 3.40000E+00 1.00000E-07
 3.60000E+00 1.00000E-07
 3.80000E+00 1.00000E-07
 4.00000E+00 1.00000E-07
 4.20000E+00 1.00000E-07
 4.40000E+00 1.00000E-07
 4.60000E+00 1.00000E-07
 4.80000E+00 1.00000E-07
 5.00000E+00 1.00000E-07
 5.20000E+00 1.00000E-07
 5.40000E+00 1.00000E-07
 5.60000E+00 1.00000E-07
 5.80000E+00 1.00000E-07
 6.00000E+00 1.21521E-03
 6.20000E+00 1.56221E-03
 6.40000E+00 1.89548E-03
 6.60000E+00 2.59995E-03
 6.80000E+00 3.37445E-03
 7.00000E+00 4.55602E-03
 7.20000E+00 6.17504E-03
 7.40000E+00 8.02601E-03
 7.60000E+00 1.07925E-02
 7.80000E+00 1.38110E-02
 8.00000E+00 1.80192E-02
 8.50000E+00 3.34781E-02
 9.00000E+00 5.75211E-02
 9.50000E+00 8.97892E-02
 1.00000E+01 1.28657E-01
 1.05000E+01 1.73400E-01
 1.10000E+01 2.24559E-01
 1.15000E+01 2.84685E-01
 1.20000E+01 3.58971E-01
 1.25000E+01 4.52817E-01
 1.30000E+01 5.74973E-01
 1.35000E+01 7.32925E-01
 1.40000E+01 9.36738E-01
 1.45000E+01 1.19206E+00
 1.50000E+01 1.50624E+00
 1.60000E+01 2.33073E+00
 1.70000E+01 3.45107E+00
 1.80000E+01 4.95498E+00
 1.90000E+01 7.12078E+00
 2.00000E+01 1.15249E+01
 2.10000E+01 1.36170E+01
 2.20000E+01 1.46409E+01
 2.30000E+01 1.09035E+01
 2.40000E+01 7.84502E+00
 2.50000E+01 6.71652E+00
 2.60000E+01 5.98917E+00
 2.70000E+01 5.33737E+00
 2.80000E+01 4.83937E+00
 2.90000E+01 4.38864E+00
 3.00000E+01 3.92846E+00
 3.20000E+01 3.31259E+00
 3.40000E+01 2.97215E+00
 3.60000E+01 3.14384E+00
 3.80000E+01 3.70314E+00
 4.00000E+01 4.79704E+00
 4.20000E+01 6.30253E+00
 4.40000E+01 7.90700E+00
 4.60000E+01 9.99525E+00
 4.80000E+01 1.17309E+01
 5.00000E+01 1.34107E+01
 5.20000E+01 1.52126E+01
 5.40000E+01 1.71917E+01
 5.60000E+01 1.82446E+01
 5.80000E+01 1.94252E+01
 6.00000E+01 2.07061E+01
