# p + 112Sn: Production of 109In - Level  1     0.65010 MeV
# Q-value    = 2.04843E+00 mass= 108.907150
# E-threshold= 0.00000E+00
# # energies =   103
#     E          xs      Branching
 1.00000E-11 0.00000E+00 0.00000E+00
 2.53000E-08 0.00000E+00 0.00000E+00
 2.00000E-07 0.00000E+00 0.00000E+00
 1.00000E-06 0.00000E+00 0.00000E+00
 1.00000E-05 0.00000E+00 0.00000E+00
 1.00000E-04 0.00000E+00 0.00000E+00
 1.00000E-03 0.00000E+00 0.00000E+00
 2.00000E-03 0.00000E+00 0.00000E+00
 4.00000E-03 0.00000E+00 0.00000E+00
 7.00000E-03 0.00000E+00 0.00000E+00
 1.00000E-02 0.00000E+00 0.00000E+00
 2.00000E-02 0.00000E+00 0.00000E+00
 4.00000E-02 0.00000E+00 0.00000E+00
 7.00000E-02 0.00000E+00 0.00000E+00
 1.00000E-01 0.00000E+00 0.00000E+00
 2.00000E-01 0.00000E+00 0.00000E+00
 3.00000E-01 0.00000E+00 0.00000E+00
 4.00000E-01 0.00000E+00 0.00000E+00
 5.00000E-01 0.00000E+00 0.00000E+00
 6.00000E-01 0.00000E+00 0.00000E+00
 7.00000E-01 0.00000E+00 0.00000E+00
 8.00000E-01 0.00000E+00 0.00000E+00
 9.00000E-01 0.00000E+00 0.00000E+00
 1.00000E+00 0.00000E+00 0.00000E+00
 1.20000E+00 0.00000E+00 0.00000E+00
 1.40000E+00 0.00000E+00 0.00000E+00
 1.60000E+00 0.00000E+00 0.00000E+00
 1.80000E+00 0.00000E+00 0.00000E+00
 2.00000E+00 0.00000E+00 0.00000E+00
 2.20000E+00 0.00000E+00 0.00000E+00
 2.40000E+00 0.00000E+00 0.00000E+00
 2.60000E+00 0.00000E+00 0.00000E+00
 2.80000E+00 0.00000E+00 0.00000E+00
 3.00000E+00 0.00000E+00 0.00000E+00
 3.20000E+00 0.00000E+00 0.00000E+00
 3.40000E+00 0.00000E+00 0.00000E+00
 3.60000E+00 0.00000E+00 0.00000E+00
 3.80000E+00 0.00000E+00 0.00000E+00
 4.00000E+00 0.00000E+00 0.00000E+00
 4.20000E+00 0.00000E+00 0.00000E+00
 4.40000E+00 0.00000E+00 0.00000E+00
 4.60000E+00 0.00000E+00 0.00000E+00
 4.80000E+00 0.00000E+00 0.00000E+00
 5.00000E+00 4.59103E-06 0.00000E+00
 5.20000E+00 1.46193E-05 0.00000E+00
 5.40000E+00 2.85933E-05 0.00000E+00
 5.60000E+00 1.41120E-04 9.71814E-02
 5.80000E+00 3.02608E-04 1.15953E-01
 6.00000E+00 6.50573E-04 1.15536E-01
 6.20000E+00 1.49057E-03 1.40160E-01
 6.40000E+00 2.76240E-03 1.51999E-01
 6.60000E+00 5.39790E-03 1.55927E-01
 6.80000E+00 9.73277E-03 1.75523E-01
 7.00000E+00 1.65110E-02 1.82356E-01
 7.20000E+00 3.00069E-02 2.10129E-01
 7.40000E+00 4.78472E-02 2.32417E-01
 7.60000E+00 9.17651E-02 2.64356E-01
 7.80000E+00 1.37183E-01 2.88461E-01
 8.00000E+00 1.90598E-01 3.09077E-01
 8.50000E+00 2.89918E-01 3.52940E-01
 9.00000E+00 3.85792E-01 3.46662E-01
 9.50000E+00 5.37090E-01 3.47314E-01
 1.00000E+01 7.50133E-01 3.50496E-01
 1.05000E+01 1.01100E+00 3.49297E-01
 1.10000E+01 1.28955E+00 3.42688E-01
 1.15000E+01 1.55160E+00 3.31244E-01
 1.20000E+01 1.77337E+00 3.15725E-01
 1.25000E+01 1.94818E+00 2.97685E-01
 1.30000E+01 2.08416E+00 2.79592E-01
 1.35000E+01 2.19658E+00 2.62640E-01
 1.40000E+01 2.30370E+00 2.47309E-01
 1.45000E+01 2.41777E+00 2.33649E-01
 1.50000E+01 2.54393E+00 2.21466E-01
 1.60000E+01 2.82249E+00 2.00117E-01
 1.70000E+01 3.07903E+00 1.80928E-01
 1.80000E+01 3.26232E+00 1.62251E-01
 1.90000E+01 3.32828E+00 1.44513E-01
 2.00000E+01 3.36108E+00 1.27755E-01
 2.10000E+01 3.20105E+00 1.15999E-01
 2.20000E+01 2.78691E+00 1.08052E-01
 2.30000E+01 2.06959E+00 1.00865E-01
 2.40000E+01 1.31652E+00 9.63965E-02
 2.50000E+01 1.03638E+00 9.30838E-02
 2.60000E+01 8.38950E-01 9.15142E-02
 2.70000E+01 7.24122E-01 9.01279E-02
 2.80000E+01 6.21284E-01 8.92285E-02
 2.90000E+01 5.57421E-01 8.78120E-02
 3.00000E+01 4.95591E-01 8.81240E-02
 3.20000E+01 4.17690E-01 8.68730E-02
 3.40000E+01 3.85111E-01 8.89593E-02
 3.60000E+01 4.72354E-01 8.59622E-02
 3.80000E+01 8.24499E-01 6.90886E-02
 4.00000E+01 1.81078E+00 6.42992E-02
 4.20000E+01 3.53591E+00 6.67596E-02
 4.40000E+01 5.56598E+00 6.84469E-02
 4.60000E+01 7.88666E+00 6.89752E-02
 4.80000E+01 9.25491E+00 6.65691E-02
 5.00000E+01 1.03897E+01 6.48813E-02
 5.20000E+01 1.04565E+01 6.22676E-02
 5.40000E+01 2.21876E+01 1.34737E-01
 5.60000E+01 2.12825E+01 1.37890E-01
 5.80000E+01 2.03639E+01 1.40138E-01
 6.00000E+01 1.94052E+01 1.44318E-01
