# p + 119Sn: Production of 115In - Total
# Q-value    =-3.73589E+00 mass= 114.903879
# E-threshold= 3.76754E+00
# # energies =   103
#     E          xs
 1.00000E-11 0.00000E+00
 2.53000E-08 0.00000E+00
 2.00000E-07 0.00000E+00
 1.00000E-06 0.00000E+00
 1.00000E-05 0.00000E+00
 1.00000E-04 0.00000E+00
 1.00000E-03 0.00000E+00
 2.00000E-03 0.00000E+00
 4.00000E-03 0.00000E+00
 7.00000E-03 0.00000E+00
 1.00000E-02 0.00000E+00
 2.00000E-02 0.00000E+00
 4.00000E-02 0.00000E+00
 7.00000E-02 0.00000E+00
 1.00000E-01 0.00000E+00
 2.00000E-01 0.00000E+00
 3.00000E-01 0.00000E+00
 4.00000E-01 0.00000E+00
 5.00000E-01 0.00000E+00
 6.00000E-01 0.00000E+00
 7.00000E-01 0.00000E+00
 8.00000E-01 0.00000E+00
 9.00000E-01 0.00000E+00
 1.00000E+00 0.00000E+00
 1.20000E+00 0.00000E+00
 1.40000E+00 0.00000E+00
 1.60000E+00 0.00000E+00
 1.80000E+00 0.00000E+00
 2.00000E+00 0.00000E+00
 2.20000E+00 0.00000E+00
 2.40000E+00 0.00000E+00
 2.60000E+00 0.00000E+00
 2.80000E+00 0.00000E+00
 3.00000E+00 0.00000E+00
 3.20000E+00 0.00000E+00
 3.40000E+00 0.00000E+00
 3.60000E+00 0.00000E+00
 3.80000E+00 0.00000E+00
 4.00000E+00 0.00000E+00
 4.20000E+00 0.00000E+00
 4.40000E+00 0.00000E+00
 4.60000E+00 0.00000E+00
 4.80000E+00 0.00000E+00
 5.00000E+00 0.00000E+00
 5.20000E+00 0.00000E+00
 5.40000E+00 0.00000E+00
 5.60000E+00 0.00000E+00
 5.80000E+00 0.00000E+00
 6.00000E+00 0.00000E+00
 6.20000E+00 0.00000E+00
 6.40000E+00 0.00000E+00
 6.60000E+00 0.00000E+00
 6.80000E+00 0.00000E+00
 7.00000E+00 0.00000E+00
 7.20000E+00 0.00000E+00
 7.40000E+00 0.00000E+00
 7.60000E+00 0.00000E+00
 7.80000E+00 0.00000E+00
 8.00000E+00 0.00000E+00
 8.50000E+00 0.00000E+00
 9.00000E+00 0.00000E+00
 9.50000E+00 0.00000E+00
 1.00000E+01 0.00000E+00
 1.05000E+01 0.00000E+00
 1.10000E+01 0.00000E+00
 1.15000E+01 0.00000E+00
 1.20000E+01 0.00000E+00
 1.25000E+01 0.00000E+00
 1.30000E+01 1.21247E-03
 1.35000E+01 2.92621E-03
 1.40000E+01 6.68487E-03
 1.45000E+01 1.46506E-02
 1.50000E+01 3.70746E-02
 1.60000E+01 1.48201E-01
 1.70000E+01 3.91157E-01
 1.80000E+01 1.00756E+00
 1.90000E+01 2.42573E+00
 2.00000E+01 4.97372E+00
 2.10000E+01 7.72140E+00
 2.20000E+01 9.18872E+00
 2.30000E+01 8.94861E+00
 2.40000E+01 1.00299E+01
 2.50000E+01 1.10456E+01
 2.60000E+01 1.21118E+01
 2.70000E+01 1.28864E+01
 2.80000E+01 1.31708E+01
 2.90000E+01 1.31242E+01
 3.00000E+01 1.28220E+01
 3.20000E+01 1.16245E+01
 3.40000E+01 1.02489E+01
 3.60000E+01 9.03117E+00
 3.80000E+01 7.76931E+00
 4.00000E+01 6.57203E+00
 4.20000E+01 6.23443E+00
 4.40000E+01 6.00189E+00
 4.60000E+01 6.14861E+00
 4.80000E+01 6.59778E+00
 5.00000E+01 7.70163E+00
 5.20000E+01 8.95886E+00
 5.40000E+01 1.02956E+01
 5.60000E+01 1.16619E+01
 5.80000E+01 1.25880E+01
 6.00000E+01 1.43387E+01
