# p + 114Sn: Production of 107Ag - Total
# Q-value    = 2.86112E-01 mass= 106.905092
# E-threshold= 0.00000E+00
# # energies =   103
#     E          xs
 1.00000E-11 0.00000E+00
 2.53000E-08 0.00000E+00
 2.00000E-07 0.00000E+00
 1.00000E-06 0.00000E+00
 1.00000E-05 0.00000E+00
 1.00000E-04 0.00000E+00
 1.00000E-03 0.00000E+00
 2.00000E-03 0.00000E+00
 4.00000E-03 0.00000E+00
 7.00000E-03 0.00000E+00
 1.00000E-02 0.00000E+00
 2.00000E-02 0.00000E+00
 4.00000E-02 0.00000E+00
 7.00000E-02 0.00000E+00
 1.00000E-01 0.00000E+00
 2.00000E-01 0.00000E+00
 3.00000E-01 0.00000E+00
 4.00000E-01 0.00000E+00
 5.00000E-01 0.00000E+00
 6.00000E-01 0.00000E+00
 7.00000E-01 0.00000E+00
 8.00000E-01 0.00000E+00
 9.00000E-01 0.00000E+00
 1.00000E+00 0.00000E+00
 1.20000E+00 0.00000E+00
 1.40000E+00 0.00000E+00
 1.60000E+00 0.00000E+00
 1.80000E+00 0.00000E+00
 2.00000E+00 0.00000E+00
 2.20000E+00 0.00000E+00
 2.40000E+00 0.00000E+00
 2.60000E+00 0.00000E+00
 2.80000E+00 0.00000E+00
 3.00000E+00 0.00000E+00
 3.20000E+00 0.00000E+00
 3.40000E+00 0.00000E+00
 3.60000E+00 0.00000E+00
 3.80000E+00 0.00000E+00
 4.00000E+00 0.00000E+00
 4.20000E+00 0.00000E+00
 4.40000E+00 0.00000E+00
 4.60000E+00 0.00000E+00
 4.80000E+00 0.00000E+00
 5.00000E+00 0.00000E+00
 5.20000E+00 0.00000E+00
 5.40000E+00 0.00000E+00
 5.60000E+00 1.00000E-07
 5.80000E+00 1.00000E-07
 6.00000E+00 1.00000E-07
 6.20000E+00 1.00000E-07
 6.40000E+00 1.00000E-07
 6.60000E+00 1.00000E-07
 6.80000E+00 1.00000E-07
 7.00000E+00 1.00000E-07
 7.20000E+00 1.00000E-07
 7.40000E+00 1.00000E-07
 7.60000E+00 1.00000E-07
 7.80000E+00 1.00000E-07
 8.00000E+00 1.00000E-07
 8.50000E+00 1.00000E-07
 9.00000E+00 1.00000E-07
 9.50000E+00 1.00000E-07
 1.00000E+01 1.00000E-07
 1.05000E+01 1.00000E-07
 1.10000E+01 1.00000E-07
 1.15000E+01 1.00000E-07
 1.20000E+01 1.00000E-07
 1.25000E+01 1.00000E-07
 1.30000E+01 1.00000E-07
 1.35000E+01 1.00000E-07
 1.40000E+01 1.00000E-07
 1.45000E+01 1.00000E-07
 1.50000E+01 1.00000E-07
 1.60000E+01 1.00000E-07
 1.70000E+01 1.00000E-07
 1.80000E+01 1.00000E-07
 1.90000E+01 1.00000E-07
 2.00000E+01 1.00000E-07
 2.10000E+01 1.00000E-07
 2.20000E+01 1.00000E-07
 2.30000E+01 1.00000E-07
 2.40000E+01 1.00000E-07
 2.50000E+01 1.55561E-03
 2.60000E+01 2.56867E-03
 2.70000E+01 3.97439E-03
 2.80000E+01 5.83911E-03
 2.90000E+01 8.36050E-03
 3.00000E+01 1.16564E-02
 3.20000E+01 2.18163E-02
 3.40000E+01 3.67866E-02
 3.60000E+01 5.20498E-02
 3.80000E+01 4.02866E-02
 4.00000E+01 3.41075E-02
 4.20000E+01 2.88953E-02
 4.40000E+01 2.05937E-02
 4.60000E+01 1.17594E-02
 4.80000E+01 1.02072E-02
 5.00000E+01 1.06863E-02
 5.20000E+01 1.40072E-02
 5.40000E+01 2.54378E-02
 5.60000E+01 5.72955E-02
 5.80000E+01 1.28697E-01
 6.00000E+01 2.68492E-01
