# p + 124Sn: Production of 120In - Total
# Q-value    =-5.71100E+00 mass= 119.907967
# E-threshold= 5.75743E+00
# # energies =   103
#     E          xs
 1.00000E-11 0.00000E+00
 2.53000E-08 0.00000E+00
 2.00000E-07 0.00000E+00
 1.00000E-06 0.00000E+00
 1.00000E-05 0.00000E+00
 1.00000E-04 0.00000E+00
 1.00000E-03 0.00000E+00
 2.00000E-03 0.00000E+00
 4.00000E-03 0.00000E+00
 7.00000E-03 0.00000E+00
 1.00000E-02 0.00000E+00
 2.00000E-02 0.00000E+00
 4.00000E-02 0.00000E+00
 7.00000E-02 0.00000E+00
 1.00000E-01 0.00000E+00
 2.00000E-01 0.00000E+00
 3.00000E-01 0.00000E+00
 4.00000E-01 0.00000E+00
 5.00000E-01 0.00000E+00
 6.00000E-01 0.00000E+00
 7.00000E-01 0.00000E+00
 8.00000E-01 0.00000E+00
 9.00000E-01 0.00000E+00
 1.00000E+00 0.00000E+00
 1.20000E+00 0.00000E+00
 1.40000E+00 0.00000E+00
 1.60000E+00 0.00000E+00
 1.80000E+00 0.00000E+00
 2.00000E+00 0.00000E+00
 2.20000E+00 0.00000E+00
 2.40000E+00 0.00000E+00
 2.60000E+00 0.00000E+00
 2.80000E+00 0.00000E+00
 3.00000E+00 0.00000E+00
 3.20000E+00 0.00000E+00
 3.40000E+00 0.00000E+00
 3.60000E+00 0.00000E+00
 3.80000E+00 0.00000E+00
 4.00000E+00 0.00000E+00
 4.20000E+00 0.00000E+00
 4.40000E+00 0.00000E+00
 4.60000E+00 0.00000E+00
 4.80000E+00 0.00000E+00
 5.00000E+00 0.00000E+00
 5.20000E+00 0.00000E+00
 5.40000E+00 0.00000E+00
 5.60000E+00 0.00000E+00
 5.80000E+00 0.00000E+00
 6.00000E+00 0.00000E+00
 6.20000E+00 0.00000E+00
 6.40000E+00 0.00000E+00
 6.60000E+00 0.00000E+00
 6.80000E+00 0.00000E+00
 7.00000E+00 0.00000E+00
 7.20000E+00 0.00000E+00
 7.40000E+00 0.00000E+00
 7.60000E+00 0.00000E+00
 7.80000E+00 0.00000E+00
 8.00000E+00 0.00000E+00
 8.50000E+00 0.00000E+00
 9.00000E+00 0.00000E+00
 9.50000E+00 0.00000E+00
 1.00000E+01 0.00000E+00
 1.05000E+01 0.00000E+00
 1.10000E+01 0.00000E+00
 1.15000E+01 0.00000E+00
 1.20000E+01 0.00000E+00
 1.25000E+01 0.00000E+00
 1.30000E+01 0.00000E+00
 1.35000E+01 0.00000E+00
 1.40000E+01 0.00000E+00
 1.45000E+01 0.00000E+00
 1.50000E+01 0.00000E+00
 1.60000E+01 1.66646E-03
 1.70000E+01 1.18701E-02
 1.80000E+01 6.18934E-02
 1.90000E+01 2.80973E-01
 2.00000E+01 1.10496E+00
 2.10000E+01 2.35284E+00
 2.20000E+01 3.88638E+00
 2.30000E+01 3.69533E+00
 2.40000E+01 4.35311E+00
 2.50000E+01 4.93982E+00
 2.60000E+01 5.62580E+00
 2.70000E+01 5.99350E+00
 2.80000E+01 6.26625E+00
 2.90000E+01 6.62076E+00
 3.00000E+01 6.48730E+00
 3.20000E+01 6.42596E+00
 3.40000E+01 5.75828E+00
 3.60000E+01 5.27328E+00
 3.80000E+01 4.45677E+00
 4.00000E+01 3.85643E+00
 4.20000E+01 3.56087E+00
 4.40000E+01 3.28477E+00
 4.60000E+01 3.42066E+00
 4.80000E+01 3.78498E+00
 5.00000E+01 4.27375E+00
 5.20000E+01 4.59549E+00
 5.40000E+01 4.96478E+00
 5.60000E+01 5.52173E+00
 5.80000E+01 6.31231E+00
 6.00000E+01 6.89603E+00
