# p + 120Sn: Production of 116In - Ground state
# Q-value    =-6.05525E+00 mass= 115.905260
# E-threshold= 6.10612E+00
# # energies =   103
#     E          xs      Branching
 1.00000E-11 0.00000E+00 0.00000E+00
 2.53000E-08 0.00000E+00 0.00000E+00
 2.00000E-07 0.00000E+00 0.00000E+00
 1.00000E-06 0.00000E+00 0.00000E+00
 1.00000E-05 0.00000E+00 0.00000E+00
 1.00000E-04 0.00000E+00 0.00000E+00
 1.00000E-03 0.00000E+00 0.00000E+00
 2.00000E-03 0.00000E+00 0.00000E+00
 4.00000E-03 0.00000E+00 0.00000E+00
 7.00000E-03 0.00000E+00 0.00000E+00
 1.00000E-02 0.00000E+00 0.00000E+00
 2.00000E-02 0.00000E+00 0.00000E+00
 4.00000E-02 0.00000E+00 0.00000E+00
 7.00000E-02 0.00000E+00 0.00000E+00
 1.00000E-01 0.00000E+00 0.00000E+00
 2.00000E-01 0.00000E+00 0.00000E+00
 3.00000E-01 0.00000E+00 0.00000E+00
 4.00000E-01 0.00000E+00 0.00000E+00
 5.00000E-01 0.00000E+00 0.00000E+00
 6.00000E-01 0.00000E+00 0.00000E+00
 7.00000E-01 0.00000E+00 0.00000E+00
 8.00000E-01 0.00000E+00 0.00000E+00
 9.00000E-01 0.00000E+00 0.00000E+00
 1.00000E+00 0.00000E+00 0.00000E+00
 1.20000E+00 0.00000E+00 0.00000E+00
 1.40000E+00 0.00000E+00 0.00000E+00
 1.60000E+00 0.00000E+00 0.00000E+00
 1.80000E+00 0.00000E+00 0.00000E+00
 2.00000E+00 0.00000E+00 0.00000E+00
 2.20000E+00 0.00000E+00 0.00000E+00
 2.40000E+00 0.00000E+00 0.00000E+00
 2.60000E+00 0.00000E+00 0.00000E+00
 2.80000E+00 0.00000E+00 0.00000E+00
 3.00000E+00 0.00000E+00 0.00000E+00
 3.20000E+00 0.00000E+00 0.00000E+00
 3.40000E+00 0.00000E+00 0.00000E+00
 3.60000E+00 0.00000E+00 0.00000E+00
 3.80000E+00 0.00000E+00 0.00000E+00
 4.00000E+00 0.00000E+00 0.00000E+00
 4.20000E+00 0.00000E+00 0.00000E+00
 4.40000E+00 0.00000E+00 0.00000E+00
 4.60000E+00 0.00000E+00 0.00000E+00
 4.80000E+00 0.00000E+00 0.00000E+00
 5.00000E+00 0.00000E+00 0.00000E+00
 5.20000E+00 0.00000E+00 0.00000E+00
 5.40000E+00 0.00000E+00 0.00000E+00
 5.60000E+00 0.00000E+00 0.00000E+00
 5.80000E+00 0.00000E+00 0.00000E+00
 6.00000E+00 0.00000E+00 0.00000E+00
 6.20000E+00 0.00000E+00 0.00000E+00
 6.40000E+00 0.00000E+00 0.00000E+00
 6.60000E+00 0.00000E+00 0.00000E+00
 6.80000E+00 0.00000E+00 0.00000E+00
 7.00000E+00 0.00000E+00 0.00000E+00
 7.20000E+00 0.00000E+00 0.00000E+00
 7.40000E+00 0.00000E+00 0.00000E+00
 7.60000E+00 0.00000E+00 0.00000E+00
 7.80000E+00 0.00000E+00 0.00000E+00
 8.00000E+00 0.00000E+00 0.00000E+00
 8.50000E+00 0.00000E+00 0.00000E+00
 9.00000E+00 0.00000E+00 0.00000E+00
 9.50000E+00 0.00000E+00 0.00000E+00
 1.00000E+01 0.00000E+00 0.00000E+00
 1.05000E+01 0.00000E+00 0.00000E+00
 1.10000E+01 0.00000E+00 0.00000E+00
 1.15000E+01 0.00000E+00 0.00000E+00
 1.20000E+01 0.00000E+00 0.00000E+00
 1.25000E+01 0.00000E+00 0.00000E+00
 1.30000E+01 0.00000E+00 0.00000E+00
 1.35000E+01 0.00000E+00 0.00000E+00
 1.40000E+01 0.00000E+00 0.00000E+00
 1.45000E+01 0.00000E+00 0.00000E+00
 1.50000E+01 0.00000E+00 0.00000E+00
 1.60000E+01 1.12988E-03 4.03161E-01
 1.70000E+01 6.64257E-03 3.79768E-01
 1.80000E+01 2.84714E-02 3.22321E-01
 1.90000E+01 8.84977E-02 2.69307E-01
 2.00000E+01 2.61806E-01 2.57929E-01
 2.10000E+01 5.28085E-01 2.47605E-01
 2.20000E+01 8.26066E-01 2.19939E-01
 2.30000E+01 9.37171E-01 2.25595E-01
 2.40000E+01 1.10305E+00 2.09542E-01
 2.50000E+01 1.28480E+00 2.06814E-01
 2.60000E+01 1.41145E+00 1.93308E-01
 2.70000E+01 1.49510E+00 1.85439E-01
 2.80000E+01 1.48764E+00 1.74025E-01
 2.90000E+01 1.45138E+00 1.63290E-01
 3.00000E+01 1.36605E+00 1.57019E-01
 3.20000E+01 1.22933E+00 1.44064E-01
 3.40000E+01 1.05522E+00 1.36772E-01
 3.60000E+01 9.14338E-01 1.31455E-01
 3.80000E+01 7.75629E-01 1.27998E-01
 4.00000E+01 6.75230E-01 1.23805E-01
 4.20000E+01 5.85586E-01 1.24629E-01
 4.40000E+01 5.64248E-01 1.30310E-01
 4.60000E+01 5.96802E-01 1.32157E-01
 4.80000E+01 6.56147E-01 1.37445E-01
 5.00000E+01 7.11834E-01 1.36297E-01
 5.20000E+01 8.48843E-01 1.42071E-01
 5.40000E+01 1.22466E+00 1.76810E-01
 5.60000E+01 1.37602E+00 1.75136E-01
 5.80000E+01 1.51724E+00 1.72839E-01
 6.00000E+01 1.72889E+00 1.72684E-01
