# p + 124Sn: Production of 120In - Level  1     0.07000 MeV
# Q-value    =-5.78100E+00 mass= 119.907967
# E-threshold= 5.82799E+00
# # energies =   103
#     E          xs      Branching
 1.00000E-11 0.00000E+00 0.00000E+00
 2.53000E-08 0.00000E+00 0.00000E+00
 2.00000E-07 0.00000E+00 0.00000E+00
 1.00000E-06 0.00000E+00 0.00000E+00
 1.00000E-05 0.00000E+00 0.00000E+00
 1.00000E-04 0.00000E+00 0.00000E+00
 1.00000E-03 0.00000E+00 0.00000E+00
 2.00000E-03 0.00000E+00 0.00000E+00
 4.00000E-03 0.00000E+00 0.00000E+00
 7.00000E-03 0.00000E+00 0.00000E+00
 1.00000E-02 0.00000E+00 0.00000E+00
 2.00000E-02 0.00000E+00 0.00000E+00
 4.00000E-02 0.00000E+00 0.00000E+00
 7.00000E-02 0.00000E+00 0.00000E+00
 1.00000E-01 0.00000E+00 0.00000E+00
 2.00000E-01 0.00000E+00 0.00000E+00
 3.00000E-01 0.00000E+00 0.00000E+00
 4.00000E-01 0.00000E+00 0.00000E+00
 5.00000E-01 0.00000E+00 0.00000E+00
 6.00000E-01 0.00000E+00 0.00000E+00
 7.00000E-01 0.00000E+00 0.00000E+00
 8.00000E-01 0.00000E+00 0.00000E+00
 9.00000E-01 0.00000E+00 0.00000E+00
 1.00000E+00 0.00000E+00 0.00000E+00
 1.20000E+00 0.00000E+00 0.00000E+00
 1.40000E+00 0.00000E+00 0.00000E+00
 1.60000E+00 0.00000E+00 0.00000E+00
 1.80000E+00 0.00000E+00 0.00000E+00
 2.00000E+00 0.00000E+00 0.00000E+00
 2.20000E+00 0.00000E+00 0.00000E+00
 2.40000E+00 0.00000E+00 0.00000E+00
 2.60000E+00 0.00000E+00 0.00000E+00
 2.80000E+00 0.00000E+00 0.00000E+00
 3.00000E+00 0.00000E+00 0.00000E+00
 3.20000E+00 0.00000E+00 0.00000E+00
 3.40000E+00 0.00000E+00 0.00000E+00
 3.60000E+00 0.00000E+00 0.00000E+00
 3.80000E+00 0.00000E+00 0.00000E+00
 4.00000E+00 0.00000E+00 0.00000E+00
 4.20000E+00 0.00000E+00 0.00000E+00
 4.40000E+00 0.00000E+00 0.00000E+00
 4.60000E+00 0.00000E+00 0.00000E+00
 4.80000E+00 0.00000E+00 0.00000E+00
 5.00000E+00 0.00000E+00 0.00000E+00
 5.20000E+00 0.00000E+00 0.00000E+00
 5.40000E+00 0.00000E+00 0.00000E+00
 5.60000E+00 0.00000E+00 0.00000E+00
 5.80000E+00 0.00000E+00 0.00000E+00
 6.00000E+00 0.00000E+00 0.00000E+00
 6.20000E+00 0.00000E+00 0.00000E+00
 6.40000E+00 0.00000E+00 0.00000E+00
 6.60000E+00 0.00000E+00 0.00000E+00
 6.80000E+00 0.00000E+00 0.00000E+00
 7.00000E+00 0.00000E+00 0.00000E+00
 7.20000E+00 0.00000E+00 0.00000E+00
 7.40000E+00 0.00000E+00 0.00000E+00
 7.60000E+00 0.00000E+00 0.00000E+00
 7.80000E+00 0.00000E+00 0.00000E+00
 8.00000E+00 0.00000E+00 0.00000E+00
 8.50000E+00 0.00000E+00 0.00000E+00
 9.00000E+00 0.00000E+00 0.00000E+00
 9.50000E+00 0.00000E+00 0.00000E+00
 1.00000E+01 0.00000E+00 0.00000E+00
 1.05000E+01 0.00000E+00 0.00000E+00
 1.10000E+01 0.00000E+00 0.00000E+00
 1.15000E+01 0.00000E+00 0.00000E+00
 1.20000E+01 0.00000E+00 0.00000E+00
 1.25000E+01 0.00000E+00 0.00000E+00
 1.30000E+01 0.00000E+00 0.00000E+00
 1.35000E+01 0.00000E+00 0.00000E+00
 1.40000E+01 0.00000E+00 0.00000E+00
 1.45000E+01 0.00000E+00 0.00000E+00
 1.50000E+01 0.00000E+00 0.00000E+00
 1.60000E+01 7.65111E-04 4.59124E-01
 1.70000E+01 4.97968E-03 4.19515E-01
 1.80000E+01 2.33293E-02 3.76926E-01
 1.90000E+01 8.19791E-02 2.91768E-01
 2.00000E+01 3.12789E-01 2.83077E-01
 2.10000E+01 6.73170E-01 2.86110E-01
 2.20000E+01 8.79440E-01 2.26288E-01
 2.30000E+01 9.42700E-01 2.55106E-01
 2.40000E+01 9.46397E-01 2.17407E-01
 2.50000E+01 1.13830E+00 2.30433E-01
 2.60000E+01 1.17887E+00 2.09547E-01
 2.70000E+01 1.21301E+00 2.02387E-01
 2.80000E+01 1.30579E+00 2.08385E-01
 2.90000E+01 1.25519E+00 1.89584E-01
 3.00000E+01 1.17622E+00 1.81311E-01
 3.20000E+01 1.14961E+00 1.78901E-01
 3.40000E+01 9.71978E-01 1.68797E-01
 3.60000E+01 8.93614E-01 1.69461E-01
 3.80000E+01 7.15486E-01 1.60539E-01
 4.00000E+01 6.80016E-01 1.76333E-01
 4.20000E+01 5.73421E-01 1.61034E-01
 4.40000E+01 5.37422E-01 1.63610E-01
 4.60000E+01 5.99406E-01 1.75231E-01
 4.80000E+01 7.29964E-01 1.92858E-01
 5.00000E+01 7.06270E-01 1.65258E-01
 5.20000E+01 7.55696E-01 1.64443E-01
 5.40000E+01 8.19936E-01 1.65150E-01
 5.60000E+01 1.06980E+00 1.93743E-01
 5.80000E+01 1.30437E+00 2.06639E-01
 6.00000E+01 1.22202E+00 1.77206E-01
