# p + 117Sn: Production of 114In - Level  1     0.19027 MeV
# Q-value    = 2.84585E+00 mass= 113.904916
# E-threshold= 0.00000E+00
# # energies =   103
#     E          xs      Branching
 1.00000E-11 0.00000E+00 0.00000E+00
 2.53000E-08 0.00000E+00 0.00000E+00
 2.00000E-07 0.00000E+00 0.00000E+00
 1.00000E-06 0.00000E+00 0.00000E+00
 1.00000E-05 0.00000E+00 0.00000E+00
 1.00000E-04 0.00000E+00 0.00000E+00
 1.00000E-03 0.00000E+00 0.00000E+00
 2.00000E-03 0.00000E+00 0.00000E+00
 4.00000E-03 0.00000E+00 0.00000E+00
 7.00000E-03 0.00000E+00 0.00000E+00
 1.00000E-02 0.00000E+00 0.00000E+00
 2.00000E-02 0.00000E+00 0.00000E+00
 4.00000E-02 0.00000E+00 0.00000E+00
 7.00000E-02 0.00000E+00 0.00000E+00
 1.00000E-01 0.00000E+00 0.00000E+00
 2.00000E-01 0.00000E+00 0.00000E+00
 3.00000E-01 0.00000E+00 0.00000E+00
 4.00000E-01 0.00000E+00 0.00000E+00
 5.00000E-01 0.00000E+00 0.00000E+00
 6.00000E-01 0.00000E+00 0.00000E+00
 7.00000E-01 0.00000E+00 0.00000E+00
 8.00000E-01 0.00000E+00 0.00000E+00
 9.00000E-01 0.00000E+00 0.00000E+00
 1.00000E+00 0.00000E+00 0.00000E+00
 1.20000E+00 0.00000E+00 0.00000E+00
 1.40000E+00 0.00000E+00 0.00000E+00
 1.60000E+00 0.00000E+00 0.00000E+00
 1.80000E+00 0.00000E+00 0.00000E+00
 2.00000E+00 0.00000E+00 0.00000E+00
 2.20000E+00 0.00000E+00 0.00000E+00
 2.40000E+00 5.38660E-14 0.00000E+00
 2.60000E+00 3.81379E-14 0.00000E+00
 2.80000E+00 1.49472E-12 0.00000E+00
 3.00000E+00 1.29108E-12 0.00000E+00
 3.20000E+00 0.00000E+00 0.00000E+00
 3.40000E+00 2.35053E-11 0.00000E+00
 3.60000E+00 1.69472E-11 0.00000E+00
 3.80000E+00 3.04840E-10 0.00000E+00
 4.00000E+00 2.69273E-10 0.00000E+00
 4.20000E+00 7.58725E-09 0.00000E+00
 4.40000E+00 2.89117E-08 0.00000E+00
 4.60000E+00 5.75642E-08 0.00000E+00
 4.80000E+00 1.97695E-07 0.00000E+00
 5.00000E+00 4.27591E-07 0.00000E+00
 5.20000E+00 7.27004E-07 0.00000E+00
 5.40000E+00 1.66080E-06 0.00000E+00
 5.60000E+00 2.79128E-06 0.00000E+00
 5.80000E+00 4.71760E-06 0.00000E+00
 6.00000E+00 7.75547E-06 0.00000E+00
 6.20000E+00 1.08154E-05 0.00000E+00
 6.40000E+00 1.79588E-05 0.00000E+00
 6.60000E+00 2.51857E-05 0.00000E+00
 6.80000E+00 3.02692E-04 2.88429E-01
 7.00000E+00 4.50885E-04 3.00458E-01
 7.20000E+00 6.44184E-04 3.05624E-01
 7.40000E+00 9.38177E-04 3.17842E-01
 7.60000E+00 1.31058E-03 3.27202E-01
 7.80000E+00 1.77837E-03 3.32167E-01
 8.00000E+00 2.51534E-03 3.44578E-01
 8.50000E+00 5.42680E-03 3.71867E-01
 9.00000E+00 1.10716E-02 4.02722E-01
 9.50000E+00 2.08990E-02 4.35207E-01
 1.00000E+01 3.70285E-02 4.68201E-01
 1.05000E+01 6.22258E-02 5.00335E-01
 1.10000E+01 9.99978E-02 5.30083E-01
 1.15000E+01 1.54302E-01 5.56247E-01
 1.20000E+01 2.28850E-01 5.78163E-01
 1.25000E+01 3.27542E-01 5.96147E-01
 1.30000E+01 4.54403E-01 6.11028E-01
 1.35000E+01 6.12810E-01 6.23480E-01
 1.40000E+01 8.05595E-01 6.34233E-01
 1.45000E+01 1.03456E+00 6.43858E-01
 1.50000E+01 1.30222E+00 6.52754E-01
 1.60000E+01 1.93594E+00 6.69374E-01
 1.70000E+01 2.75948E+00 6.85800E-01
 1.80000E+01 4.00554E+00 7.01488E-01
 1.90000E+01 6.51615E+00 7.12941E-01
 2.00000E+01 1.07146E+01 7.23209E-01
 2.10000E+01 1.15766E+01 7.28755E-01
 2.20000E+01 1.07809E+01 7.36946E-01
 2.30000E+01 6.88295E+00 7.40836E-01
 2.40000E+01 5.75468E+00 7.48332E-01
 2.50000E+01 4.84098E+00 7.49638E-01
 2.60000E+01 4.27989E+00 7.48552E-01
 2.70000E+01 3.88922E+00 7.54976E-01
 2.80000E+01 3.36342E+00 7.54260E-01
 2.90000E+01 3.05664E+00 7.52677E-01
 3.00000E+01 2.78369E+00 7.60778E-01
 3.20000E+01 2.26979E+00 7.56708E-01
 3.40000E+01 2.20897E+00 7.56489E-01
 3.60000E+01 2.52435E+00 7.61768E-01
 3.80000E+01 3.09300E+00 7.69987E-01
 4.00000E+01 3.95354E+00 7.78969E-01
 4.20000E+01 5.02854E+00 7.89349E-01
 4.40000E+01 5.87308E+00 7.90013E-01
 4.60000E+01 6.75863E+00 7.92366E-01
 4.80000E+01 7.59633E+00 7.86233E-01
 5.00000E+01 8.84779E+00 7.85489E-01
 5.20000E+01 9.34763E+00 7.74596E-01
 5.40000E+01 1.00792E+01 7.67729E-01
 5.60000E+01 1.10886E+01 7.65857E-01
 5.80000E+01 1.15961E+01 7.56370E-01
 6.00000E+01 1.28504E+01 7.57887E-01
