# p + 112Sn: Production of 108Cd - Total
# Q-value    =-1.82754E+00 mass= 107.904184
# E-threshold= 1.84399E+00
# # energies =   103
#     E          xs
 1.00000E-11 0.00000E+00
 2.53000E-08 0.00000E+00
 2.00000E-07 0.00000E+00
 1.00000E-06 0.00000E+00
 1.00000E-05 0.00000E+00
 1.00000E-04 0.00000E+00
 1.00000E-03 0.00000E+00
 2.00000E-03 0.00000E+00
 4.00000E-03 0.00000E+00
 7.00000E-03 0.00000E+00
 1.00000E-02 0.00000E+00
 2.00000E-02 0.00000E+00
 4.00000E-02 0.00000E+00
 7.00000E-02 0.00000E+00
 1.00000E-01 0.00000E+00
 2.00000E-01 0.00000E+00
 3.00000E-01 0.00000E+00
 4.00000E-01 0.00000E+00
 5.00000E-01 0.00000E+00
 6.00000E-01 0.00000E+00
 7.00000E-01 0.00000E+00
 8.00000E-01 0.00000E+00
 9.00000E-01 0.00000E+00
 1.00000E+00 0.00000E+00
 1.20000E+00 0.00000E+00
 1.40000E+00 0.00000E+00
 1.60000E+00 0.00000E+00
 1.80000E+00 0.00000E+00
 2.00000E+00 0.00000E+00
 2.20000E+00 0.00000E+00
 2.40000E+00 0.00000E+00
 2.60000E+00 0.00000E+00
 2.80000E+00 0.00000E+00
 3.00000E+00 0.00000E+00
 3.20000E+00 0.00000E+00
 3.40000E+00 0.00000E+00
 3.60000E+00 0.00000E+00
 3.80000E+00 0.00000E+00
 4.00000E+00 0.00000E+00
 4.20000E+00 0.00000E+00
 4.40000E+00 0.00000E+00
 4.60000E+00 0.00000E+00
 4.80000E+00 0.00000E+00
 5.00000E+00 0.00000E+00
 5.20000E+00 0.00000E+00
 5.40000E+00 0.00000E+00
 5.60000E+00 0.00000E+00
 5.80000E+00 0.00000E+00
 6.00000E+00 0.00000E+00
 6.20000E+00 0.00000E+00
 6.40000E+00 0.00000E+00
 6.60000E+00 0.00000E+00
 6.80000E+00 0.00000E+00
 7.00000E+00 0.00000E+00
 7.20000E+00 0.00000E+00
 7.40000E+00 0.00000E+00
 7.60000E+00 0.00000E+00
 7.80000E+00 0.00000E+00
 8.00000E+00 0.00000E+00
 8.50000E+00 0.00000E+00
 9.00000E+00 0.00000E+00
 9.50000E+00 0.00000E+00
 1.00000E+01 0.00000E+00
 1.05000E+01 0.00000E+00
 1.10000E+01 0.00000E+00
 1.15000E+01 0.00000E+00
 1.20000E+01 0.00000E+00
 1.25000E+01 0.00000E+00
 1.30000E+01 0.00000E+00
 1.35000E+01 0.00000E+00
 1.40000E+01 3.18403E-03
 1.45000E+01 8.96325E-03
 1.50000E+01 2.16196E-02
 1.60000E+01 9.39206E-02
 1.70000E+01 2.94080E-01
 1.80000E+01 7.20585E-01
 1.90000E+01 1.41860E+00
 2.00000E+01 2.24902E+00
 2.10000E+01 2.86344E+00
 2.20000E+01 3.18138E+00
 2.30000E+01 3.11443E+00
 2.40000E+01 3.02464E+00
 2.50000E+01 3.22609E+00
 2.60000E+01 3.43083E+00
 2.70000E+01 3.78363E+00
 2.80000E+01 4.13983E+00
 2.90000E+01 4.60274E+00
 3.00000E+01 5.03482E+00
 3.20000E+01 5.47459E+00
 3.40000E+01 4.99442E+00
 3.60000E+01 4.01864E+00
 3.80000E+01 2.87755E+00
 4.00000E+01 2.40283E+00
 4.20000E+01 1.90542E+00
 4.40000E+01 1.79440E+00
 4.60000E+01 1.62680E+00
 4.80000E+01 1.75574E+00
 5.00000E+01 2.46756E+00
 5.20000E+01 3.60790E+00
 5.40000E+01 4.91056E+00
 5.60000E+01 6.85272E+00
 5.80000E+01 9.94412E+00
 6.00000E+01 1.33273E+01
