# p + 115Sn: Production of 116Sb - Level  3     0.38300 MeV
# Q-value    = 3.69414E+00 mass= 115.906793
# E-threshold= 0.00000E+00
# # energies =   103
#     E          xs      Branching
 1.00000E-11 0.00000E+00 0.00000E+00
 2.53000E-08 0.00000E+00 0.00000E+00
 2.00000E-07 0.00000E+00 0.00000E+00
 1.00000E-06 0.00000E+00 0.00000E+00
 1.00000E-05 0.00000E+00 0.00000E+00
 1.00000E-04 0.00000E+00 0.00000E+00
 1.00000E-03 0.00000E+00 0.00000E+00
 2.00000E-03 0.00000E+00 0.00000E+00
 4.00000E-03 0.00000E+00 0.00000E+00
 7.00000E-03 0.00000E+00 0.00000E+00
 1.00000E-02 0.00000E+00 0.00000E+00
 2.00000E-02 0.00000E+00 0.00000E+00
 4.00000E-02 0.00000E+00 0.00000E+00
 7.00000E-02 0.00000E+00 0.00000E+00
 1.00000E-01 0.00000E+00 0.00000E+00
 2.00000E-01 0.00000E+00 0.00000E+00
 3.00000E-01 0.00000E+00 0.00000E+00
 4.00000E-01 0.00000E+00 0.00000E+00
 5.00000E-01 0.00000E+00 0.00000E+00
 6.00000E-01 0.00000E+00 0.00000E+00
 7.00000E-01 0.00000E+00 0.00000E+00
 8.00000E-01 0.00000E+00 0.00000E+00
 9.00000E-01 0.00000E+00 0.00000E+00
 1.00000E+00 0.00000E+00 0.00000E+00
 1.20000E+00 0.00000E+00 0.00000E+00
 1.40000E+00 0.00000E+00 0.00000E+00
 1.60000E+00 0.00000E+00 0.00000E+00
 1.80000E+00 0.00000E+00 0.00000E+00
 2.00000E+00 0.00000E+00 0.00000E+00
 2.20000E+00 0.00000E+00 0.00000E+00
 2.40000E+00 1.79323E-06 6.11802E-04
 2.60000E+00 8.76749E-06 9.49417E-04
 2.80000E+00 2.66981E-05 1.04952E-03
 3.00000E+00 7.62249E-05 1.21673E-03
 3.20000E+00 1.86340E-04 1.32929E-03
 3.40000E+00 4.18347E-04 1.44947E-03
 3.60000E+00 8.84965E-04 1.60171E-03
 3.80000E+00 1.73590E-03 1.74966E-03
 4.00000E+00 1.98735E-03 2.21303E-03
 4.20000E+00 3.04420E-03 2.58516E-03
 4.40000E+00 4.87553E-03 2.93063E-03
 4.60000E+00 7.36011E-03 3.10855E-03
 4.80000E+00 9.36502E-03 3.82088E-03
 5.00000E+00 1.31299E-02 4.41652E-03
 5.20000E+00 1.68686E-02 4.58359E-03
 5.40000E+00 1.94967E-02 4.05237E-03
 5.60000E+00 2.63817E-02 4.27095E-03
 5.80000E+00 3.11026E-02 4.39013E-03
 6.00000E+00 3.37176E-02 4.52769E-03
 6.20000E+00 3.64115E-02 4.76982E-03
 6.40000E+00 3.98178E-02 5.07996E-03
 6.60000E+00 4.35882E-02 5.45675E-03
 6.80000E+00 4.78078E-02 5.95089E-03
 7.00000E+00 5.25352E-02 6.45997E-03
 7.20000E+00 5.73079E-02 7.12547E-03
 7.40000E+00 6.28910E-02 7.77840E-03
 7.60000E+00 6.80280E-02 8.59146E-03
 7.80000E+00 7.39260E-02 9.37424E-03
 8.00000E+00 7.93232E-02 1.03491E-02
 8.50000E+00 9.33067E-02 1.30590E-02
 9.00000E+00 1.06258E-01 1.64933E-02
 9.50000E+00 1.17878E-01 2.09162E-02
 1.00000E+01 1.27952E-01 2.64585E-02
 1.05000E+01 1.36814E-01 3.37135E-02
 1.10000E+01 1.45418E-01 4.34644E-02
 1.15000E+01 1.54490E-01 5.47601E-02
 1.20000E+01 1.64638E-01 6.70533E-02
 1.25000E+01 1.76269E-01 8.34027E-02
 1.30000E+01 1.91934E-01 9.99448E-02
 1.35000E+01 2.07536E-01 1.19083E-01
 1.40000E+01 2.25558E-01 1.37385E-01
 1.45000E+01 2.44152E-01 1.57859E-01
 1.50000E+01 2.65406E-01 1.76656E-01
 1.60000E+01 3.08506E-01 2.17271E-01
 1.70000E+01 3.49899E-01 2.56940E-01
 1.80000E+01 3.81206E-01 2.93645E-01
 1.90000E+01 4.00084E-01 3.28549E-01
 2.00000E+01 4.01869E-01 3.63445E-01
 2.10000E+01 3.82483E-01 3.87472E-01
 2.20000E+01 3.48407E-01 4.09103E-01
 2.30000E+01 3.08131E-01 4.16714E-01
 2.40000E+01 2.67382E-01 4.21397E-01
 2.50000E+01 2.32524E-01 4.19730E-01
 2.60000E+01 2.01537E-01 4.10823E-01
 2.70000E+01 1.76487E-01 4.07030E-01
 2.80000E+01 1.56920E-01 3.98849E-01
 2.90000E+01 1.36219E-01 3.80933E-01
 3.00000E+01 1.25233E-01 3.79008E-01
 3.20000E+01 1.05009E-01 3.65886E-01
 3.40000E+01 9.04120E-02 3.56955E-01
 3.60000E+01 8.00122E-02 3.54751E-01
 3.80000E+01 5.53028E-02 2.73250E-01
 4.00000E+01 4.87708E-02 2.69818E-01
 4.20000E+01 4.52893E-02 2.71198E-01
 4.40000E+01 3.99731E-02 2.63305E-01
 4.60000E+01 4.80525E-02 3.40340E-01
 4.80000E+01 4.50774E-02 3.46747E-01
 5.00000E+01 4.11582E-02 3.41372E-01
 5.20000E+01 3.17917E-02 2.82906E-01
 5.40000E+01 3.07402E-02 2.83946E-01
 5.60000E+01 3.00131E-02 2.87817E-01
 5.80000E+01 2.91630E-02 2.95657E-01
 6.00000E+01 2.56357E-02 2.82031E-01
