# p + 114Sn: Production of 113Sn - Ground state
# Q-value    =-8.07836E+00 mass= 112.905176
# E-threshold= 8.14980E+00
# # energies =   103
#     E          xs      Branching
 1.00000E-11 0.00000E+00 0.00000E+00
 2.53000E-08 0.00000E+00 0.00000E+00
 2.00000E-07 0.00000E+00 0.00000E+00
 1.00000E-06 0.00000E+00 0.00000E+00
 1.00000E-05 0.00000E+00 0.00000E+00
 1.00000E-04 0.00000E+00 0.00000E+00
 1.00000E-03 0.00000E+00 0.00000E+00
 2.00000E-03 0.00000E+00 0.00000E+00
 4.00000E-03 0.00000E+00 0.00000E+00
 7.00000E-03 0.00000E+00 0.00000E+00
 1.00000E-02 0.00000E+00 0.00000E+00
 2.00000E-02 0.00000E+00 0.00000E+00
 4.00000E-02 0.00000E+00 0.00000E+00
 7.00000E-02 0.00000E+00 0.00000E+00
 1.00000E-01 0.00000E+00 0.00000E+00
 2.00000E-01 0.00000E+00 0.00000E+00
 3.00000E-01 0.00000E+00 0.00000E+00
 4.00000E-01 0.00000E+00 0.00000E+00
 5.00000E-01 0.00000E+00 0.00000E+00
 6.00000E-01 0.00000E+00 0.00000E+00
 7.00000E-01 0.00000E+00 0.00000E+00
 8.00000E-01 0.00000E+00 0.00000E+00
 9.00000E-01 0.00000E+00 0.00000E+00
 1.00000E+00 0.00000E+00 0.00000E+00
 1.20000E+00 0.00000E+00 0.00000E+00
 1.40000E+00 0.00000E+00 0.00000E+00
 1.60000E+00 0.00000E+00 0.00000E+00
 1.80000E+00 0.00000E+00 0.00000E+00
 2.00000E+00 0.00000E+00 0.00000E+00
 2.20000E+00 0.00000E+00 0.00000E+00
 2.40000E+00 0.00000E+00 0.00000E+00
 2.60000E+00 0.00000E+00 0.00000E+00
 2.80000E+00 0.00000E+00 0.00000E+00
 3.00000E+00 0.00000E+00 0.00000E+00
 3.20000E+00 0.00000E+00 0.00000E+00
 3.40000E+00 0.00000E+00 0.00000E+00
 3.60000E+00 0.00000E+00 0.00000E+00
 3.80000E+00 0.00000E+00 0.00000E+00
 4.00000E+00 0.00000E+00 0.00000E+00
 4.20000E+00 0.00000E+00 0.00000E+00
 4.40000E+00 0.00000E+00 0.00000E+00
 4.60000E+00 0.00000E+00 0.00000E+00
 4.80000E+00 0.00000E+00 0.00000E+00
 5.00000E+00 0.00000E+00 0.00000E+00
 5.20000E+00 0.00000E+00 0.00000E+00
 5.40000E+00 0.00000E+00 0.00000E+00
 5.60000E+00 0.00000E+00 0.00000E+00
 5.80000E+00 0.00000E+00 0.00000E+00
 6.00000E+00 0.00000E+00 0.00000E+00
 6.20000E+00 0.00000E+00 0.00000E+00
 6.40000E+00 0.00000E+00 0.00000E+00
 6.60000E+00 0.00000E+00 0.00000E+00
 6.80000E+00 0.00000E+00 0.00000E+00
 7.00000E+00 0.00000E+00 0.00000E+00
 7.20000E+00 0.00000E+00 0.00000E+00
 7.40000E+00 0.00000E+00 0.00000E+00
 7.60000E+00 0.00000E+00 0.00000E+00
 7.80000E+00 0.00000E+00 0.00000E+00
 8.00000E+00 0.00000E+00 0.00000E+00
 8.50000E+00 0.00000E+00 0.00000E+00
 9.00000E+00 0.00000E+00 0.00000E+00
 9.50000E+00 0.00000E+00 0.00000E+00
 1.00000E+01 0.00000E+00 0.00000E+00
 1.05000E+01 0.00000E+00 0.00000E+00
 1.10000E+01 0.00000E+00 0.00000E+00
 1.15000E+01 0.00000E+00 0.00000E+00
 1.20000E+01 0.00000E+00 0.00000E+00
 1.25000E+01 4.61669E-03 4.97158E-01
 1.30000E+01 1.22156E-01 4.95331E-01
 1.35000E+01 1.01782E+00 4.47905E-01
 1.40000E+01 4.59961E+00 4.11025E-01
 1.45000E+01 1.30753E+01 3.73218E-01
 1.50000E+01 2.70315E+01 3.40515E-01
 1.60000E+01 4.58066E+01 2.78818E-01
 1.70000E+01 5.18760E+01 2.29856E-01
 1.80000E+01 5.65442E+01 2.05015E-01
 1.90000E+01 5.48117E+01 1.83731E-01
 2.00000E+01 5.18410E+01 1.65202E-01
 2.10000E+01 4.98999E+01 1.49555E-01
 2.20000E+01 4.89923E+01 1.36742E-01
 2.30000E+01 4.86697E+01 1.26537E-01
 2.40000E+01 4.76900E+01 1.16605E-01
 2.50000E+01 4.52597E+01 1.06016E-01
 2.60000E+01 4.19655E+01 9.62338E-02
 2.70000E+01 3.74252E+01 8.62649E-02
 2.80000E+01 3.38724E+01 8.05231E-02
 2.90000E+01 3.03495E+01 7.58337E-02
 3.00000E+01 2.92496E+01 7.69159E-02
 3.20000E+01 2.60307E+01 7.57212E-02
 3.40000E+01 2.51855E+01 7.79049E-02
 3.60000E+01 2.51136E+01 8.04184E-02
 3.80000E+01 2.40623E+01 7.91092E-02
 4.00000E+01 2.36051E+01 7.90308E-02
 4.20000E+01 2.30587E+01 7.89000E-02
 4.40000E+01 2.18225E+01 7.70696E-02
 4.60000E+01 2.18396E+01 7.77591E-02
 4.80000E+01 2.12183E+01 7.86778E-02
 5.00000E+01 2.01103E+01 7.59763E-02
 5.20000E+01 1.99118E+01 7.83656E-02
 5.40000E+01 1.99208E+01 7.82783E-02
 5.60000E+01 1.90544E+01 7.73292E-02
 5.80000E+01 1.82900E+01 7.73711E-02
 6.00000E+01 1.77675E+01 7.52994E-02
