# p + 112Sn: Production of 112Sn - Total
# Q-value    =-1.25685E+00 mass= 111.904825
# E-threshold= 1.26816E+00
# # energies =   103
#     E          xs
 1.00000E-11 0.00000E+00
 2.53000E-08 0.00000E+00
 2.00000E-07 0.00000E+00
 1.00000E-06 0.00000E+00
 1.00000E-05 0.00000E+00
 1.00000E-04 0.00000E+00
 1.00000E-03 0.00000E+00
 2.00000E-03 0.00000E+00
 4.00000E-03 0.00000E+00
 7.00000E-03 0.00000E+00
 1.00000E-02 0.00000E+00
 2.00000E-02 0.00000E+00
 4.00000E-02 0.00000E+00
 7.00000E-02 0.00000E+00
 1.00000E-01 0.00000E+00
 2.00000E-01 0.00000E+00
 3.00000E-01 0.00000E+00
 4.00000E-01 0.00000E+00
 5.00000E-01 0.00000E+00
 6.00000E-01 0.00000E+00
 7.00000E-01 0.00000E+00
 8.00000E-01 0.00000E+00
 9.00000E-01 0.00000E+00
 1.00000E+00 0.00000E+00
 1.20000E+00 0.00000E+00
 1.40000E+00 0.00000E+00
 1.60000E+00 0.00000E+00
 1.80000E+00 0.00000E+00
 2.00000E+00 0.00000E+00
 2.20000E+00 0.00000E+00
 2.40000E+00 0.00000E+00
 2.60000E+00 0.00000E+00
 2.80000E+00 0.00000E+00
 3.00000E+00 0.00000E+00
 3.20000E+00 0.00000E+00
 3.40000E+00 0.00000E+00
 3.60000E+00 1.15805E-03
 3.80000E+00 3.84125E-03
 4.00000E+00 1.14569E-02
 4.20000E+00 3.09188E-02
 4.40000E+00 7.60047E-02
 4.60000E+00 1.71693E-01
 4.80000E+00 3.59610E-01
 5.00000E+00 7.05049E-01
 5.20000E+00 1.30565E+00
 5.40000E+00 2.33058E+00
 5.60000E+00 3.97470E+00
 5.80000E+00 6.32524E+00
 6.00000E+00 1.01120E+01
 6.20000E+00 1.53118E+01
 6.40000E+00 2.26066E+01
 6.60000E+00 3.25773E+01
 6.80000E+00 4.52949E+01
 7.00000E+00 6.17081E+01
 7.20000E+00 8.14690E+01
 7.40000E+00 1.04791E+02
 7.60000E+00 1.59391E+02
 7.80000E+00 1.89903E+02
 8.00000E+00 2.13732E+02
 8.50000E+00 1.99880E+02
 9.00000E+00 1.95106E+02
 9.50000E+00 2.01133E+02
 1.00000E+01 2.15026E+02
 1.05000E+01 2.34126E+02
 1.10000E+01 2.56763E+02
 1.15000E+01 2.81287E+02
 1.20000E+01 3.06732E+02
 1.25000E+01 3.31549E+02
 1.30000E+01 3.54637E+02
 1.35000E+01 3.74396E+02
 1.40000E+01 3.90761E+02
 1.45000E+01 4.03210E+02
 1.50000E+01 4.10538E+02
 1.60000E+01 4.03487E+02
 1.70000E+01 3.65002E+02
 1.80000E+01 3.04099E+02
 1.90000E+01 2.54504E+02
 2.00000E+01 2.21538E+02
 2.10000E+01 2.01856E+02
 2.20000E+01 1.90795E+02
 2.30000E+01 1.84198E+02
 2.40000E+01 1.79461E+02
 2.50000E+01 1.76931E+02
 2.60000E+01 1.73653E+02
 2.70000E+01 1.70891E+02
 2.80000E+01 1.67950E+02
 2.90000E+01 1.65160E+02
 3.00000E+01 1.62403E+02
 3.20000E+01 1.55742E+02
 3.40000E+01 1.49364E+02
 3.60000E+01 1.42682E+02
 3.80000E+01 1.34980E+02
 4.00000E+01 1.29770E+02
 4.20000E+01 1.23360E+02
 4.40000E+01 1.17895E+02
 4.60000E+01 1.16092E+02
 4.80000E+01 1.10135E+02
 5.00000E+01 1.08052E+02
 5.20000E+01 1.05892E+02
 5.40000E+01 1.00509E+02
 5.60000E+01 9.57724E+01
 5.80000E+01 9.35760E+01
 6.00000E+01 9.05676E+01
