# p + 117Sn: Production of 116Sb - Level  3     0.38300 MeV
# Q-value    =-1.28124E+01 mass= 115.906793
# E-threshold= 1.29228E+01
# # energies =   103
#     E          xs      Branching
 1.00000E-11 0.00000E+00 0.00000E+00
 2.53000E-08 0.00000E+00 0.00000E+00
 2.00000E-07 0.00000E+00 0.00000E+00
 1.00000E-06 0.00000E+00 0.00000E+00
 1.00000E-05 0.00000E+00 0.00000E+00
 1.00000E-04 0.00000E+00 0.00000E+00
 1.00000E-03 0.00000E+00 0.00000E+00
 2.00000E-03 0.00000E+00 0.00000E+00
 4.00000E-03 0.00000E+00 0.00000E+00
 7.00000E-03 0.00000E+00 0.00000E+00
 1.00000E-02 0.00000E+00 0.00000E+00
 2.00000E-02 0.00000E+00 0.00000E+00
 4.00000E-02 0.00000E+00 0.00000E+00
 7.00000E-02 0.00000E+00 0.00000E+00
 1.00000E-01 0.00000E+00 0.00000E+00
 2.00000E-01 0.00000E+00 0.00000E+00
 3.00000E-01 0.00000E+00 0.00000E+00
 4.00000E-01 0.00000E+00 0.00000E+00
 5.00000E-01 0.00000E+00 0.00000E+00
 6.00000E-01 0.00000E+00 0.00000E+00
 7.00000E-01 0.00000E+00 0.00000E+00
 8.00000E-01 0.00000E+00 0.00000E+00
 9.00000E-01 0.00000E+00 0.00000E+00
 1.00000E+00 0.00000E+00 0.00000E+00
 1.20000E+00 0.00000E+00 0.00000E+00
 1.40000E+00 0.00000E+00 0.00000E+00
 1.60000E+00 0.00000E+00 0.00000E+00
 1.80000E+00 0.00000E+00 0.00000E+00
 2.00000E+00 0.00000E+00 0.00000E+00
 2.20000E+00 0.00000E+00 0.00000E+00
 2.40000E+00 0.00000E+00 0.00000E+00
 2.60000E+00 0.00000E+00 0.00000E+00
 2.80000E+00 0.00000E+00 0.00000E+00
 3.00000E+00 0.00000E+00 0.00000E+00
 3.20000E+00 0.00000E+00 0.00000E+00
 3.40000E+00 0.00000E+00 0.00000E+00
 3.60000E+00 0.00000E+00 0.00000E+00
 3.80000E+00 0.00000E+00 0.00000E+00
 4.00000E+00 0.00000E+00 0.00000E+00
 4.20000E+00 0.00000E+00 0.00000E+00
 4.40000E+00 0.00000E+00 0.00000E+00
 4.60000E+00 0.00000E+00 0.00000E+00
 4.80000E+00 0.00000E+00 0.00000E+00
 5.00000E+00 0.00000E+00 0.00000E+00
 5.20000E+00 0.00000E+00 0.00000E+00
 5.40000E+00 0.00000E+00 0.00000E+00
 5.60000E+00 0.00000E+00 0.00000E+00
 5.80000E+00 0.00000E+00 0.00000E+00
 6.00000E+00 0.00000E+00 0.00000E+00
 6.20000E+00 0.00000E+00 0.00000E+00
 6.40000E+00 0.00000E+00 0.00000E+00
 6.60000E+00 0.00000E+00 0.00000E+00
 6.80000E+00 0.00000E+00 0.00000E+00
 7.00000E+00 0.00000E+00 0.00000E+00
 7.20000E+00 0.00000E+00 0.00000E+00
 7.40000E+00 0.00000E+00 0.00000E+00
 7.60000E+00 0.00000E+00 0.00000E+00
 7.80000E+00 0.00000E+00 0.00000E+00
 8.00000E+00 0.00000E+00 0.00000E+00
 8.50000E+00 0.00000E+00 0.00000E+00
 9.00000E+00 0.00000E+00 0.00000E+00
 9.50000E+00 0.00000E+00 0.00000E+00
 1.00000E+01 0.00000E+00 0.00000E+00
 1.05000E+01 0.00000E+00 0.00000E+00
 1.10000E+01 0.00000E+00 0.00000E+00
 1.15000E+01 0.00000E+00 0.00000E+00
 1.20000E+01 0.00000E+00 0.00000E+00
 1.25000E+01 0.00000E+00 0.00000E+00
 1.30000E+01 5.33324E-02 1.23846E-03
 1.35000E+01 2.11675E+00 1.35475E-02
 1.40000E+01 7.91291E+00 2.63743E-02
 1.45000E+01 1.68062E+01 3.83836E-02
 1.50000E+01 2.80330E+01 5.01335E-02
 1.60000E+01 5.48568E+01 7.47143E-02
 1.70000E+01 8.63615E+01 1.02308E-01
 1.80000E+01 1.15005E+02 1.26016E-01
 1.90000E+01 1.45190E+02 1.52374E-01
 2.00000E+01 1.72607E+02 1.77330E-01
 2.10000E+01 1.97533E+02 2.01105E-01
 2.20000E+01 2.19487E+02 2.29336E-01
 2.30000E+01 2.36775E+02 2.66431E-01
 2.40000E+01 2.38906E+02 3.09257E-01
 2.50000E+01 2.25211E+02 3.52159E-01
 2.60000E+01 2.02078E+02 3.93653E-01
 2.70000E+01 1.75900E+02 4.34333E-01
 2.80000E+01 1.51332E+02 4.67449E-01
 2.90000E+01 1.30144E+02 4.97263E-01
 3.00000E+01 1.14595E+02 5.23976E-01
 3.20000E+01 9.15731E+01 5.49674E-01
 3.40000E+01 7.72269E+01 5.55984E-01
 3.60000E+01 6.80767E+01 5.56214E-01
 3.80000E+01 6.16826E+01 5.56074E-01
 4.00000E+01 5.58252E+01 5.51982E-01
 4.20000E+01 5.17095E+01 5.52801E-01
 4.40000E+01 4.78494E+01 5.54346E-01
 4.60000E+01 4.40828E+01 5.46683E-01
 4.80000E+01 4.07697E+01 5.49633E-01
 5.00000E+01 3.86260E+01 5.49520E-01
 5.20000E+01 3.60242E+01 5.49424E-01
 5.40000E+01 2.24849E+01 3.67297E-01
 5.60000E+01 2.01054E+01 3.54018E-01
 5.80000E+01 1.97751E+01 3.62948E-01
 6.00000E+01 1.84408E+01 3.61919E-01
