# p + 120Sn: Production of 120Sb - Level  6     0.20000 MeV
# Q-value    =-3.66296E+00 mass= 119.905080
# E-threshold= 3.69373E+00
# # energies =   103
#     E          xs      Branching
 1.00000E-11 0.00000E+00 0.00000E+00
 2.53000E-08 0.00000E+00 0.00000E+00
 2.00000E-07 0.00000E+00 0.00000E+00
 1.00000E-06 0.00000E+00 0.00000E+00
 1.00000E-05 0.00000E+00 0.00000E+00
 1.00000E-04 0.00000E+00 0.00000E+00
 1.00000E-03 0.00000E+00 0.00000E+00
 2.00000E-03 0.00000E+00 0.00000E+00
 4.00000E-03 0.00000E+00 0.00000E+00
 7.00000E-03 0.00000E+00 0.00000E+00
 1.00000E-02 0.00000E+00 0.00000E+00
 2.00000E-02 0.00000E+00 0.00000E+00
 4.00000E-02 0.00000E+00 0.00000E+00
 7.00000E-02 0.00000E+00 0.00000E+00
 1.00000E-01 0.00000E+00 0.00000E+00
 2.00000E-01 0.00000E+00 0.00000E+00
 3.00000E-01 0.00000E+00 0.00000E+00
 4.00000E-01 0.00000E+00 0.00000E+00
 5.00000E-01 0.00000E+00 0.00000E+00
 6.00000E-01 0.00000E+00 0.00000E+00
 7.00000E-01 0.00000E+00 0.00000E+00
 8.00000E-01 0.00000E+00 0.00000E+00
 9.00000E-01 0.00000E+00 0.00000E+00
 1.00000E+00 0.00000E+00 0.00000E+00
 1.20000E+00 0.00000E+00 0.00000E+00
 1.40000E+00 0.00000E+00 0.00000E+00
 1.60000E+00 0.00000E+00 0.00000E+00
 1.80000E+00 0.00000E+00 0.00000E+00
 2.00000E+00 0.00000E+00 0.00000E+00
 2.20000E+00 0.00000E+00 0.00000E+00
 2.40000E+00 0.00000E+00 0.00000E+00
 2.60000E+00 0.00000E+00 0.00000E+00
 2.80000E+00 0.00000E+00 0.00000E+00
 3.00000E+00 0.00000E+00 0.00000E+00
 3.20000E+00 0.00000E+00 0.00000E+00
 3.40000E+00 0.00000E+00 0.00000E+00
 3.60000E+00 0.00000E+00 0.00000E+00
 3.80000E+00 3.01131E-05 2.50982E-05
 4.00000E+00 3.16608E-04 1.38835E-04
 4.20000E+00 1.09191E-03 2.80684E-04
 4.40000E+00 2.93048E-03 4.67332E-04
 4.60000E+00 6.82199E-03 7.04732E-04
 4.80000E+00 1.43436E-02 9.96246E-04
 5.00000E+00 2.76748E-02 1.33658E-03
 5.20000E+00 4.99423E-02 1.73002E-03
 5.40000E+00 8.53418E-02 2.18206E-03
 5.60000E+00 1.39152E-01 2.69812E-03
 5.80000E+00 2.17876E-01 3.28637E-03
 6.00000E+00 3.28774E-01 3.94926E-03
 6.20000E+00 4.79712E-01 4.69159E-03
 6.40000E+00 6.80764E-01 5.53025E-03
 6.60000E+00 9.40630E-01 6.46430E-03
 6.80000E+00 1.26956E+00 7.50177E-03
 7.00000E+00 1.67693E+00 8.64329E-03
 7.20000E+00 2.17255E+00 9.89095E-03
 7.40000E+00 2.76749E+00 1.12517E-02
 7.60000E+00 3.47218E+00 1.27252E-02
 7.80000E+00 4.29819E+00 1.43186E-02
 8.00000E+00 5.25343E+00 1.60202E-02
 8.50000E+00 8.27943E+00 2.07869E-02
 9.00000E+00 1.23566E+01 2.63379E-02
 9.50000E+00 1.76257E+01 3.26904E-02
 1.00000E+01 2.41879E+01 3.98185E-02
 1.05000E+01 3.20958E+01 4.76652E-02
 1.10000E+01 4.04223E+01 6.08537E-02
 1.15000E+01 4.69262E+01 8.08064E-02
 1.20000E+01 5.17152E+01 1.06762E-01
 1.25000E+01 5.42091E+01 1.39006E-01
 1.30000E+01 5.45815E+01 1.75634E-01
 1.35000E+01 5.34921E+01 2.09026E-01
 1.40000E+01 5.13330E+01 2.49174E-01
 1.45000E+01 4.90348E+01 2.85023E-01
 1.50000E+01 4.66584E+01 3.18275E-01
 1.60000E+01 4.23329E+01 3.77425E-01
 1.70000E+01 3.86400E+01 4.20457E-01
 1.80000E+01 3.58730E+01 4.43183E-01
 1.90000E+01 3.38055E+01 4.59336E-01
 2.00000E+01 3.20894E+01 4.68444E-01
 2.10000E+01 3.08941E+01 4.74781E-01
 2.20000E+01 2.98065E+01 4.77858E-01
 2.30000E+01 2.84324E+01 4.79355E-01
 2.40000E+01 2.73134E+01 4.82865E-01
 2.50000E+01 2.63651E+01 4.86553E-01
 2.60000E+01 2.51265E+01 4.85704E-01
 2.70000E+01 2.42009E+01 4.89322E-01
 2.80000E+01 2.29643E+01 4.85928E-01
 2.90000E+01 2.22529E+01 4.89844E-01
 3.00000E+01 2.13750E+01 4.90976E-01
 3.20000E+01 1.95784E+01 4.91596E-01
 3.40000E+01 1.80172E+01 4.86646E-01
 3.60000E+01 1.64644E+01 4.92339E-01
 3.80000E+01 1.46723E+01 4.79349E-01
 4.00000E+01 1.37659E+01 4.89216E-01
 4.20000E+01 1.25777E+01 4.82280E-01
 4.40000E+01 1.18470E+01 4.89213E-01
 4.60000E+01 1.06158E+01 4.83607E-01
 4.80000E+01 9.88147E+00 4.76329E-01
 5.00000E+01 9.47546E+00 4.82254E-01
 5.20000E+01 8.28058E+00 4.78741E-01
 5.40000E+01 7.67970E+00 4.75015E-01
 5.60000E+01 7.53886E+00 4.77415E-01
 5.80000E+01 7.23396E+00 4.72012E-01
 6.00000E+01 6.17054E+00 4.70012E-01
