# p + 120Sn: Production of 120Sb - Ground state
# Q-value    =-3.46296E+00 mass= 119.905080
# E-threshold= 3.49205E+00
# # energies =   103
#     E          xs      Branching
 1.00000E-11 0.00000E+00 0.00000E+00
 2.53000E-08 0.00000E+00 0.00000E+00
 2.00000E-07 0.00000E+00 0.00000E+00
 1.00000E-06 0.00000E+00 0.00000E+00
 1.00000E-05 0.00000E+00 0.00000E+00
 1.00000E-04 0.00000E+00 0.00000E+00
 1.00000E-03 0.00000E+00 0.00000E+00
 2.00000E-03 0.00000E+00 0.00000E+00
 4.00000E-03 0.00000E+00 0.00000E+00
 7.00000E-03 0.00000E+00 0.00000E+00
 1.00000E-02 0.00000E+00 0.00000E+00
 2.00000E-02 0.00000E+00 0.00000E+00
 4.00000E-02 0.00000E+00 0.00000E+00
 7.00000E-02 0.00000E+00 0.00000E+00
 1.00000E-01 0.00000E+00 0.00000E+00
 2.00000E-01 0.00000E+00 0.00000E+00
 3.00000E-01 0.00000E+00 0.00000E+00
 4.00000E-01 0.00000E+00 0.00000E+00
 5.00000E-01 0.00000E+00 0.00000E+00
 6.00000E-01 0.00000E+00 0.00000E+00
 7.00000E-01 0.00000E+00 0.00000E+00
 8.00000E-01 0.00000E+00 0.00000E+00
 9.00000E-01 0.00000E+00 0.00000E+00
 1.00000E+00 0.00000E+00 0.00000E+00
 1.20000E+00 0.00000E+00 0.00000E+00
 1.40000E+00 0.00000E+00 0.00000E+00
 1.60000E+00 0.00000E+00 0.00000E+00
 1.80000E+00 0.00000E+00 0.00000E+00
 2.00000E+00 0.00000E+00 0.00000E+00
 2.20000E+00 0.00000E+00 0.00000E+00
 2.40000E+00 0.00000E+00 0.00000E+00
 2.60000E+00 0.00000E+00 0.00000E+00
 2.80000E+00 0.00000E+00 0.00000E+00
 3.00000E+00 0.00000E+00 0.00000E+00
 3.20000E+00 0.00000E+00 0.00000E+00
 3.40000E+00 0.00000E+00 0.00000E+00
 3.60000E+00 4.64668E-01 1.00000E+00
 3.80000E+00 1.19978E+00 9.99975E-01
 4.00000E+00 2.28014E+00 9.99861E-01
 4.20000E+00 3.88908E+00 9.99719E-01
 4.40000E+00 6.26774E+00 9.99533E-01
 4.60000E+00 9.67343E+00 9.99295E-01
 4.80000E+00 1.43833E+01 9.99004E-01
 5.00000E+00 2.06780E+01 9.98663E-01
 5.20000E+00 2.88181E+01 9.98270E-01
 5.40000E+00 3.90254E+01 9.97818E-01
 5.60000E+00 5.14346E+01 9.97302E-01
 5.80000E+00 6.60789E+01 9.96714E-01
 6.00000E+00 8.29208E+01 9.96051E-01
 6.20000E+00 1.01770E+02 9.95308E-01
 6.40000E+00 1.22418E+02 9.94470E-01
 6.60000E+00 1.44571E+02 9.93536E-01
 6.80000E+00 1.67966E+02 9.92498E-01
 7.00000E+00 1.92339E+02 9.91357E-01
 7.20000E+00 2.17478E+02 9.90109E-01
 7.40000E+00 2.43195E+02 9.88748E-01
 7.60000E+00 2.69386E+02 9.87275E-01
 7.80000E+00 2.95885E+02 9.85681E-01
 8.00000E+00 3.22672E+02 9.83980E-01
 8.50000E+00 3.90020E+02 9.79213E-01
 9.00000E+00 4.56802E+02 9.73662E-01
 9.50000E+00 5.21544E+02 9.67310E-01
 1.00000E+01 5.83266E+02 9.60182E-01
 1.05000E+01 6.41264E+02 9.52335E-01
 1.10000E+01 6.23831E+02 9.39146E-01
 1.15000E+01 5.33797E+02 9.19194E-01
 1.20000E+01 4.32682E+02 8.93238E-01
 1.25000E+01 3.35767E+02 8.60994E-01
 1.30000E+01 2.56187E+02 8.24366E-01
 1.35000E+01 2.02419E+02 7.90974E-01
 1.40000E+01 1.54680E+02 7.50826E-01
 1.45000E+01 1.23003E+02 7.14977E-01
 1.50000E+01 9.99396E+01 6.81725E-01
 1.60000E+01 6.98293E+01 6.22575E-01
 1.70000E+01 5.32600E+01 5.79543E-01
 1.80000E+01 4.50711E+01 5.56817E-01
 1.90000E+01 3.97910E+01 5.40664E-01
 2.00000E+01 3.64127E+01 5.31556E-01
 2.10000E+01 3.41761E+01 5.25219E-01
 2.20000E+01 3.25687E+01 5.22142E-01
 2.30000E+01 3.08815E+01 5.20645E-01
 2.40000E+01 2.92518E+01 5.17134E-01
 2.50000E+01 2.78224E+01 5.13447E-01
 2.60000E+01 2.66057E+01 5.14296E-01
 2.70000E+01 2.52571E+01 5.10678E-01
 2.80000E+01 2.42944E+01 5.14072E-01
 2.90000E+01 2.31757E+01 5.10156E-01
 3.00000E+01 2.21607E+01 5.09024E-01
 3.20000E+01 2.02478E+01 5.08404E-01
 3.40000E+01 1.90059E+01 5.13354E-01
 3.60000E+01 1.69768E+01 5.07661E-01
 3.80000E+01 1.59365E+01 5.20651E-01
 4.00000E+01 1.43728E+01 5.10784E-01
 4.20000E+01 1.35019E+01 5.17720E-01
 4.40000E+01 1.23694E+01 5.10787E-01
 4.60000E+01 1.13355E+01 5.16393E-01
 4.80000E+01 1.08636E+01 5.23671E-01
 5.00000E+01 1.01728E+01 5.17746E-01
 5.20000E+01 9.01598E+00 5.21258E-01
 5.40000E+01 8.48756E+00 5.24984E-01
 5.60000E+01 8.25212E+00 5.22585E-01
 5.80000E+01 8.09185E+00 5.27988E-01
 6.00000E+01 6.95793E+00 5.29988E-01
