# p + 119Sn: Production of 119Sb - Total
# Q-value    =-1.37180E+00 mass= 118.903944
# E-threshold= 1.38342E+00
# # energies =   103
#     E          xs
 1.00000E-11 0.00000E+00
 2.53000E-08 0.00000E+00
 2.00000E-07 0.00000E+00
 1.00000E-06 0.00000E+00
 1.00000E-05 0.00000E+00
 1.00000E-04 0.00000E+00
 1.00000E-03 0.00000E+00
 2.00000E-03 0.00000E+00
 4.00000E-03 0.00000E+00
 7.00000E-03 0.00000E+00
 1.00000E-02 0.00000E+00
 2.00000E-02 0.00000E+00
 4.00000E-02 0.00000E+00
 7.00000E-02 0.00000E+00
 1.00000E-01 0.00000E+00
 2.00000E-01 0.00000E+00
 3.00000E-01 0.00000E+00
 4.00000E-01 0.00000E+00
 5.00000E-01 0.00000E+00
 6.00000E-01 0.00000E+00
 7.00000E-01 0.00000E+00
 8.00000E-01 0.00000E+00
 9.00000E-01 0.00000E+00
 1.00000E+00 0.00000E+00
 1.20000E+00 0.00000E+00
 1.40000E+00 0.00000E+00
 1.60000E+00 0.00000E+00
 1.80000E+00 0.00000E+00
 2.00000E+00 0.00000E+00
 2.20000E+00 0.00000E+00
 2.40000E+00 3.47130E-03
 2.60000E+00 1.10578E-02
 2.80000E+00 3.10700E-02
 3.00000E+00 7.85304E-02
 3.20000E+00 1.79785E-01
 3.40000E+00 3.78730E-01
 3.60000E+00 7.43419E-01
 3.80000E+00 1.37246E+00
 4.00000E+00 2.39896E+00
 4.20000E+00 3.99701E+00
 4.40000E+00 6.37521E+00
 4.60000E+00 9.77107E+00
 4.80000E+00 1.44426E+01
 5.00000E+00 2.06300E+01
 5.20000E+00 2.85632E+01
 5.40000E+00 3.83860E+01
 5.60000E+00 5.02025E+01
 5.80000E+00 6.39873E+01
 6.00000E+00 7.96672E+01
 6.20000E+00 9.70931E+01
 6.40000E+00 1.16040E+02
 6.60000E+00 1.36375E+02
 6.80000E+00 1.57842E+02
 7.00000E+00 1.80314E+02
 7.20000E+00 2.03711E+02
 7.40000E+00 2.27854E+02
 7.60000E+00 2.52733E+02
 7.80000E+00 2.78280E+02
 8.00000E+00 3.04397E+02
 8.50000E+00 3.71732E+02
 9.00000E+00 4.40766E+02
 9.50000E+00 5.09752E+02
 1.00000E+01 5.77124E+02
 1.05000E+01 6.41202E+02
 1.10000E+01 7.00594E+02
 1.15000E+01 6.92211E+02
 1.20000E+01 6.06815E+02
 1.25000E+01 5.00578E+02
 1.30000E+01 3.99114E+02
 1.35000E+01 3.20442E+02
 1.40000E+01 2.55557E+02
 1.45000E+01 2.08134E+02
 1.50000E+01 1.73339E+02
 1.60000E+01 1.27288E+02
 1.70000E+01 1.01829E+02
 1.80000E+01 8.81899E+01
 1.90000E+01 7.97327E+01
 2.00000E+01 7.44495E+01
 2.10000E+01 7.02179E+01
 2.20000E+01 6.68408E+01
 2.30000E+01 6.37551E+01
 2.40000E+01 6.11170E+01
 2.50000E+01 5.85483E+01
 2.60000E+01 5.58748E+01
 2.70000E+01 5.36893E+01
 2.80000E+01 5.13357E+01
 2.90000E+01 4.94883E+01
 3.00000E+01 4.72415E+01
 3.20000E+01 4.34148E+01
 3.40000E+01 4.01208E+01
 3.60000E+01 3.70835E+01
 3.80000E+01 3.35528E+01
 4.00000E+01 3.17813E+01
 4.20000E+01 2.84351E+01
 4.40000E+01 2.71270E+01
 4.60000E+01 2.52103E+01
 4.80000E+01 2.22976E+01
 5.00000E+01 2.18951E+01
 5.20000E+01 2.02366E+01
 5.40000E+01 1.75806E+01
 5.60000E+01 1.71222E+01
 5.80000E+01 1.69564E+01
 6.00000E+01 1.58072E+01
