# p + 114Sn: Production of 114Sn - Total
# Q-value    =-1.29991E+00 mass= 113.902780
# E-threshold= 1.31140E+00
# # energies =   103
#     E          xs
 1.00000E-11 0.00000E+00
 2.53000E-08 0.00000E+00
 2.00000E-07 0.00000E+00
 1.00000E-06 0.00000E+00
 1.00000E-05 0.00000E+00
 1.00000E-04 0.00000E+00
 1.00000E-03 0.00000E+00
 2.00000E-03 0.00000E+00
 4.00000E-03 0.00000E+00
 7.00000E-03 0.00000E+00
 1.00000E-02 0.00000E+00
 2.00000E-02 0.00000E+00
 4.00000E-02 0.00000E+00
 7.00000E-02 0.00000E+00
 1.00000E-01 0.00000E+00
 2.00000E-01 0.00000E+00
 3.00000E-01 0.00000E+00
 4.00000E-01 0.00000E+00
 5.00000E-01 0.00000E+00
 6.00000E-01 0.00000E+00
 7.00000E-01 0.00000E+00
 8.00000E-01 0.00000E+00
 9.00000E-01 0.00000E+00
 1.00000E+00 0.00000E+00
 1.20000E+00 0.00000E+00
 1.40000E+00 0.00000E+00
 1.60000E+00 0.00000E+00
 1.80000E+00 0.00000E+00
 2.00000E+00 0.00000E+00
 2.20000E+00 0.00000E+00
 2.40000E+00 0.00000E+00
 2.60000E+00 0.00000E+00
 2.80000E+00 0.00000E+00
 3.00000E+00 0.00000E+00
 3.20000E+00 0.00000E+00
 3.40000E+00 0.00000E+00
 3.60000E+00 0.00000E+00
 3.80000E+00 2.30964E-03
 4.00000E+00 7.01658E-03
 4.20000E+00 1.93048E-02
 4.40000E+00 4.85721E-02
 4.60000E+00 1.12780E-01
 4.80000E+00 2.43637E-01
 5.00000E+00 4.93739E-01
 5.20000E+00 9.45732E-01
 5.40000E+00 1.73309E+00
 5.60000E+00 3.06458E+00
 5.80000E+00 5.04434E+00
 6.00000E+00 8.17753E+00
 6.20000E+00 1.26828E+01
 6.40000E+00 1.89204E+01
 6.60000E+00 2.75969E+01
 6.80000E+00 3.86843E+01
 7.00000E+00 4.30373E+01
 7.20000E+00 3.61819E+01
 7.40000E+00 3.67285E+01
 7.60000E+00 3.99031E+01
 7.80000E+00 4.42973E+01
 8.00000E+00 4.91955E+01
 8.50000E+00 6.26377E+01
 9.00000E+00 7.49505E+01
 9.50000E+00 8.61395E+01
 1.00000E+01 9.59082E+01
 1.05000E+01 1.04365E+02
 1.10000E+01 1.11869E+02
 1.15000E+01 1.19194E+02
 1.20000E+01 1.27181E+02
 1.25000E+01 1.35949E+02
 1.30000E+01 1.45416E+02
 1.35000E+01 1.55323E+02
 1.40000E+01 1.65022E+02
 1.45000E+01 1.73606E+02
 1.50000E+01 1.79733E+02
 1.60000E+01 1.82412E+02
 1.70000E+01 1.74817E+02
 1.80000E+01 1.62301E+02
 1.90000E+01 1.56021E+02
 2.00000E+01 1.54121E+02
 2.10000E+01 1.54288E+02
 2.20000E+01 1.55241E+02
 2.30000E+01 1.56261E+02
 2.40000E+01 1.56879E+02
 2.50000E+01 1.56481E+02
 2.60000E+01 1.55702E+02
 2.70000E+01 1.54726E+02
 2.80000E+01 1.52696E+02
 2.90000E+01 1.51252E+02
 3.00000E+01 1.48874E+02
 3.20000E+01 1.44952E+02
 3.40000E+01 1.38081E+02
 3.60000E+01 1.32033E+02
 3.80000E+01 1.25940E+02
 4.00000E+01 1.20753E+02
 4.20000E+01 1.15622E+02
 4.40000E+01 1.11238E+02
 4.60000E+01 1.06640E+02
 4.80000E+01 1.04541E+02
 5.00000E+01 1.02936E+02
 5.20000E+01 9.88314E+01
 5.40000E+01 9.35032E+01
 5.60000E+01 9.15895E+01
 5.80000E+01 8.85093E+01
 6.00000E+01 8.41671E+01
