# p + 117Sn: Production of 116Sb - Total
# Q-value    =-1.24294E+01 mass= 115.906793
# E-threshold= 1.25365E+01
# # energies =   103
#     E          xs
 1.00000E-11 0.00000E+00
 2.53000E-08 0.00000E+00
 2.00000E-07 0.00000E+00
 1.00000E-06 0.00000E+00
 1.00000E-05 0.00000E+00
 1.00000E-04 0.00000E+00
 1.00000E-03 0.00000E+00
 2.00000E-03 0.00000E+00
 4.00000E-03 0.00000E+00
 7.00000E-03 0.00000E+00
 1.00000E-02 0.00000E+00
 2.00000E-02 0.00000E+00
 4.00000E-02 0.00000E+00
 7.00000E-02 0.00000E+00
 1.00000E-01 0.00000E+00
 2.00000E-01 0.00000E+00
 3.00000E-01 0.00000E+00
 4.00000E-01 0.00000E+00
 5.00000E-01 0.00000E+00
 6.00000E-01 0.00000E+00
 7.00000E-01 0.00000E+00
 8.00000E-01 0.00000E+00
 9.00000E-01 0.00000E+00
 1.00000E+00 0.00000E+00
 1.20000E+00 0.00000E+00
 1.40000E+00 0.00000E+00
 1.60000E+00 0.00000E+00
 1.80000E+00 0.00000E+00
 2.00000E+00 0.00000E+00
 2.20000E+00 0.00000E+00
 2.40000E+00 0.00000E+00
 2.60000E+00 0.00000E+00
 2.80000E+00 0.00000E+00
 3.00000E+00 0.00000E+00
 3.20000E+00 0.00000E+00
 3.40000E+00 0.00000E+00
 3.60000E+00 0.00000E+00
 3.80000E+00 0.00000E+00
 4.00000E+00 0.00000E+00
 4.20000E+00 0.00000E+00
 4.40000E+00 0.00000E+00
 4.60000E+00 0.00000E+00
 4.80000E+00 0.00000E+00
 5.00000E+00 0.00000E+00
 5.20000E+00 0.00000E+00
 5.40000E+00 0.00000E+00
 5.60000E+00 0.00000E+00
 5.80000E+00 0.00000E+00
 6.00000E+00 0.00000E+00
 6.20000E+00 0.00000E+00
 6.40000E+00 0.00000E+00
 6.60000E+00 0.00000E+00
 6.80000E+00 0.00000E+00
 7.00000E+00 0.00000E+00
 7.20000E+00 0.00000E+00
 7.40000E+00 0.00000E+00
 7.60000E+00 0.00000E+00
 7.80000E+00 0.00000E+00
 8.00000E+00 0.00000E+00
 8.50000E+00 0.00000E+00
 9.00000E+00 0.00000E+00
 9.50000E+00 0.00000E+00
 1.00000E+01 0.00000E+00
 1.05000E+01 0.00000E+00
 1.10000E+01 0.00000E+00
 1.15000E+01 0.00000E+00
 1.20000E+01 0.00000E+00
 1.25000E+01 0.00000E+00
 1.30000E+01 4.30636E+01
 1.35000E+01 1.56247E+02
 1.40000E+01 3.00024E+02
 1.45000E+01 4.37847E+02
 1.50000E+01 5.59166E+02
 1.60000E+01 7.34220E+02
 1.70000E+01 8.44136E+02
 1.80000E+01 9.12624E+02
 1.90000E+01 9.52853E+02
 2.00000E+01 9.73367E+02
 2.10000E+01 9.82236E+02
 2.20000E+01 9.57056E+02
 2.30000E+01 8.88693E+02
 2.40000E+01 7.72514E+02
 2.50000E+01 6.39515E+02
 2.60000E+01 5.13339E+02
 2.70000E+01 4.04988E+02
 2.80000E+01 3.23740E+02
 2.90000E+01 2.61720E+02
 3.00000E+01 2.18704E+02
 3.20000E+01 1.66595E+02
 3.40000E+01 1.38901E+02
 3.60000E+01 1.22393E+02
 3.80000E+01 1.10925E+02
 4.00000E+01 1.01136E+02
 4.20000E+01 9.35409E+01
 4.40000E+01 8.63167E+01
 4.60000E+01 8.06369E+01
 4.80000E+01 7.41762E+01
 5.00000E+01 7.02905E+01
 5.20000E+01 6.55671E+01
 5.40000E+01 6.12173E+01
 5.60000E+01 5.67921E+01
 5.80000E+01 5.44845E+01
 6.00000E+01 5.09528E+01
