# p + 120Sn: Production of 119Sn - Ground state
# Q-value    =-6.87951E+00 mass= 118.903311
# E-threshold= 6.93730E+00
# # energies =   103
#     E          xs      Branching
 1.00000E-11 0.00000E+00 0.00000E+00
 2.53000E-08 0.00000E+00 0.00000E+00
 2.00000E-07 0.00000E+00 0.00000E+00
 1.00000E-06 0.00000E+00 0.00000E+00
 1.00000E-05 0.00000E+00 0.00000E+00
 1.00000E-04 0.00000E+00 0.00000E+00
 1.00000E-03 0.00000E+00 0.00000E+00
 2.00000E-03 0.00000E+00 0.00000E+00
 4.00000E-03 0.00000E+00 0.00000E+00
 7.00000E-03 0.00000E+00 0.00000E+00
 1.00000E-02 0.00000E+00 0.00000E+00
 2.00000E-02 0.00000E+00 0.00000E+00
 4.00000E-02 0.00000E+00 0.00000E+00
 7.00000E-02 0.00000E+00 0.00000E+00
 1.00000E-01 0.00000E+00 0.00000E+00
 2.00000E-01 0.00000E+00 0.00000E+00
 3.00000E-01 0.00000E+00 0.00000E+00
 4.00000E-01 0.00000E+00 0.00000E+00
 5.00000E-01 0.00000E+00 0.00000E+00
 6.00000E-01 0.00000E+00 0.00000E+00
 7.00000E-01 0.00000E+00 0.00000E+00
 8.00000E-01 0.00000E+00 0.00000E+00
 9.00000E-01 0.00000E+00 0.00000E+00
 1.00000E+00 0.00000E+00 0.00000E+00
 1.20000E+00 0.00000E+00 0.00000E+00
 1.40000E+00 0.00000E+00 0.00000E+00
 1.60000E+00 0.00000E+00 0.00000E+00
 1.80000E+00 0.00000E+00 0.00000E+00
 2.00000E+00 0.00000E+00 0.00000E+00
 2.20000E+00 0.00000E+00 0.00000E+00
 2.40000E+00 0.00000E+00 0.00000E+00
 2.60000E+00 0.00000E+00 0.00000E+00
 2.80000E+00 0.00000E+00 0.00000E+00
 3.00000E+00 0.00000E+00 0.00000E+00
 3.20000E+00 0.00000E+00 0.00000E+00
 3.40000E+00 0.00000E+00 0.00000E+00
 3.60000E+00 0.00000E+00 0.00000E+00
 3.80000E+00 0.00000E+00 0.00000E+00
 4.00000E+00 0.00000E+00 0.00000E+00
 4.20000E+00 0.00000E+00 0.00000E+00
 4.40000E+00 0.00000E+00 0.00000E+00
 4.60000E+00 0.00000E+00 0.00000E+00
 4.80000E+00 0.00000E+00 0.00000E+00
 5.00000E+00 0.00000E+00 0.00000E+00
 5.20000E+00 0.00000E+00 0.00000E+00
 5.40000E+00 0.00000E+00 0.00000E+00
 5.60000E+00 0.00000E+00 0.00000E+00
 5.80000E+00 0.00000E+00 0.00000E+00
 6.00000E+00 0.00000E+00 0.00000E+00
 6.20000E+00 0.00000E+00 0.00000E+00
 6.40000E+00 0.00000E+00 0.00000E+00
 6.60000E+00 0.00000E+00 0.00000E+00
 6.80000E+00 0.00000E+00 0.00000E+00
 7.00000E+00 0.00000E+00 0.00000E+00
 7.20000E+00 0.00000E+00 0.00000E+00
 7.40000E+00 0.00000E+00 0.00000E+00
 7.60000E+00 0.00000E+00 0.00000E+00
 7.80000E+00 0.00000E+00 0.00000E+00
 8.00000E+00 0.00000E+00 0.00000E+00
 8.50000E+00 0.00000E+00 0.00000E+00
 9.00000E+00 0.00000E+00 0.00000E+00
 9.50000E+00 0.00000E+00 0.00000E+00
 1.00000E+01 0.00000E+00 0.00000E+00
 1.05000E+01 0.00000E+00 0.00000E+00
 1.10000E+01 0.00000E+00 0.00000E+00
 1.15000E+01 8.77876E-04 4.33926E-01
 1.20000E+01 3.74406E-03 4.99660E-01
 1.25000E+01 1.28875E-02 5.16003E-01
 1.30000E+01 4.00428E-02 5.52771E-01
 1.35000E+01 1.07365E-01 5.65797E-01
 1.40000E+01 2.44975E-01 5.47677E-01
 1.45000E+01 4.99557E-01 5.37172E-01
 1.50000E+01 9.22928E-01 5.33489E-01
 1.60000E+01 2.37125E+00 4.88678E-01
 1.70000E+01 5.08199E+00 4.89884E-01
 1.80000E+01 8.87583E+00 4.68607E-01
 1.90000E+01 1.38357E+01 4.61729E-01
 2.00000E+01 2.01788E+01 4.62414E-01
 2.10000E+01 2.77078E+01 4.66582E-01
 2.20000E+01 3.52344E+01 4.55910E-01
 2.30000E+01 4.43228E+01 4.54744E-01
 2.40000E+01 5.30882E+01 4.58796E-01
 2.50000E+01 6.12179E+01 4.52500E-01
 2.60000E+01 7.08094E+01 4.63002E-01
 2.70000E+01 7.98690E+01 4.70820E-01
 2.80000E+01 8.68829E+01 4.75897E-01
 2.90000E+01 9.21825E+01 4.73606E-01
 3.00000E+01 9.72085E+01 4.74884E-01
 3.20000E+01 1.05907E+02 4.80601E-01
 3.40000E+01 1.09544E+02 4.82890E-01
 3.60000E+01 1.13535E+02 4.81444E-01
 3.80000E+01 1.13499E+02 4.85199E-01
 4.00000E+01 1.12616E+02 4.85413E-01
 4.20000E+01 1.13346E+02 4.82565E-01
 4.40000E+01 1.09673E+02 4.87033E-01
 4.60000E+01 1.11669E+02 4.85048E-01
 4.80000E+01 1.05449E+02 4.86098E-01
 5.00000E+01 1.01737E+02 4.80126E-01
 5.20000E+01 1.02036E+02 4.79377E-01
 5.40000E+01 9.87758E+01 4.88628E-01
 5.60000E+01 9.80106E+01 4.81366E-01
 5.80000E+01 9.54573E+01 4.74767E-01
 6.00000E+01 9.13707E+01 4.78964E-01
