# p + 122Sn: Production of 123Sb - Total
# Q-value    = 6.57191E+00 mass= 122.904215
# E-threshold= 0.00000E+00
# # energies =   103
#     E          xs
 1.00000E-11 0.00000E+00
 2.53000E-08 0.00000E+00
 2.00000E-07 0.00000E+00
 1.00000E-06 0.00000E+00
 1.00000E-05 0.00000E+00
 1.00000E-04 0.00000E+00
 1.00000E-03 0.00000E+00
 2.00000E-03 0.00000E+00
 4.00000E-03 0.00000E+00
 7.00000E-03 0.00000E+00
 1.00000E-02 0.00000E+00
 2.00000E-02 0.00000E+00
 4.00000E-02 0.00000E+00
 7.00000E-02 0.00000E+00
 1.00000E-01 0.00000E+00
 2.00000E-01 0.00000E+00
 3.00000E-01 0.00000E+00
 4.00000E-01 0.00000E+00
 5.00000E-01 0.00000E+00
 6.00000E-01 0.00000E+00
 7.00000E-01 0.00000E+00
 8.00000E-01 0.00000E+00
 9.00000E-01 0.00000E+00
 1.00000E+00 0.00000E+00
 1.20000E+00 0.00000E+00
 1.40000E+00 0.00000E+00
 1.60000E+00 0.00000E+00
 1.80000E+00 1.00000E-07
 2.00000E+00 1.00000E-07
 2.20000E+00 1.24957E-03
 2.40000E+00 4.66059E-03
 2.60000E+00 3.30275E-03
 2.80000E+00 2.66732E-03
 3.00000E+00 3.22223E-03
 3.20000E+00 4.76658E-03
 3.40000E+00 7.45545E-03
 3.60000E+00 1.17107E-02
 3.80000E+00 1.81442E-02
 4.00000E+00 2.74948E-02
 4.20000E+00 4.02802E-02
 4.40000E+00 5.74696E-02
 4.60000E+00 8.00603E-02
 4.80000E+00 1.06734E-01
 5.00000E+00 1.39568E-01
 5.20000E+00 1.76240E-01
 5.40000E+00 2.15985E-01
 5.60000E+00 2.59931E-01
 5.80000E+00 3.01850E-01
 6.00000E+00 3.48526E-01
 6.20000E+00 3.89491E-01
 6.40000E+00 4.32700E-01
 6.60000E+00 4.70848E-01
 6.80000E+00 5.03076E-01
 7.00000E+00 5.40919E-01
 7.20000E+00 5.60445E-01
 7.40000E+00 5.93902E-01
 7.60000E+00 6.06916E-01
 7.80000E+00 6.20384E-01
 8.00000E+00 6.45718E-01
 8.50000E+00 6.68193E-01
 9.00000E+00 6.84633E-01
 9.50000E+00 7.16613E-01
 1.00000E+01 7.65804E-01
 1.05000E+01 8.02616E-01
 1.10000E+01 8.59007E-01
 1.15000E+01 9.15331E-01
 1.20000E+01 9.67048E-01
 1.25000E+01 1.01938E+00
 1.30000E+01 1.06371E+00
 1.35000E+01 1.10063E+00
 1.40000E+01 1.13445E+00
 1.45000E+01 1.15503E+00
 1.50000E+01 1.17510E+00
 1.60000E+01 1.14877E+00
 1.70000E+01 1.08955E+00
 1.80000E+01 9.79060E-01
 1.90000E+01 8.35250E-01
 2.00000E+01 7.24710E-01
 2.10000E+01 6.14017E-01
 2.20000E+01 5.40846E-01
 2.30000E+01 4.75746E-01
 2.40000E+01 4.19835E-01
 2.50000E+01 3.90917E-01
 2.60000E+01 3.58639E-01
 2.70000E+01 3.28591E-01
 2.80000E+01 3.15421E-01
 2.90000E+01 3.00907E-01
 3.00000E+01 2.74525E-01
 3.20000E+01 2.52150E-01
 3.40000E+01 2.24239E-01
 3.60000E+01 1.99983E-01
 3.80000E+01 1.88880E-01
 4.00000E+01 1.64708E-01
 4.20000E+01 1.52473E-01
 4.40000E+01 1.46037E-01
 4.60000E+01 1.37657E-01
 4.80000E+01 1.19847E-01
 5.00000E+01 1.14512E-01
 5.20000E+01 1.11012E-01
 5.40000E+01 1.08998E-01
 5.60000E+01 1.06238E-01
 5.80000E+01 9.38665E-02
 6.00000E+01 8.88722E-02
