# p + 119Sn: Production of 120Sb - Level  6     0.20000 MeV
# Q-value    = 5.44112E+00 mass= 119.905080
# E-threshold= 0.00000E+00
# # energies =   103
#     E          xs      Branching
 1.00000E-11 0.00000E+00 0.00000E+00
 2.53000E-08 0.00000E+00 0.00000E+00
 2.00000E-07 0.00000E+00 0.00000E+00
 1.00000E-06 0.00000E+00 0.00000E+00
 1.00000E-05 0.00000E+00 0.00000E+00
 1.00000E-04 0.00000E+00 0.00000E+00
 1.00000E-03 0.00000E+00 0.00000E+00
 2.00000E-03 0.00000E+00 0.00000E+00
 4.00000E-03 0.00000E+00 0.00000E+00
 7.00000E-03 0.00000E+00 0.00000E+00
 1.00000E-02 0.00000E+00 0.00000E+00
 2.00000E-02 0.00000E+00 0.00000E+00
 4.00000E-02 0.00000E+00 0.00000E+00
 7.00000E-02 0.00000E+00 0.00000E+00
 1.00000E-01 0.00000E+00 0.00000E+00
 2.00000E-01 0.00000E+00 0.00000E+00
 3.00000E-01 0.00000E+00 0.00000E+00
 4.00000E-01 0.00000E+00 0.00000E+00
 5.00000E-01 0.00000E+00 0.00000E+00
 6.00000E-01 0.00000E+00 0.00000E+00
 7.00000E-01 0.00000E+00 0.00000E+00
 8.00000E-01 0.00000E+00 0.00000E+00
 9.00000E-01 0.00000E+00 0.00000E+00
 1.00000E+00 0.00000E+00 0.00000E+00
 1.20000E+00 0.00000E+00 0.00000E+00
 1.40000E+00 0.00000E+00 0.00000E+00
 1.60000E+00 0.00000E+00 0.00000E+00
 1.80000E+00 0.00000E+00 0.00000E+00
 2.00000E+00 1.84837E-11 0.00000E+00
 2.20000E+00 1.13059E-10 0.00000E+00
 2.40000E+00 4.12130E-10 0.00000E+00
 2.60000E+00 0.00000E+00 0.00000E+00
 2.80000E+00 8.79815E-06 4.12941E-03
 3.00000E+00 1.91788E-05 4.70662E-03
 3.20000E+00 3.74630E-05 5.05814E-03
 3.40000E+00 6.88031E-05 5.30865E-03
 3.60000E+00 1.20265E-04 5.58315E-03
 3.80000E+00 1.97673E-04 5.80622E-03
 4.00000E+00 3.13743E-04 5.97901E-03
 4.20000E+00 4.70877E-04 6.16535E-03
 4.40000E+00 6.88226E-04 6.40525E-03
 4.60000E+00 9.67442E-04 6.55569E-03
 4.80000E+00 1.32145E-03 6.86256E-03
 5.00000E+00 1.77937E-03 7.11630E-03
 5.20000E+00 2.29878E-03 7.50505E-03
 5.40000E+00 2.97490E-03 7.92224E-03
 5.60000E+00 3.66652E-03 8.42562E-03
 5.80000E+00 4.55623E-03 9.06469E-03
 6.00000E+00 5.50606E-03 9.81102E-03
 6.20000E+00 6.38029E-03 1.05484E-02
 6.40000E+00 7.83628E-03 1.17958E-02
 6.60000E+00 8.85041E-03 1.31620E-02
 6.80000E+00 1.03560E-02 1.47526E-02
 7.00000E+00 1.18312E-02 1.64607E-02
 7.20000E+00 1.27943E-02 1.84384E-02
 7.40000E+00 1.53127E-02 2.16882E-02
 7.60000E+00 1.68756E-02 2.43655E-02
 7.80000E+00 1.91069E-02 2.88551E-02
 8.00000E+00 2.15492E-02 3.30262E-02
 8.50000E+00 2.87917E-02 4.81846E-02
 9.00000E+00 3.88125E-02 6.70369E-02
 9.50000E+00 5.17826E-02 9.13632E-02
 1.00000E+01 6.76924E-02 1.18787E-01
 1.05000E+01 8.74477E-02 1.42899E-01
 1.10000E+01 1.09778E-01 1.69101E-01
 1.15000E+01 1.34533E-01 1.89580E-01
 1.20000E+01 1.61577E-01 2.10688E-01
 1.25000E+01 1.90042E-01 2.30137E-01
 1.30000E+01 2.17787E-01 2.49679E-01
 1.35000E+01 2.45344E-01 2.68181E-01
 1.40000E+01 2.72068E-01 2.85568E-01
 1.45000E+01 2.97591E-01 3.06364E-01
 1.50000E+01 3.19054E-01 3.26057E-01
 1.60000E+01 3.52902E-01 3.63852E-01
 1.70000E+01 3.69594E-01 3.97616E-01
 1.80000E+01 3.65965E-01 4.31484E-01
 1.90000E+01 3.41165E-01 4.51084E-01
 2.00000E+01 3.05004E-01 4.64926E-01
 2.10000E+01 2.65646E-01 4.67074E-01
 2.20000E+01 2.31898E-01 4.62727E-01
 2.30000E+01 1.96666E-01 4.53322E-01
 2.40000E+01 1.72141E-01 4.43371E-01
 2.50000E+01 1.51626E-01 4.30962E-01
 2.60000E+01 1.33036E-01 4.19989E-01
 2.70000E+01 1.20734E-01 4.11967E-01
 2.80000E+01 1.09990E-01 4.01403E-01
 2.90000E+01 1.01038E-01 3.94388E-01
 3.00000E+01 9.38936E-02 3.90525E-01
 3.20000E+01 8.36465E-02 3.86578E-01
 3.40000E+01 7.55372E-02 3.84328E-01
 3.60000E+01 6.79624E-02 3.90267E-01
 3.80000E+01 6.02612E-02 3.81679E-01
 4.00000E+01 5.61984E-02 3.79266E-01
 4.20000E+01 5.11465E-02 3.84457E-01
 4.40000E+01 4.52229E-02 3.76954E-01
 4.60000E+01 4.27344E-02 3.76827E-01
 4.80000E+01 4.12671E-02 3.78868E-01
 5.00000E+01 3.74046E-02 3.74983E-01
 5.20000E+01 3.40492E-02 3.73295E-01
 5.40000E+01 3.27024E-02 3.76137E-01
 5.60000E+01 3.19073E-02 3.78515E-01
 5.80000E+01 3.11686E-02 3.78505E-01
 6.00000E+01 3.03866E-02 3.77641E-01
