# p + 114Sn: Production of 113Sn - Total
# Q-value    =-8.07836E+00 mass= 112.905176
# E-threshold= 8.14980E+00
# # energies =   103
#     E          xs
 1.00000E-11 0.00000E+00
 2.53000E-08 0.00000E+00
 2.00000E-07 0.00000E+00
 1.00000E-06 0.00000E+00
 1.00000E-05 0.00000E+00
 1.00000E-04 0.00000E+00
 1.00000E-03 0.00000E+00
 2.00000E-03 0.00000E+00
 4.00000E-03 0.00000E+00
 7.00000E-03 0.00000E+00
 1.00000E-02 0.00000E+00
 2.00000E-02 0.00000E+00
 4.00000E-02 0.00000E+00
 7.00000E-02 0.00000E+00
 1.00000E-01 0.00000E+00
 2.00000E-01 0.00000E+00
 3.00000E-01 0.00000E+00
 4.00000E-01 0.00000E+00
 5.00000E-01 0.00000E+00
 6.00000E-01 0.00000E+00
 7.00000E-01 0.00000E+00
 8.00000E-01 0.00000E+00
 9.00000E-01 0.00000E+00
 1.00000E+00 0.00000E+00
 1.20000E+00 0.00000E+00
 1.40000E+00 0.00000E+00
 1.60000E+00 0.00000E+00
 1.80000E+00 0.00000E+00
 2.00000E+00 0.00000E+00
 2.20000E+00 0.00000E+00
 2.40000E+00 0.00000E+00
 2.60000E+00 0.00000E+00
 2.80000E+00 0.00000E+00
 3.00000E+00 0.00000E+00
 3.20000E+00 0.00000E+00
 3.40000E+00 0.00000E+00
 3.60000E+00 0.00000E+00
 3.80000E+00 0.00000E+00
 4.00000E+00 0.00000E+00
 4.20000E+00 0.00000E+00
 4.40000E+00 0.00000E+00
 4.60000E+00 0.00000E+00
 4.80000E+00 0.00000E+00
 5.00000E+00 0.00000E+00
 5.20000E+00 0.00000E+00
 5.40000E+00 0.00000E+00
 5.60000E+00 0.00000E+00
 5.80000E+00 0.00000E+00
 6.00000E+00 0.00000E+00
 6.20000E+00 0.00000E+00
 6.40000E+00 0.00000E+00
 6.60000E+00 0.00000E+00
 6.80000E+00 0.00000E+00
 7.00000E+00 0.00000E+00
 7.20000E+00 0.00000E+00
 7.40000E+00 0.00000E+00
 7.60000E+00 0.00000E+00
 7.80000E+00 0.00000E+00
 8.00000E+00 0.00000E+00
 8.50000E+00 0.00000E+00
 9.00000E+00 0.00000E+00
 9.50000E+00 0.00000E+00
 1.00000E+01 0.00000E+00
 1.05000E+01 0.00000E+00
 1.10000E+01 0.00000E+00
 1.15000E+01 0.00000E+00
 1.20000E+01 0.00000E+00
 1.25000E+01 9.28617E-03
 1.30000E+01 2.46614E-01
 1.35000E+01 2.27241E+00
 1.40000E+01 1.11906E+01
 1.45000E+01 3.50340E+01
 1.50000E+01 7.93842E+01
 1.60000E+01 1.64288E+02
 1.70000E+01 2.25690E+02
 1.80000E+01 2.75805E+02
 1.90000E+01 2.98326E+02
 2.00000E+01 3.13803E+02
 2.10000E+01 3.33656E+02
 2.20000E+01 3.58281E+02
 2.30000E+01 3.84629E+02
 2.40000E+01 4.08988E+02
 2.50000E+01 4.26914E+02
 2.60000E+01 4.36078E+02
 2.70000E+01 4.33841E+02
 2.80000E+01 4.20655E+02
 2.90000E+01 4.00211E+02
 3.00000E+01 3.80280E+02
 3.20000E+01 3.43770E+02
 3.40000E+01 3.23285E+02
 3.60000E+01 3.12286E+02
 3.80000E+01 3.04165E+02
 4.00000E+01 2.98683E+02
 4.20000E+01 2.92252E+02
 4.40000E+01 2.83153E+02
 4.60000E+01 2.80862E+02
 4.80000E+01 2.69686E+02
 5.00000E+01 2.64692E+02
 5.20000E+01 2.54089E+02
 5.40000E+01 2.54487E+02
 5.60000E+01 2.46406E+02
 5.80000E+01 2.36394E+02
 6.00000E+01 2.35958E+02
