# p + 119Sn: Production of 119Sn - Level  2     0.08953 MeV
# Q-value    =-8.95310E-02 mass= 118.903311
# E-threshold= 9.02894E-02
# # energies =   103
#     E          xs      Branching
 1.00000E-11 0.00000E+00 0.00000E+00
 2.53000E-08 0.00000E+00 0.00000E+00
 2.00000E-07 0.00000E+00 0.00000E+00
 1.00000E-06 0.00000E+00 0.00000E+00
 1.00000E-05 0.00000E+00 0.00000E+00
 1.00000E-04 0.00000E+00 0.00000E+00
 1.00000E-03 0.00000E+00 0.00000E+00
 2.00000E-03 0.00000E+00 0.00000E+00
 4.00000E-03 0.00000E+00 0.00000E+00
 7.00000E-03 0.00000E+00 0.00000E+00
 1.00000E-02 0.00000E+00 0.00000E+00
 2.00000E-02 0.00000E+00 0.00000E+00
 4.00000E-02 0.00000E+00 0.00000E+00
 7.00000E-02 0.00000E+00 0.00000E+00
 1.00000E-01 0.00000E+00 0.00000E+00
 2.00000E-01 0.00000E+00 0.00000E+00
 3.00000E-01 0.00000E+00 0.00000E+00
 4.00000E-01 0.00000E+00 0.00000E+00
 5.00000E-01 0.00000E+00 0.00000E+00
 6.00000E-01 0.00000E+00 0.00000E+00
 7.00000E-01 0.00000E+00 0.00000E+00
 8.00000E-01 0.00000E+00 0.00000E+00
 9.00000E-01 0.00000E+00 0.00000E+00
 1.00000E+00 0.00000E+00 0.00000E+00
 1.20000E+00 0.00000E+00 0.00000E+00
 1.40000E+00 0.00000E+00 0.00000E+00
 1.60000E+00 0.00000E+00 0.00000E+00
 1.80000E+00 0.00000E+00 0.00000E+00
 2.00000E+00 0.00000E+00 0.00000E+00
 2.20000E+00 0.00000E+00 0.00000E+00
 2.40000E+00 0.00000E+00 0.00000E+00
 2.60000E+00 0.00000E+00 0.00000E+00
 2.80000E+00 0.00000E+00 0.00000E+00
 3.00000E+00 0.00000E+00 0.00000E+00
 3.20000E+00 0.00000E+00 0.00000E+00
 3.40000E+00 0.00000E+00 0.00000E+00
 3.60000E+00 0.00000E+00 0.00000E+00
 3.80000E+00 0.00000E+00 0.00000E+00
 4.00000E+00 0.00000E+00 0.00000E+00
 4.20000E+00 0.00000E+00 0.00000E+00
 4.40000E+00 3.91525E-05 2.01793E-02
 4.60000E+00 8.16678E-05 2.25813E-02
 4.80000E+00 1.66959E-04 2.53154E-02
 5.00000E+00 3.18072E-04 2.84433E-02
 5.20000E+00 5.79054E-04 3.15953E-02
 5.40000E+00 1.01519E-03 3.52235E-02
 5.60000E+00 1.67764E-03 3.84677E-02
 5.80000E+00 2.71168E-03 4.21889E-02
 6.00000E+00 4.21265E-03 4.57409E-02
 6.20000E+00 6.47250E-03 5.01088E-02
 6.40000E+00 9.66870E-03 5.43120E-02
 6.60000E+00 1.46418E-02 6.05808E-02
 6.80000E+00 2.15409E-02 6.67053E-02
 7.00000E+00 3.19417E-02 7.48685E-02
 7.20000E+00 4.79235E-02 8.57965E-02
 7.40000E+00 6.79995E-02 9.47631E-02
 7.60000E+00 9.96079E-02 1.08302E-01
 7.80000E+00 1.40728E-01 1.21094E-01
 8.00000E+00 1.96825E-01 1.35106E-01
 8.50000E+00 4.25367E-01 1.71891E-01
 9.00000E+00 8.22506E-01 2.06302E-01
 9.50000E+00 1.43379E+00 2.35823E-01
 1.00000E+01 2.29660E+00 2.61247E-01
 1.05000E+01 3.43510E+00 2.83702E-01
 1.10000E+01 4.87545E+00 3.04788E-01
 1.15000E+01 6.63086E+00 3.25133E-01
 1.20000E+01 8.71724E+00 3.45328E-01
 1.25000E+01 1.11161E+01 3.65081E-01
 1.30000E+01 1.37786E+01 3.83997E-01
 1.35000E+01 1.66715E+01 4.01935E-01
 1.40000E+01 1.96980E+01 4.18763E-01
 1.45000E+01 2.28043E+01 4.34552E-01
 1.50000E+01 2.59625E+01 4.48940E-01
 1.60000E+01 3.03570E+01 4.47930E-01
 1.70000E+01 3.56104E+01 4.65096E-01
 1.80000E+01 4.01852E+01 4.77649E-01
 1.90000E+01 4.39390E+01 4.87515E-01
 2.00000E+01 4.62029E+01 4.88545E-01
 2.10000E+01 4.77245E+01 4.92483E-01
 2.20000E+01 4.85697E+01 4.94137E-01
 2.30000E+01 4.91917E+01 4.98760E-01
 2.40000E+01 4.90207E+01 4.99495E-01
 2.50000E+01 4.87668E+01 4.98984E-01
 2.60000E+01 4.86275E+01 5.00740E-01
 2.70000E+01 4.79624E+01 4.99416E-01
 2.80000E+01 4.75706E+01 4.98305E-01
 2.90000E+01 4.77188E+01 5.01021E-01
 3.00000E+01 4.63326E+01 4.98060E-01
 3.20000E+01 4.49677E+01 4.86411E-01
 3.40000E+01 4.26916E+01 4.82926E-01
 3.60000E+01 4.09915E+01 4.79909E-01
 3.80000E+01 3.77110E+01 4.71182E-01
 4.00000E+01 3.75161E+01 4.72713E-01
 4.20000E+01 3.42411E+01 4.64937E-01
 4.40000E+01 3.09189E+01 4.61010E-01
 4.60000E+01 3.08819E+01 4.62880E-01
 4.80000E+01 2.94128E+01 4.55965E-01
 5.00000E+01 2.81735E+01 4.51547E-01
 5.20000E+01 2.80185E+01 4.54101E-01
 5.40000E+01 2.76087E+01 4.57198E-01
 5.60000E+01 2.72770E+01 4.59601E-01
 5.80000E+01 2.35382E+01 4.38653E-01
 6.00000E+01 2.25150E+01 4.34130E-01
