# p + 114Sn: Production of 113Sn - Level  1     0.07739 MeV
# Q-value    =-8.15575E+00 mass= 112.905176
# E-threshold= 8.22787E+00
# # energies =   103
#     E          xs      Branching
 1.00000E-11 0.00000E+00 0.00000E+00
 2.53000E-08 0.00000E+00 0.00000E+00
 2.00000E-07 0.00000E+00 0.00000E+00
 1.00000E-06 0.00000E+00 0.00000E+00
 1.00000E-05 0.00000E+00 0.00000E+00
 1.00000E-04 0.00000E+00 0.00000E+00
 1.00000E-03 0.00000E+00 0.00000E+00
 2.00000E-03 0.00000E+00 0.00000E+00
 4.00000E-03 0.00000E+00 0.00000E+00
 7.00000E-03 0.00000E+00 0.00000E+00
 1.00000E-02 0.00000E+00 0.00000E+00
 2.00000E-02 0.00000E+00 0.00000E+00
 4.00000E-02 0.00000E+00 0.00000E+00
 7.00000E-02 0.00000E+00 0.00000E+00
 1.00000E-01 0.00000E+00 0.00000E+00
 2.00000E-01 0.00000E+00 0.00000E+00
 3.00000E-01 0.00000E+00 0.00000E+00
 4.00000E-01 0.00000E+00 0.00000E+00
 5.00000E-01 0.00000E+00 0.00000E+00
 6.00000E-01 0.00000E+00 0.00000E+00
 7.00000E-01 0.00000E+00 0.00000E+00
 8.00000E-01 0.00000E+00 0.00000E+00
 9.00000E-01 0.00000E+00 0.00000E+00
 1.00000E+00 0.00000E+00 0.00000E+00
 1.20000E+00 0.00000E+00 0.00000E+00
 1.40000E+00 0.00000E+00 0.00000E+00
 1.60000E+00 0.00000E+00 0.00000E+00
 1.80000E+00 0.00000E+00 0.00000E+00
 2.00000E+00 0.00000E+00 0.00000E+00
 2.20000E+00 0.00000E+00 0.00000E+00
 2.40000E+00 0.00000E+00 0.00000E+00
 2.60000E+00 0.00000E+00 0.00000E+00
 2.80000E+00 0.00000E+00 0.00000E+00
 3.00000E+00 0.00000E+00 0.00000E+00
 3.20000E+00 0.00000E+00 0.00000E+00
 3.40000E+00 0.00000E+00 0.00000E+00
 3.60000E+00 0.00000E+00 0.00000E+00
 3.80000E+00 0.00000E+00 0.00000E+00
 4.00000E+00 0.00000E+00 0.00000E+00
 4.20000E+00 0.00000E+00 0.00000E+00
 4.40000E+00 0.00000E+00 0.00000E+00
 4.60000E+00 0.00000E+00 0.00000E+00
 4.80000E+00 0.00000E+00 0.00000E+00
 5.00000E+00 0.00000E+00 0.00000E+00
 5.20000E+00 0.00000E+00 0.00000E+00
 5.40000E+00 0.00000E+00 0.00000E+00
 5.60000E+00 0.00000E+00 0.00000E+00
 5.80000E+00 0.00000E+00 0.00000E+00
 6.00000E+00 0.00000E+00 0.00000E+00
 6.20000E+00 0.00000E+00 0.00000E+00
 6.40000E+00 0.00000E+00 0.00000E+00
 6.60000E+00 0.00000E+00 0.00000E+00
 6.80000E+00 0.00000E+00 0.00000E+00
 7.00000E+00 0.00000E+00 0.00000E+00
 7.20000E+00 0.00000E+00 0.00000E+00
 7.40000E+00 0.00000E+00 0.00000E+00
 7.60000E+00 0.00000E+00 0.00000E+00
 7.80000E+00 0.00000E+00 0.00000E+00
 8.00000E+00 0.00000E+00 0.00000E+00
 8.50000E+00 0.00000E+00 0.00000E+00
 9.00000E+00 0.00000E+00 0.00000E+00
 9.50000E+00 0.00000E+00 0.00000E+00
 1.00000E+01 0.00000E+00 0.00000E+00
 1.05000E+01 0.00000E+00 0.00000E+00
 1.10000E+01 0.00000E+00 0.00000E+00
 1.15000E+01 0.00000E+00 0.00000E+00
 1.20000E+01 0.00000E+00 0.00000E+00
 1.25000E+01 4.66948E-03 5.02842E-01
 1.30000E+01 1.24458E-01 5.04669E-01
 1.35000E+01 1.25459E+00 5.52095E-01
 1.40000E+01 6.59097E+00 5.88975E-01
 1.45000E+01 2.19587E+01 6.26782E-01
 1.50000E+01 5.23527E+01 6.59485E-01
 1.60000E+01 1.18482E+02 7.21182E-01
 1.70000E+01 1.73814E+02 7.70144E-01
 1.80000E+01 2.19261E+02 7.94985E-01
 1.90000E+01 2.43514E+02 8.16269E-01
 2.00000E+01 2.61962E+02 8.34798E-01
 2.10000E+01 2.83756E+02 8.50445E-01
 2.20000E+01 3.09289E+02 8.63258E-01
 2.30000E+01 3.35960E+02 8.73463E-01
 2.40000E+01 3.61298E+02 8.83395E-01
 2.50000E+01 3.81654E+02 8.93984E-01
 2.60000E+01 3.94113E+02 9.03766E-01
 2.70000E+01 3.96415E+02 9.13735E-01
 2.80000E+01 3.86782E+02 9.19477E-01
 2.90000E+01 3.69861E+02 9.24166E-01
 3.00000E+01 3.51031E+02 9.23084E-01
 3.20000E+01 3.17739E+02 9.24279E-01
 3.40000E+01 2.98100E+02 9.22095E-01
 3.60000E+01 2.87173E+02 9.19582E-01
 3.80000E+01 2.80103E+02 9.20891E-01
 4.00000E+01 2.75078E+02 9.20969E-01
 4.20000E+01 2.69193E+02 9.21100E-01
 4.40000E+01 2.61330E+02 9.22930E-01
 4.60000E+01 2.59023E+02 9.22241E-01
 4.80000E+01 2.48468E+02 9.21322E-01
 5.00000E+01 2.44582E+02 9.24024E-01
 5.20000E+01 2.34177E+02 9.21634E-01
 5.40000E+01 2.34566E+02 9.21722E-01
 5.60000E+01 2.27351E+02 9.22671E-01
 5.80000E+01 2.18104E+02 9.22629E-01
 6.00000E+01 2.18191E+02 9.24701E-01
