# p + 119Sn: Production of 119Sn - Ground state
# Q-value    = 0.00000E+00 mass= 118.903311
# E-threshold= 0.00000E+00
# # energies =   103
#     E          xs      Branching
 1.00000E-11 0.00000E+00 0.00000E+00
 2.53000E-08 0.00000E+00 0.00000E+00
 2.00000E-07 0.00000E+00 0.00000E+00
 1.00000E-06 0.00000E+00 0.00000E+00
 1.00000E-05 0.00000E+00 0.00000E+00
 1.00000E-04 0.00000E+00 0.00000E+00
 1.00000E-03 0.00000E+00 0.00000E+00
 2.00000E-03 0.00000E+00 0.00000E+00
 4.00000E-03 0.00000E+00 0.00000E+00
 7.00000E-03 0.00000E+00 0.00000E+00
 1.00000E-02 0.00000E+00 0.00000E+00
 2.00000E-02 0.00000E+00 0.00000E+00
 4.00000E-02 0.00000E+00 0.00000E+00
 7.00000E-02 0.00000E+00 0.00000E+00
 1.00000E-01 0.00000E+00 0.00000E+00
 2.00000E-01 0.00000E+00 0.00000E+00
 3.00000E-01 0.00000E+00 0.00000E+00
 4.00000E-01 0.00000E+00 0.00000E+00
 5.00000E-01 0.00000E+00 0.00000E+00
 6.00000E-01 0.00000E+00 0.00000E+00
 7.00000E-01 0.00000E+00 0.00000E+00
 8.00000E-01 0.00000E+00 0.00000E+00
 9.00000E-01 0.00000E+00 0.00000E+00
 1.00000E+00 0.00000E+00 0.00000E+00
 1.20000E+00 0.00000E+00 0.00000E+00
 1.40000E+00 0.00000E+00 0.00000E+00
 1.60000E+00 0.00000E+00 0.00000E+00
 1.80000E+00 0.00000E+00 0.00000E+00
 2.00000E+00 0.00000E+00 0.00000E+00
 2.20000E+00 0.00000E+00 0.00000E+00
 2.40000E+00 0.00000E+00 0.00000E+00
 2.60000E+00 0.00000E+00 0.00000E+00
 2.80000E+00 0.00000E+00 0.00000E+00
 3.00000E+00 0.00000E+00 0.00000E+00
 3.20000E+00 0.00000E+00 0.00000E+00
 3.40000E+00 0.00000E+00 0.00000E+00
 3.60000E+00 0.00000E+00 0.00000E+00
 3.80000E+00 0.00000E+00 0.00000E+00
 4.00000E+00 0.00000E+00 0.00000E+00
 4.20000E+00 0.00000E+00 0.00000E+00
 4.40000E+00 1.90108E-03 9.79821E-01
 4.60000E+00 3.53494E-03 9.77419E-01
 4.80000E+00 6.42818E-03 9.74685E-01
 5.00000E+00 1.08646E-02 9.71557E-01
 5.20000E+00 1.77482E-02 9.68405E-01
 5.40000E+00 2.78062E-02 9.64777E-01
 5.60000E+00 4.19341E-02 9.61532E-01
 5.80000E+00 6.15630E-02 9.57811E-01
 6.00000E+00 8.78854E-02 9.54259E-01
 6.20000E+00 1.22697E-01 9.49891E-01
 6.40000E+00 1.68353E-01 9.45688E-01
 6.60000E+00 2.27049E-01 9.39419E-01
 6.80000E+00 3.01386E-01 9.33295E-01
 7.00000E+00 3.94696E-01 9.25131E-01
 7.20000E+00 5.10648E-01 9.14204E-01
 7.40000E+00 6.49574E-01 9.05237E-01
 7.60000E+00 8.20115E-01 8.91698E-01
 7.80000E+00 1.02141E+00 8.78906E-01
 8.00000E+00 1.25999E+00 8.64894E-01
 8.50000E+00 2.04926E+00 8.28109E-01
 9.00000E+00 3.16439E+00 7.93698E-01
 9.50000E+00 4.64615E+00 7.64177E-01
 1.00000E+01 6.49431E+00 7.38752E-01
 1.05000E+01 8.67305E+00 7.16298E-01
 1.10000E+01 1.11208E+01 6.95212E-01
 1.15000E+01 1.37634E+01 6.74867E-01
 1.20000E+01 1.65261E+01 6.54672E-01
 1.25000E+01 1.93323E+01 6.34919E-01
 1.30000E+01 2.21035E+01 6.16003E-01
 1.35000E+01 2.48066E+01 5.98065E-01
 1.40000E+01 2.73405E+01 5.81237E-01
 1.45000E+01 2.96733E+01 5.65448E-01
 1.50000E+01 3.18682E+01 5.51060E-01
 1.60000E+01 3.74146E+01 5.52070E-01
 1.70000E+01 4.09552E+01 5.34904E-01
 1.80000E+01 4.39460E+01 5.22351E-01
 1.90000E+01 4.61895E+01 5.12485E-01
 2.00000E+01 4.83696E+01 5.11455E-01
 2.10000E+01 4.91813E+01 5.07517E-01
 2.20000E+01 4.97224E+01 5.05863E-01
 2.30000E+01 4.94362E+01 5.01240E-01
 2.40000E+01 4.91198E+01 5.00505E-01
 2.50000E+01 4.89653E+01 5.01016E-01
 2.60000E+01 4.84837E+01 4.99260E-01
 2.70000E+01 4.80747E+01 5.00584E-01
 2.80000E+01 4.78942E+01 5.01695E-01
 2.90000E+01 4.75244E+01 4.98979E-01
 3.00000E+01 4.66935E+01 5.01940E-01
 3.20000E+01 4.74802E+01 5.13589E-01
 3.40000E+01 4.57104E+01 5.17074E-01
 3.60000E+01 4.44237E+01 5.20091E-01
 3.80000E+01 4.23239E+01 5.28818E-01
 4.00000E+01 4.18472E+01 5.27287E-01
 4.20000E+01 3.94057E+01 5.35063E-01
 4.40000E+01 3.61488E+01 5.38990E-01
 4.60000E+01 3.58349E+01 5.37120E-01
 4.80000E+01 3.50938E+01 5.44035E-01
 5.00000E+01 3.42198E+01 5.48453E-01
 5.20000E+01 3.36825E+01 5.45899E-01
 5.40000E+01 3.27780E+01 5.42802E-01
 5.60000E+01 3.20723E+01 5.40399E-01
 5.80000E+01 3.01220E+01 5.61347E-01
 6.00000E+01 2.93474E+01 5.65870E-01
