# p + 124Sn: Production of 124Sn - Total
# Q-value    =-1.13174E+00 mass= 123.905280
# E-threshold= 1.14094E+00
# # energies =   103
#     E          xs
 1.00000E-11 0.00000E+00
 2.53000E-08 0.00000E+00
 2.00000E-07 0.00000E+00
 1.00000E-06 0.00000E+00
 1.00000E-05 0.00000E+00
 1.00000E-04 0.00000E+00
 1.00000E-03 0.00000E+00
 2.00000E-03 0.00000E+00
 4.00000E-03 0.00000E+00
 7.00000E-03 0.00000E+00
 1.00000E-02 0.00000E+00
 2.00000E-02 0.00000E+00
 4.00000E-02 0.00000E+00
 7.00000E-02 0.00000E+00
 1.00000E-01 0.00000E+00
 2.00000E-01 0.00000E+00
 3.00000E-01 0.00000E+00
 4.00000E-01 0.00000E+00
 5.00000E-01 0.00000E+00
 6.00000E-01 0.00000E+00
 7.00000E-01 0.00000E+00
 8.00000E-01 0.00000E+00
 9.00000E-01 0.00000E+00
 1.00000E+00 0.00000E+00
 1.20000E+00 0.00000E+00
 1.40000E+00 0.00000E+00
 1.60000E+00 0.00000E+00
 1.80000E+00 0.00000E+00
 2.00000E+00 0.00000E+00
 2.20000E+00 0.00000E+00
 2.40000E+00 0.00000E+00
 2.60000E+00 0.00000E+00
 2.80000E+00 0.00000E+00
 3.00000E+00 0.00000E+00
 3.20000E+00 0.00000E+00
 3.40000E+00 0.00000E+00
 3.60000E+00 0.00000E+00
 3.80000E+00 0.00000E+00
 4.00000E+00 0.00000E+00
 4.20000E+00 0.00000E+00
 4.40000E+00 0.00000E+00
 4.60000E+00 0.00000E+00
 4.80000E+00 0.00000E+00
 5.00000E+00 0.00000E+00
 5.20000E+00 1.67805E-03
 5.40000E+00 3.42337E-03
 5.60000E+00 6.54295E-03
 5.80000E+00 1.18499E-02
 6.00000E+00 2.04491E-02
 6.20000E+00 3.37881E-02
 6.40000E+00 5.38164E-02
 6.60000E+00 8.29423E-02
 6.80000E+00 1.24307E-01
 7.00000E+00 1.81870E-01
 7.20000E+00 2.60343E-01
 7.40000E+00 3.66213E-01
 7.60000E+00 5.05279E-01
 7.80000E+00 6.88320E-01
 8.00000E+00 9.20914E-01
 8.50000E+00 1.78705E+00
 9.00000E+00 3.15416E+00
 9.50000E+00 5.09273E+00
 1.00000E+01 7.60248E+00
 1.05000E+01 1.06291E+01
 1.10000E+01 1.40903E+01
 1.15000E+01 1.79048E+01
 1.20000E+01 2.19983E+01
 1.25000E+01 2.63072E+01
 1.30000E+01 3.07725E+01
 1.35000E+01 3.53372E+01
 1.40000E+01 3.99696E+01
 1.45000E+01 4.46234E+01
 1.50000E+01 4.92245E+01
 1.60000E+01 5.81652E+01
 1.70000E+01 6.62413E+01
 1.80000E+01 7.31500E+01
 1.90000E+01 7.84807E+01
 2.00000E+01 8.26900E+01
 2.10000E+01 8.61174E+01
 2.20000E+01 8.70095E+01
 2.30000E+01 8.86603E+01
 2.40000E+01 8.83201E+01
 2.50000E+01 8.92618E+01
 2.60000E+01 8.84763E+01
 2.70000E+01 8.99278E+01
 2.80000E+01 8.76095E+01
 2.90000E+01 8.78764E+01
 3.00000E+01 8.84793E+01
 3.20000E+01 8.45692E+01
 3.40000E+01 8.45558E+01
 3.60000E+01 7.93850E+01
 3.80000E+01 7.91356E+01
 4.00000E+01 7.54652E+01
 4.20000E+01 7.32770E+01
 4.40000E+01 7.24963E+01
 4.60000E+01 7.36606E+01
 4.80000E+01 6.89676E+01
 5.00000E+01 6.84158E+01
 5.20000E+01 6.78954E+01
 5.40000E+01 6.72452E+01
 5.60000E+01 6.56664E+01
 5.80000E+01 6.19764E+01
 6.00000E+01 5.84035E+01
