# p + 115Sn: Production of 115Sb - Total
# Q-value    =-3.81279E+00 mass= 114.906598
# E-threshold= 3.84621E+00
# # energies =   103
#     E          xs
 1.00000E-11 0.00000E+00
 2.53000E-08 0.00000E+00
 2.00000E-07 0.00000E+00
 1.00000E-06 0.00000E+00
 1.00000E-05 0.00000E+00
 1.00000E-04 0.00000E+00
 1.00000E-03 0.00000E+00
 2.00000E-03 0.00000E+00
 4.00000E-03 0.00000E+00
 7.00000E-03 0.00000E+00
 1.00000E-02 0.00000E+00
 2.00000E-02 0.00000E+00
 4.00000E-02 0.00000E+00
 7.00000E-02 0.00000E+00
 1.00000E-01 0.00000E+00
 2.00000E-01 0.00000E+00
 3.00000E-01 0.00000E+00
 4.00000E-01 0.00000E+00
 5.00000E-01 0.00000E+00
 6.00000E-01 0.00000E+00
 7.00000E-01 0.00000E+00
 8.00000E-01 0.00000E+00
 9.00000E-01 0.00000E+00
 1.00000E+00 0.00000E+00
 1.20000E+00 0.00000E+00
 1.40000E+00 0.00000E+00
 1.60000E+00 0.00000E+00
 1.80000E+00 0.00000E+00
 2.00000E+00 0.00000E+00
 2.20000E+00 0.00000E+00
 2.40000E+00 0.00000E+00
 2.60000E+00 0.00000E+00
 2.80000E+00 0.00000E+00
 3.00000E+00 0.00000E+00
 3.20000E+00 0.00000E+00
 3.40000E+00 0.00000E+00
 3.60000E+00 0.00000E+00
 3.80000E+00 0.00000E+00
 4.00000E+00 8.86978E-01
 4.20000E+00 1.81001E+00
 4.40000E+00 3.10681E+00
 4.60000E+00 4.94679E+00
 4.80000E+00 8.78309E+00
 5.00000E+00 1.34232E+01
 5.20000E+00 1.94712E+01
 5.40000E+00 2.67272E+01
 5.60000E+00 3.57572E+01
 5.80000E+00 4.76034E+01
 6.00000E+00 6.25856E+01
 6.20000E+00 7.99627E+01
 6.40000E+00 9.92463E+01
 6.60000E+00 1.20203E+02
 6.80000E+00 1.42527E+02
 7.00000E+00 1.65695E+02
 7.20000E+00 1.89675E+02
 7.40000E+00 2.13871E+02
 7.60000E+00 2.38463E+02
 7.80000E+00 2.62989E+02
 8.00000E+00 2.87677E+02
 8.50000E+00 3.48930E+02
 9.00000E+00 4.09409E+02
 9.50000E+00 4.68124E+02
 1.00000E+01 5.24868E+02
 1.05000E+01 5.78798E+02
 1.10000E+01 6.27287E+02
 1.15000E+01 6.66851E+02
 1.20000E+01 6.96406E+02
 1.25000E+01 7.17046E+02
 1.30000E+01 7.30037E+02
 1.35000E+01 7.35540E+02
 1.40000E+01 7.33212E+02
 1.45000E+01 7.22337E+02
 1.50000E+01 6.78565E+02
 1.60000E+01 5.07503E+02
 1.70000E+01 3.55878E+02
 1.80000E+01 2.54156E+02
 1.90000E+01 1.88767E+02
 2.00000E+01 1.47102E+02
 2.10000E+01 1.21010E+02
 2.20000E+01 1.04934E+02
 2.30000E+01 9.42255E+01
 2.40000E+01 8.69680E+01
 2.50000E+01 8.14283E+01
 2.60000E+01 7.67942E+01
 2.70000E+01 7.33100E+01
 2.80000E+01 7.01340E+01
 2.90000E+01 6.69174E+01
 3.00000E+01 6.42002E+01
 3.20000E+01 5.89645E+01
 3.40000E+01 5.44866E+01
 3.60000E+01 5.04192E+01
 3.80000E+01 4.63425E+01
 4.00000E+01 4.25678E+01
 4.20000E+01 3.95555E+01
 4.40000E+01 3.64062E+01
 4.60000E+01 3.41413E+01
 4.80000E+01 3.14760E+01
 5.00000E+01 2.96975E+01
 5.20000E+01 2.75811E+01
 5.40000E+01 2.53233E+01
 5.60000E+01 2.39934E+01
 5.80000E+01 2.26018E+01
 6.00000E+01 2.05289E+01
