# p + 124Sn: Production of 123Sn - Total
# Q-value    =-6.26354E+00 mass= 122.905727
# E-threshold= 6.31446E+00
# # energies =   103
#     E          xs
 1.00000E-11 0.00000E+00
 2.53000E-08 0.00000E+00
 2.00000E-07 0.00000E+00
 1.00000E-06 0.00000E+00
 1.00000E-05 0.00000E+00
 1.00000E-04 0.00000E+00
 1.00000E-03 0.00000E+00
 2.00000E-03 0.00000E+00
 4.00000E-03 0.00000E+00
 7.00000E-03 0.00000E+00
 1.00000E-02 0.00000E+00
 2.00000E-02 0.00000E+00
 4.00000E-02 0.00000E+00
 7.00000E-02 0.00000E+00
 1.00000E-01 0.00000E+00
 2.00000E-01 0.00000E+00
 3.00000E-01 0.00000E+00
 4.00000E-01 0.00000E+00
 5.00000E-01 0.00000E+00
 6.00000E-01 0.00000E+00
 7.00000E-01 0.00000E+00
 8.00000E-01 0.00000E+00
 9.00000E-01 0.00000E+00
 1.00000E+00 0.00000E+00
 1.20000E+00 0.00000E+00
 1.40000E+00 0.00000E+00
 1.60000E+00 0.00000E+00
 1.80000E+00 0.00000E+00
 2.00000E+00 0.00000E+00
 2.20000E+00 0.00000E+00
 2.40000E+00 0.00000E+00
 2.60000E+00 0.00000E+00
 2.80000E+00 0.00000E+00
 3.00000E+00 0.00000E+00
 3.20000E+00 0.00000E+00
 3.40000E+00 0.00000E+00
 3.60000E+00 0.00000E+00
 3.80000E+00 0.00000E+00
 4.00000E+00 0.00000E+00
 4.20000E+00 0.00000E+00
 4.40000E+00 0.00000E+00
 4.60000E+00 0.00000E+00
 4.80000E+00 0.00000E+00
 5.00000E+00 0.00000E+00
 5.20000E+00 0.00000E+00
 5.40000E+00 0.00000E+00
 5.60000E+00 0.00000E+00
 5.80000E+00 0.00000E+00
 6.00000E+00 0.00000E+00
 6.20000E+00 0.00000E+00
 6.40000E+00 0.00000E+00
 6.60000E+00 0.00000E+00
 6.80000E+00 0.00000E+00
 7.00000E+00 0.00000E+00
 7.20000E+00 0.00000E+00
 7.40000E+00 0.00000E+00
 7.60000E+00 0.00000E+00
 7.80000E+00 0.00000E+00
 8.00000E+00 0.00000E+00
 8.50000E+00 0.00000E+00
 9.00000E+00 0.00000E+00
 9.50000E+00 0.00000E+00
 1.00000E+01 0.00000E+00
 1.05000E+01 0.00000E+00
 1.10000E+01 2.02805E-03
 1.15000E+01 6.98676E-03
 1.20000E+01 2.18187E-02
 1.25000E+01 5.80314E-02
 1.30000E+01 1.44302E-01
 1.35000E+01 3.39684E-01
 1.40000E+01 7.07014E-01
 1.45000E+01 1.35524E+00
 1.50000E+01 2.43207E+00
 1.60000E+01 6.06946E+00
 1.70000E+01 1.21620E+01
 1.80000E+01 2.06434E+01
 1.90000E+01 3.16351E+01
 2.00000E+01 4.43289E+01
 2.10000E+01 5.89151E+01
 2.20000E+01 7.57468E+01
 2.30000E+01 9.13443E+01
 2.40000E+01 1.07510E+02
 2.50000E+01 1.21926E+02
 2.60000E+01 1.35937E+02
 2.70000E+01 1.46308E+02
 2.80000E+01 1.60967E+02
 2.90000E+01 1.66919E+02
 3.00000E+01 1.72667E+02
 3.20000E+01 1.82733E+02
 3.40000E+01 1.89187E+02
 3.60000E+01 1.95192E+02
 3.80000E+01 1.91348E+02
 4.00000E+01 1.97642E+02
 4.20000E+01 1.92611E+02
 4.40000E+01 1.94592E+02
 4.60000E+01 1.83196E+02
 4.80000E+01 1.90504E+02
 5.00000E+01 1.78968E+02
 5.20000E+01 1.75764E+02
 5.40000E+01 1.76825E+02
 5.60000E+01 1.77388E+02
 5.80000E+01 1.65227E+02
 6.00000E+01 1.65411E+02
