# p + 118Sn: Production of 117Sn - Total
# Q-value    =-7.10185E+00 mass= 116.902954
# E-threshold= 7.16253E+00
# # energies =   103
#     E          xs
 1.00000E-11 0.00000E+00
 2.53000E-08 0.00000E+00
 2.00000E-07 0.00000E+00
 1.00000E-06 0.00000E+00
 1.00000E-05 0.00000E+00
 1.00000E-04 0.00000E+00
 1.00000E-03 0.00000E+00
 2.00000E-03 0.00000E+00
 4.00000E-03 0.00000E+00
 7.00000E-03 0.00000E+00
 1.00000E-02 0.00000E+00
 2.00000E-02 0.00000E+00
 4.00000E-02 0.00000E+00
 7.00000E-02 0.00000E+00
 1.00000E-01 0.00000E+00
 2.00000E-01 0.00000E+00
 3.00000E-01 0.00000E+00
 4.00000E-01 0.00000E+00
 5.00000E-01 0.00000E+00
 6.00000E-01 0.00000E+00
 7.00000E-01 0.00000E+00
 8.00000E-01 0.00000E+00
 9.00000E-01 0.00000E+00
 1.00000E+00 0.00000E+00
 1.20000E+00 0.00000E+00
 1.40000E+00 0.00000E+00
 1.60000E+00 0.00000E+00
 1.80000E+00 0.00000E+00
 2.00000E+00 0.00000E+00
 2.20000E+00 0.00000E+00
 2.40000E+00 0.00000E+00
 2.60000E+00 0.00000E+00
 2.80000E+00 0.00000E+00
 3.00000E+00 0.00000E+00
 3.20000E+00 0.00000E+00
 3.40000E+00 0.00000E+00
 3.60000E+00 0.00000E+00
 3.80000E+00 0.00000E+00
 4.00000E+00 0.00000E+00
 4.20000E+00 0.00000E+00
 4.40000E+00 0.00000E+00
 4.60000E+00 0.00000E+00
 4.80000E+00 0.00000E+00
 5.00000E+00 0.00000E+00
 5.20000E+00 0.00000E+00
 5.40000E+00 0.00000E+00
 5.60000E+00 0.00000E+00
 5.80000E+00 0.00000E+00
 6.00000E+00 0.00000E+00
 6.20000E+00 0.00000E+00
 6.40000E+00 0.00000E+00
 6.60000E+00 0.00000E+00
 6.80000E+00 0.00000E+00
 7.00000E+00 0.00000E+00
 7.20000E+00 0.00000E+00
 7.40000E+00 0.00000E+00
 7.60000E+00 0.00000E+00
 7.80000E+00 0.00000E+00
 8.00000E+00 0.00000E+00
 8.50000E+00 0.00000E+00
 9.00000E+00 0.00000E+00
 9.50000E+00 0.00000E+00
 1.00000E+01 0.00000E+00
 1.05000E+01 0.00000E+00
 1.10000E+01 0.00000E+00
 1.15000E+01 1.64995E-03
 1.20000E+01 1.67582E-02
 1.25000E+01 7.12858E-02
 1.30000E+01 2.10091E-01
 1.35000E+01 5.21409E-01
 1.40000E+01 1.12110E+00
 1.45000E+01 2.08174E+00
 1.50000E+01 3.47729E+00
 1.60000E+01 7.70218E+00
 1.70000E+01 1.35948E+01
 1.80000E+01 2.12425E+01
 1.90000E+01 3.13716E+01
 2.00000E+01 4.37942E+01
 2.10000E+01 5.87392E+01
 2.20000E+01 7.62683E+01
 2.30000E+01 9.55995E+01
 2.40000E+01 1.14802E+02
 2.50000E+01 1.33181E+02
 2.60000E+01 1.51205E+02
 2.70000E+01 1.67121E+02
 2.80000E+01 1.81863E+02
 2.90000E+01 1.94345E+02
 3.00000E+01 2.03760E+02
 3.20000E+01 2.21356E+02
 3.40000E+01 2.32085E+02
 3.60000E+01 2.36501E+02
 3.80000E+01 2.37825E+02
 4.00000E+01 2.34258E+02
 4.20000E+01 2.37601E+02
 4.40000E+01 2.31671E+02
 4.60000E+01 2.29960E+02
 4.80000E+01 2.18698E+02
 5.00000E+01 2.20124E+02
 5.20000E+01 2.10368E+02
 5.40000E+01 2.08372E+02
 5.60000E+01 2.10358E+02
 5.80000E+01 2.01293E+02
 6.00000E+01 1.95321E+02
