# p + 116Sn: Production of 116Sb - Level  3     0.38300 MeV
# Q-value    =-5.86931E+00 mass= 115.906793
# E-threshold= 5.92032E+00
# # energies =   103
#     E          xs      Branching
 1.00000E-11 0.00000E+00 0.00000E+00
 2.53000E-08 0.00000E+00 0.00000E+00
 2.00000E-07 0.00000E+00 0.00000E+00
 1.00000E-06 0.00000E+00 0.00000E+00
 1.00000E-05 0.00000E+00 0.00000E+00
 1.00000E-04 0.00000E+00 0.00000E+00
 1.00000E-03 0.00000E+00 0.00000E+00
 2.00000E-03 0.00000E+00 0.00000E+00
 4.00000E-03 0.00000E+00 0.00000E+00
 7.00000E-03 0.00000E+00 0.00000E+00
 1.00000E-02 0.00000E+00 0.00000E+00
 2.00000E-02 0.00000E+00 0.00000E+00
 4.00000E-02 0.00000E+00 0.00000E+00
 7.00000E-02 0.00000E+00 0.00000E+00
 1.00000E-01 0.00000E+00 0.00000E+00
 2.00000E-01 0.00000E+00 0.00000E+00
 3.00000E-01 0.00000E+00 0.00000E+00
 4.00000E-01 0.00000E+00 0.00000E+00
 5.00000E-01 0.00000E+00 0.00000E+00
 6.00000E-01 0.00000E+00 0.00000E+00
 7.00000E-01 0.00000E+00 0.00000E+00
 8.00000E-01 0.00000E+00 0.00000E+00
 9.00000E-01 0.00000E+00 0.00000E+00
 1.00000E+00 0.00000E+00 0.00000E+00
 1.20000E+00 0.00000E+00 0.00000E+00
 1.40000E+00 0.00000E+00 0.00000E+00
 1.60000E+00 0.00000E+00 0.00000E+00
 1.80000E+00 0.00000E+00 0.00000E+00
 2.00000E+00 0.00000E+00 0.00000E+00
 2.20000E+00 0.00000E+00 0.00000E+00
 2.40000E+00 0.00000E+00 0.00000E+00
 2.60000E+00 0.00000E+00 0.00000E+00
 2.80000E+00 0.00000E+00 0.00000E+00
 3.00000E+00 0.00000E+00 0.00000E+00
 3.20000E+00 0.00000E+00 0.00000E+00
 3.40000E+00 0.00000E+00 0.00000E+00
 3.60000E+00 0.00000E+00 0.00000E+00
 3.80000E+00 0.00000E+00 0.00000E+00
 4.00000E+00 0.00000E+00 0.00000E+00
 4.20000E+00 0.00000E+00 0.00000E+00
 4.40000E+00 0.00000E+00 0.00000E+00
 4.60000E+00 0.00000E+00 0.00000E+00
 4.80000E+00 0.00000E+00 0.00000E+00
 5.00000E+00 0.00000E+00 0.00000E+00
 5.20000E+00 0.00000E+00 0.00000E+00
 5.40000E+00 0.00000E+00 0.00000E+00
 5.60000E+00 0.00000E+00 0.00000E+00
 5.80000E+00 0.00000E+00 0.00000E+00
 6.00000E+00 1.48465E-03 3.34354E-05
 6.20000E+00 7.00827E-03 1.06418E-04
 6.40000E+00 2.22710E-02 2.48219E-04
 6.60000E+00 4.83286E-02 4.26593E-04
 6.80000E+00 8.84722E-02 6.45410E-04
 7.00000E+00 1.47053E-01 9.12132E-04
 7.20000E+00 2.31502E-01 1.24649E-03
 7.40000E+00 3.47457E-01 1.65029E-03
 7.60000E+00 4.94964E-01 2.10036E-03
 7.80000E+00 6.94815E-01 2.66259E-03
 8.00000E+00 9.51533E-01 3.32110E-03
 8.50000E+00 1.92718E+00 5.48913E-03
 9.00000E+00 3.41283E+00 8.19902E-03
 9.50000E+00 5.68570E+00 1.18149E-02
 1.00000E+01 8.73740E+00 1.60462E-02
 1.05000E+01 1.19275E+01 1.96894E-02
 1.10000E+01 1.66037E+01 2.49857E-02
 1.15000E+01 2.22000E+01 3.08254E-02
 1.20000E+01 2.87526E+01 3.72459E-02
 1.25000E+01 3.59800E+01 4.39378E-02
 1.30000E+01 4.38382E+01 5.09924E-02
 1.35000E+01 5.23039E+01 5.85951E-02
 1.40000E+01 6.04798E+01 7.15129E-02
 1.45000E+01 6.78055E+01 8.96210E-02
 1.50000E+01 7.36509E+01 1.12466E-01
 1.60000E+01 7.70741E+01 1.63312E-01
 1.70000E+01 6.98688E+01 2.15262E-01
 1.80000E+01 5.99603E+01 2.64925E-01
 1.90000E+01 5.16502E+01 3.10789E-01
 2.00000E+01 4.49854E+01 3.49482E-01
 2.10000E+01 4.01386E+01 3.76067E-01
 2.20000E+01 3.65781E+01 3.95520E-01
 2.30000E+01 3.44451E+01 4.11450E-01
 2.40000E+01 3.25357E+01 4.19760E-01
 2.50000E+01 3.09592E+01 4.25419E-01
 2.60000E+01 2.94484E+01 4.26948E-01
 2.70000E+01 2.82246E+01 4.29338E-01
 2.80000E+01 2.71324E+01 4.33125E-01
 2.90000E+01 2.58535E+01 4.31048E-01
 3.00000E+01 2.48285E+01 4.34870E-01
 3.20000E+01 2.26637E+01 4.33963E-01
 3.40000E+01 2.10750E+01 4.38113E-01
 3.60000E+01 1.92689E+01 4.33527E-01
 3.80000E+01 1.77311E+01 4.35468E-01
 4.00000E+01 1.62870E+01 4.37105E-01
 4.20000E+01 1.50347E+01 4.33971E-01
 4.40000E+01 1.37508E+01 4.34474E-01
 4.60000E+01 1.28570E+01 4.35208E-01
 4.80000E+01 8.61868E+00 3.08967E-01
 5.00000E+01 7.85578E+00 3.08993E-01
 5.20000E+01 7.51807E+00 3.12195E-01
 5.40000E+01 6.58132E+00 2.98301E-01
 5.60000E+01 8.74645E+00 4.20589E-01
 5.80000E+01 8.29951E+00 4.29799E-01
 6.00000E+01 7.50654E+00 4.22971E-01
