# p + 115Sn: Production of 114Sb - Total
# Q-value    =-1.43909E+01 mass= 113.909289
# E-threshold= 1.45171E+01
# # energies =   103
#     E          xs
 1.00000E-11 0.00000E+00
 2.53000E-08 0.00000E+00
 2.00000E-07 0.00000E+00
 1.00000E-06 0.00000E+00
 1.00000E-05 0.00000E+00
 1.00000E-04 0.00000E+00
 1.00000E-03 0.00000E+00
 2.00000E-03 0.00000E+00
 4.00000E-03 0.00000E+00
 7.00000E-03 0.00000E+00
 1.00000E-02 0.00000E+00
 2.00000E-02 0.00000E+00
 4.00000E-02 0.00000E+00
 7.00000E-02 0.00000E+00
 1.00000E-01 0.00000E+00
 2.00000E-01 0.00000E+00
 3.00000E-01 0.00000E+00
 4.00000E-01 0.00000E+00
 5.00000E-01 0.00000E+00
 6.00000E-01 0.00000E+00
 7.00000E-01 0.00000E+00
 8.00000E-01 0.00000E+00
 9.00000E-01 0.00000E+00
 1.00000E+00 0.00000E+00
 1.20000E+00 0.00000E+00
 1.40000E+00 0.00000E+00
 1.60000E+00 0.00000E+00
 1.80000E+00 0.00000E+00
 2.00000E+00 0.00000E+00
 2.20000E+00 0.00000E+00
 2.40000E+00 0.00000E+00
 2.60000E+00 0.00000E+00
 2.80000E+00 0.00000E+00
 3.00000E+00 0.00000E+00
 3.20000E+00 0.00000E+00
 3.40000E+00 0.00000E+00
 3.60000E+00 0.00000E+00
 3.80000E+00 0.00000E+00
 4.00000E+00 0.00000E+00
 4.20000E+00 0.00000E+00
 4.40000E+00 0.00000E+00
 4.60000E+00 0.00000E+00
 4.80000E+00 0.00000E+00
 5.00000E+00 0.00000E+00
 5.20000E+00 0.00000E+00
 5.40000E+00 0.00000E+00
 5.60000E+00 0.00000E+00
 5.80000E+00 0.00000E+00
 6.00000E+00 0.00000E+00
 6.20000E+00 0.00000E+00
 6.40000E+00 0.00000E+00
 6.60000E+00 0.00000E+00
 6.80000E+00 0.00000E+00
 7.00000E+00 0.00000E+00
 7.20000E+00 0.00000E+00
 7.40000E+00 0.00000E+00
 7.60000E+00 0.00000E+00
 7.80000E+00 0.00000E+00
 8.00000E+00 0.00000E+00
 8.50000E+00 0.00000E+00
 9.00000E+00 0.00000E+00
 9.50000E+00 0.00000E+00
 1.00000E+01 0.00000E+00
 1.05000E+01 0.00000E+00
 1.10000E+01 0.00000E+00
 1.15000E+01 0.00000E+00
 1.20000E+01 0.00000E+00
 1.25000E+01 0.00000E+00
 1.30000E+01 0.00000E+00
 1.35000E+01 0.00000E+00
 1.40000E+01 0.00000E+00
 1.45000E+01 0.00000E+00
 1.50000E+01 4.36667E+01
 1.60000E+01 2.61735E+02
 1.70000E+01 4.54211E+02
 1.80000E+01 5.79043E+02
 1.90000E+01 6.57342E+02
 2.00000E+01 7.04011E+02
 2.10000E+01 7.32907E+02
 2.20000E+01 7.46248E+02
 2.30000E+01 7.49180E+02
 2.40000E+01 7.19968E+02
 2.50000E+01 6.57146E+02
 2.60000E+01 5.73296E+02
 2.70000E+01 4.84066E+02
 2.80000E+01 3.98939E+02
 2.90000E+01 3.26489E+02
 3.00000E+01 2.67438E+02
 3.20000E+01 1.88056E+02
 3.40000E+01 1.44699E+02
 3.60000E+01 1.21231E+02
 3.80000E+01 1.06187E+02
 4.00000E+01 9.62756E+01
 4.20000E+01 8.82730E+01
 4.40000E+01 8.21508E+01
 4.60000E+01 7.58468E+01
 4.80000E+01 7.13180E+01
 5.00000E+01 6.63993E+01
 5.20000E+01 6.25630E+01
 5.40000E+01 5.90770E+01
 5.60000E+01 5.50384E+01
 5.80000E+01 5.18497E+01
 6.00000E+01 4.98058E+01
