# p + 120Sn: Production of 119Sn - Total
# Q-value    =-6.87951E+00 mass= 118.903311
# E-threshold= 6.93730E+00
# # energies =   103
#     E          xs
 1.00000E-11 0.00000E+00
 2.53000E-08 0.00000E+00
 2.00000E-07 0.00000E+00
 1.00000E-06 0.00000E+00
 1.00000E-05 0.00000E+00
 1.00000E-04 0.00000E+00
 1.00000E-03 0.00000E+00
 2.00000E-03 0.00000E+00
 4.00000E-03 0.00000E+00
 7.00000E-03 0.00000E+00
 1.00000E-02 0.00000E+00
 2.00000E-02 0.00000E+00
 4.00000E-02 0.00000E+00
 7.00000E-02 0.00000E+00
 1.00000E-01 0.00000E+00
 2.00000E-01 0.00000E+00
 3.00000E-01 0.00000E+00
 4.00000E-01 0.00000E+00
 5.00000E-01 0.00000E+00
 6.00000E-01 0.00000E+00
 7.00000E-01 0.00000E+00
 8.00000E-01 0.00000E+00
 9.00000E-01 0.00000E+00
 1.00000E+00 0.00000E+00
 1.20000E+00 0.00000E+00
 1.40000E+00 0.00000E+00
 1.60000E+00 0.00000E+00
 1.80000E+00 0.00000E+00
 2.00000E+00 0.00000E+00
 2.20000E+00 0.00000E+00
 2.40000E+00 0.00000E+00
 2.60000E+00 0.00000E+00
 2.80000E+00 0.00000E+00
 3.00000E+00 0.00000E+00
 3.20000E+00 0.00000E+00
 3.40000E+00 0.00000E+00
 3.60000E+00 0.00000E+00
 3.80000E+00 0.00000E+00
 4.00000E+00 0.00000E+00
 4.20000E+00 0.00000E+00
 4.40000E+00 0.00000E+00
 4.60000E+00 0.00000E+00
 4.80000E+00 0.00000E+00
 5.00000E+00 0.00000E+00
 5.20000E+00 0.00000E+00
 5.40000E+00 0.00000E+00
 5.60000E+00 0.00000E+00
 5.80000E+00 0.00000E+00
 6.00000E+00 0.00000E+00
 6.20000E+00 0.00000E+00
 6.40000E+00 0.00000E+00
 6.60000E+00 0.00000E+00
 6.80000E+00 0.00000E+00
 7.00000E+00 0.00000E+00
 7.20000E+00 0.00000E+00
 7.40000E+00 0.00000E+00
 7.60000E+00 0.00000E+00
 7.80000E+00 0.00000E+00
 8.00000E+00 0.00000E+00
 8.50000E+00 0.00000E+00
 9.00000E+00 0.00000E+00
 9.50000E+00 0.00000E+00
 1.00000E+01 0.00000E+00
 1.05000E+01 0.00000E+00
 1.10000E+01 0.00000E+00
 1.15000E+01 2.02310E-03
 1.20000E+01 7.49321E-03
 1.25000E+01 2.49757E-02
 1.30000E+01 7.24400E-02
 1.35000E+01 1.89760E-01
 1.40000E+01 4.47298E-01
 1.45000E+01 9.29975E-01
 1.50000E+01 1.72998E+00
 1.60000E+01 4.85238E+00
 1.70000E+01 1.03739E+01
 1.80000E+01 1.89409E+01
 1.90000E+01 2.99650E+01
 2.00000E+01 4.36380E+01
 2.10000E+01 5.93845E+01
 2.20000E+01 7.72837E+01
 2.30000E+01 9.74676E+01
 2.40000E+01 1.15712E+02
 2.50000E+01 1.35288E+02
 2.60000E+01 1.52935E+02
 2.70000E+01 1.69638E+02
 2.80000E+01 1.82567E+02
 2.90000E+01 1.94640E+02
 3.00000E+01 2.04699E+02
 3.20000E+01 2.20364E+02
 3.40000E+01 2.26851E+02
 3.60000E+01 2.35822E+02
 3.80000E+01 2.33922E+02
 4.00000E+01 2.32000E+02
 4.20000E+01 2.34882E+02
 4.40000E+01 2.25185E+02
 4.60000E+01 2.30222E+02
 4.80000E+01 2.16929E+02
 5.00000E+01 2.11896E+02
 5.20000E+01 2.12851E+02
 5.40000E+01 2.02149E+02
 5.60000E+01 2.03609E+02
 5.80000E+01 2.01062E+02
 6.00000E+01 1.90767E+02
