# p + 117Sn: Production of 118Sb - Ground state
# Q-value    = 4.88743E+00 mass= 117.905532
# E-threshold= 0.00000E+00
# # energies =   103
#     E          xs      Branching
 1.00000E-11 0.00000E+00 0.00000E+00
 2.53000E-08 0.00000E+00 0.00000E+00
 2.00000E-07 0.00000E+00 0.00000E+00
 1.00000E-06 0.00000E+00 0.00000E+00
 1.00000E-05 0.00000E+00 0.00000E+00
 1.00000E-04 0.00000E+00 0.00000E+00
 1.00000E-03 0.00000E+00 0.00000E+00
 2.00000E-03 0.00000E+00 0.00000E+00
 4.00000E-03 0.00000E+00 0.00000E+00
 7.00000E-03 0.00000E+00 0.00000E+00
 1.00000E-02 0.00000E+00 0.00000E+00
 2.00000E-02 0.00000E+00 0.00000E+00
 4.00000E-02 0.00000E+00 0.00000E+00
 7.00000E-02 0.00000E+00 0.00000E+00
 1.00000E-01 0.00000E+00 0.00000E+00
 2.00000E-01 0.00000E+00 0.00000E+00
 3.00000E-01 0.00000E+00 0.00000E+00
 4.00000E-01 0.00000E+00 0.00000E+00
 5.00000E-01 0.00000E+00 0.00000E+00
 6.00000E-01 0.00000E+00 0.00000E+00
 7.00000E-01 0.00000E+00 0.00000E+00
 8.00000E-01 0.00000E+00 0.00000E+00
 9.00000E-01 0.00000E+00 0.00000E+00
 1.00000E+00 0.00000E+00 0.00000E+00
 1.20000E+00 0.00000E+00 0.00000E+00
 1.40000E+00 0.00000E+00 0.00000E+00
 1.60000E+00 0.00000E+00 0.00000E+00
 1.80000E+00 2.76596E-07 0.00000E+00
 2.00000E+00 1.27364E-06 0.00000E+00
 2.20000E+00 4.73037E-06 0.00000E+00
 2.40000E+00 3.29559E-03 9.99401E-01
 2.60000E+00 7.39921E-03 9.99171E-01
 2.80000E+00 1.24839E-02 9.99021E-01
 3.00000E+00 2.52510E-02 9.98755E-01
 3.20000E+00 4.79963E-02 9.98848E-01
 3.40000E+00 6.40789E-02 9.98384E-01
 3.60000E+00 9.11831E-02 9.97702E-01
 3.80000E+00 1.45143E-01 9.97651E-01
 4.00000E+00 2.25754E-01 9.97890E-01
 4.20000E+00 2.96826E-01 9.97825E-01
 4.40000E+00 3.92680E-01 9.97711E-01
 4.60000E+00 5.12786E-01 9.97577E-01
 4.80000E+00 6.56796E-01 9.97435E-01
 5.00000E+00 8.34704E-01 9.97308E-01
 5.20000E+00 1.02872E+00 9.97148E-01
 5.40000E+00 1.23778E+00 9.96977E-01
 5.60000E+00 1.47469E+00 9.96805E-01
 5.80000E+00 1.68249E+00 9.96562E-01
 6.00000E+00 1.92854E+00 9.96354E-01
 6.20000E+00 2.10107E+00 9.96019E-01
 6.40000E+00 2.31290E+00 9.95750E-01
 6.60000E+00 2.42411E+00 9.95304E-01
 6.80000E+00 2.56336E+00 9.94891E-01
 7.00000E+00 2.60852E+00 9.94351E-01
 7.20000E+00 2.65079E+00 9.93724E-01
 7.40000E+00 2.66445E+00 9.93117E-01
 7.60000E+00 2.59276E+00 9.92184E-01
 7.80000E+00 2.56779E+00 9.91315E-01
 8.00000E+00 2.45167E+00 9.90187E-01
 8.50000E+00 2.20038E+00 9.86675E-01
 9.00000E+00 1.90312E+00 9.81394E-01
 9.50000E+00 1.59794E+00 9.73237E-01
 1.00000E+01 1.36416E+00 9.62087E-01
 1.05000E+01 1.22771E+00 9.49171E-01
 1.10000E+01 1.03539E+00 9.30563E-01
 1.15000E+01 9.61055E-01 9.11261E-01
 1.20000E+01 9.09214E-01 8.90464E-01
 1.25000E+01 8.82673E-01 8.70030E-01
 1.30000E+01 8.71800E-01 8.50751E-01
 1.35000E+01 8.69834E-01 8.32438E-01
 1.40000E+01 8.60524E-01 8.13364E-01
 1.45000E+01 8.66451E-01 7.97677E-01
 1.50000E+01 8.50699E-01 7.78602E-01
 1.60000E+01 8.59990E-01 7.50836E-01
 1.70000E+01 8.01338E-01 7.15979E-01
 1.80000E+01 7.20656E-01 6.81137E-01
 1.90000E+01 6.39193E-01 6.52012E-01
 2.00000E+01 5.41224E-01 6.22741E-01
 2.10000E+01 4.65137E-01 6.06202E-01
 2.20000E+01 3.93862E-01 5.95419E-01
 2.30000E+01 3.89719E-01 6.77573E-01
 2.40000E+01 3.48815E-01 6.88641E-01
 2.50000E+01 3.05878E-01 6.90647E-01
 2.60000E+01 2.78236E-01 6.99013E-01
 2.70000E+01 2.55687E-01 7.10061E-01
 2.80000E+01 2.32621E-01 7.13692E-01
 2.90000E+01 2.18077E-01 7.17420E-01
 3.00000E+01 2.05523E-01 7.22290E-01
 3.20000E+01 1.84418E-01 7.41145E-01
 3.40000E+01 1.66515E-01 7.42607E-01
 3.60000E+01 1.49469E-01 7.50285E-01
 3.80000E+01 1.32107E-01 7.46418E-01
 4.00000E+01 1.19796E-01 7.51009E-01
 4.20000E+01 1.10937E-01 7.52051E-01
 4.40000E+01 1.02673E-01 7.51918E-01
 4.60000E+01 9.29374E-02 7.56510E-01
 4.80000E+01 8.73908E-02 7.59797E-01
 5.00000E+01 8.33309E-02 7.58770E-01
 5.20000E+01 8.00745E-02 7.59662E-01
 5.40000E+01 7.35111E-02 7.61785E-01
 5.60000E+01 6.92225E-02 7.65256E-01
 5.80000E+01 6.69413E-02 7.64617E-01
 6.00000E+01 6.52168E-02 7.62046E-01
