# p + 119Sn: Production of 118Sb - Total
# Q-value    =-1.09225E+01 mass= 117.905532
# E-threshold= 1.10150E+01
# # energies =   103
#     E          xs
 1.00000E-11 0.00000E+00
 2.53000E-08 0.00000E+00
 2.00000E-07 0.00000E+00
 1.00000E-06 0.00000E+00
 1.00000E-05 0.00000E+00
 1.00000E-04 0.00000E+00
 1.00000E-03 0.00000E+00
 2.00000E-03 0.00000E+00
 4.00000E-03 0.00000E+00
 7.00000E-03 0.00000E+00
 1.00000E-02 0.00000E+00
 2.00000E-02 0.00000E+00
 4.00000E-02 0.00000E+00
 7.00000E-02 0.00000E+00
 1.00000E-01 0.00000E+00
 2.00000E-01 0.00000E+00
 3.00000E-01 0.00000E+00
 4.00000E-01 0.00000E+00
 5.00000E-01 0.00000E+00
 6.00000E-01 0.00000E+00
 7.00000E-01 0.00000E+00
 8.00000E-01 0.00000E+00
 9.00000E-01 0.00000E+00
 1.00000E+00 0.00000E+00
 1.20000E+00 0.00000E+00
 1.40000E+00 0.00000E+00
 1.60000E+00 0.00000E+00
 1.80000E+00 0.00000E+00
 2.00000E+00 0.00000E+00
 2.20000E+00 0.00000E+00
 2.40000E+00 0.00000E+00
 2.60000E+00 0.00000E+00
 2.80000E+00 0.00000E+00
 3.00000E+00 0.00000E+00
 3.20000E+00 0.00000E+00
 3.40000E+00 0.00000E+00
 3.60000E+00 0.00000E+00
 3.80000E+00 0.00000E+00
 4.00000E+00 0.00000E+00
 4.20000E+00 0.00000E+00
 4.40000E+00 0.00000E+00
 4.60000E+00 0.00000E+00
 4.80000E+00 0.00000E+00
 5.00000E+00 0.00000E+00
 5.20000E+00 0.00000E+00
 5.40000E+00 0.00000E+00
 5.60000E+00 0.00000E+00
 5.80000E+00 0.00000E+00
 6.00000E+00 0.00000E+00
 6.20000E+00 0.00000E+00
 6.40000E+00 0.00000E+00
 6.60000E+00 0.00000E+00
 6.80000E+00 0.00000E+00
 7.00000E+00 0.00000E+00
 7.20000E+00 0.00000E+00
 7.40000E+00 0.00000E+00
 7.60000E+00 0.00000E+00
 7.80000E+00 0.00000E+00
 8.00000E+00 0.00000E+00
 8.50000E+00 0.00000E+00
 9.00000E+00 0.00000E+00
 9.50000E+00 0.00000E+00
 1.00000E+01 0.00000E+00
 1.05000E+01 0.00000E+00
 1.10000E+01 0.00000E+00
 1.15000E+01 6.49204E+01
 1.20000E+01 2.03946E+02
 1.25000E+01 3.58437E+02
 1.30000E+01 5.02018E+02
 1.35000E+01 6.16291E+02
 1.40000E+01 7.11368E+02
 1.45000E+01 7.84238E+02
 1.50000E+01 8.41032E+02
 1.60000E+01 9.23478E+02
 1.70000E+01 9.78354E+02
 1.80000E+01 1.01476E+03
 1.90000E+01 1.03409E+03
 2.00000E+01 1.00560E+03
 2.10000E+01 9.12057E+02
 2.20000E+01 7.82568E+02
 2.30000E+01 6.38569E+02
 2.40000E+01 5.09090E+02
 2.50000E+01 4.04993E+02
 2.60000E+01 3.23281E+02
 2.70000E+01 2.64422E+02
 2.80000E+01 2.22851E+02
 2.90000E+01 1.93720E+02
 3.00000E+01 1.72953E+02
 3.20000E+01 1.46636E+02
 3.40000E+01 1.28763E+02
 3.60000E+01 1.16393E+02
 3.80000E+01 1.07485E+02
 4.00000E+01 9.89084E+01
 4.20000E+01 9.23281E+01
 4.40000E+01 8.38374E+01
 4.60000E+01 7.84669E+01
 4.80000E+01 7.35698E+01
 5.00000E+01 6.80779E+01
 5.20000E+01 6.40251E+01
 5.40000E+01 6.08495E+01
 5.60000E+01 5.59673E+01
 5.80000E+01 5.21640E+01
 6.00000E+01 4.91902E+01
