# p + 122Sn: Production of 120Sn - Total
# Q-value    =-6.50304E+00 mass= 119.902203
# E-threshold= 6.55677E+00
# # energies =   103
#     E          xs
 1.00000E-11 0.00000E+00
 2.53000E-08 0.00000E+00
 2.00000E-07 0.00000E+00
 1.00000E-06 0.00000E+00
 1.00000E-05 0.00000E+00
 1.00000E-04 0.00000E+00
 1.00000E-03 0.00000E+00
 2.00000E-03 0.00000E+00
 4.00000E-03 0.00000E+00
 7.00000E-03 0.00000E+00
 1.00000E-02 0.00000E+00
 2.00000E-02 0.00000E+00
 4.00000E-02 0.00000E+00
 7.00000E-02 0.00000E+00
 1.00000E-01 0.00000E+00
 2.00000E-01 0.00000E+00
 3.00000E-01 0.00000E+00
 4.00000E-01 0.00000E+00
 5.00000E-01 0.00000E+00
 6.00000E-01 0.00000E+00
 7.00000E-01 0.00000E+00
 8.00000E-01 0.00000E+00
 9.00000E-01 0.00000E+00
 1.00000E+00 0.00000E+00
 1.20000E+00 0.00000E+00
 1.40000E+00 0.00000E+00
 1.60000E+00 0.00000E+00
 1.80000E+00 0.00000E+00
 2.00000E+00 0.00000E+00
 2.20000E+00 0.00000E+00
 2.40000E+00 0.00000E+00
 2.60000E+00 0.00000E+00
 2.80000E+00 0.00000E+00
 3.00000E+00 0.00000E+00
 3.20000E+00 0.00000E+00
 3.40000E+00 0.00000E+00
 3.60000E+00 0.00000E+00
 3.80000E+00 0.00000E+00
 4.00000E+00 0.00000E+00
 4.20000E+00 0.00000E+00
 4.40000E+00 0.00000E+00
 4.60000E+00 0.00000E+00
 4.80000E+00 0.00000E+00
 5.00000E+00 0.00000E+00
 5.20000E+00 0.00000E+00
 5.40000E+00 0.00000E+00
 5.60000E+00 0.00000E+00
 5.80000E+00 0.00000E+00
 6.00000E+00 0.00000E+00
 6.20000E+00 0.00000E+00
 6.40000E+00 0.00000E+00
 6.60000E+00 0.00000E+00
 6.80000E+00 0.00000E+00
 7.00000E+00 0.00000E+00
 7.20000E+00 0.00000E+00
 7.40000E+00 0.00000E+00
 7.60000E+00 0.00000E+00
 7.80000E+00 0.00000E+00
 8.00000E+00 0.00000E+00
 8.50000E+00 0.00000E+00
 9.00000E+00 0.00000E+00
 9.50000E+00 0.00000E+00
 1.00000E+01 0.00000E+00
 1.05000E+01 0.00000E+00
 1.10000E+01 0.00000E+00
 1.15000E+01 0.00000E+00
 1.20000E+01 0.00000E+00
 1.25000E+01 0.00000E+00
 1.30000E+01 0.00000E+00
 1.35000E+01 0.00000E+00
 1.40000E+01 1.78205E-03
 1.45000E+01 3.39749E-03
 1.50000E+01 6.41160E-03
 1.60000E+01 2.53646E-02
 1.70000E+01 8.88509E-02
 1.80000E+01 2.31910E-01
 1.90000E+01 5.11727E-01
 2.00000E+01 9.84444E-01
 2.10000E+01 1.73146E+00
 2.20000E+01 2.97698E+00
 2.30000E+01 5.06941E+00
 2.40000E+01 8.33820E+00
 2.50000E+01 1.30654E+01
 2.60000E+01 1.99270E+01
 2.70000E+01 2.89235E+01
 2.80000E+01 3.98514E+01
 2.90000E+01 5.15346E+01
 3.00000E+01 6.71664E+01
 3.20000E+01 9.88155E+01
 3.40000E+01 1.30859E+02
 3.60000E+01 1.60587E+02
 3.80000E+01 1.80013E+02
 4.00000E+01 1.97612E+02
 4.20000E+01 2.08252E+02
 4.40000E+01 2.14385E+02
 4.60000E+01 2.17987E+02
 4.80000E+01 2.20762E+02
 5.00000E+01 2.11882E+02
 5.20000E+01 2.17712E+02
 5.40000E+01 2.18300E+02
 5.60000E+01 2.16525E+02
 5.80000E+01 2.04782E+02
 6.00000E+01 2.07496E+02
