# p + 119Sn: Production of 117Sn - Total
# Q-value    =-7.32807E+00 mass= 116.902954
# E-threshold= 7.39015E+00
# # energies =   103
#     E          xs
 1.00000E-11 0.00000E+00
 2.53000E-08 0.00000E+00
 2.00000E-07 0.00000E+00
 1.00000E-06 0.00000E+00
 1.00000E-05 0.00000E+00
 1.00000E-04 0.00000E+00
 1.00000E-03 0.00000E+00
 2.00000E-03 0.00000E+00
 4.00000E-03 0.00000E+00
 7.00000E-03 0.00000E+00
 1.00000E-02 0.00000E+00
 2.00000E-02 0.00000E+00
 4.00000E-02 0.00000E+00
 7.00000E-02 0.00000E+00
 1.00000E-01 0.00000E+00
 2.00000E-01 0.00000E+00
 3.00000E-01 0.00000E+00
 4.00000E-01 0.00000E+00
 5.00000E-01 0.00000E+00
 6.00000E-01 0.00000E+00
 7.00000E-01 0.00000E+00
 8.00000E-01 0.00000E+00
 9.00000E-01 0.00000E+00
 1.00000E+00 0.00000E+00
 1.20000E+00 0.00000E+00
 1.40000E+00 0.00000E+00
 1.60000E+00 0.00000E+00
 1.80000E+00 0.00000E+00
 2.00000E+00 0.00000E+00
 2.20000E+00 0.00000E+00
 2.40000E+00 0.00000E+00
 2.60000E+00 0.00000E+00
 2.80000E+00 0.00000E+00
 3.00000E+00 0.00000E+00
 3.20000E+00 0.00000E+00
 3.40000E+00 0.00000E+00
 3.60000E+00 0.00000E+00
 3.80000E+00 0.00000E+00
 4.00000E+00 0.00000E+00
 4.20000E+00 0.00000E+00
 4.40000E+00 0.00000E+00
 4.60000E+00 0.00000E+00
 4.80000E+00 0.00000E+00
 5.00000E+00 0.00000E+00
 5.20000E+00 0.00000E+00
 5.40000E+00 0.00000E+00
 5.60000E+00 0.00000E+00
 5.80000E+00 0.00000E+00
 6.00000E+00 0.00000E+00
 6.20000E+00 0.00000E+00
 6.40000E+00 0.00000E+00
 6.60000E+00 0.00000E+00
 6.80000E+00 0.00000E+00
 7.00000E+00 0.00000E+00
 7.20000E+00 0.00000E+00
 7.40000E+00 0.00000E+00
 7.60000E+00 0.00000E+00
 7.80000E+00 0.00000E+00
 8.00000E+00 0.00000E+00
 8.50000E+00 0.00000E+00
 9.00000E+00 0.00000E+00
 9.50000E+00 0.00000E+00
 1.00000E+01 0.00000E+00
 1.05000E+01 0.00000E+00
 1.10000E+01 0.00000E+00
 1.15000E+01 0.00000E+00
 1.20000E+01 0.00000E+00
 1.25000E+01 0.00000E+00
 1.30000E+01 0.00000E+00
 1.35000E+01 0.00000E+00
 1.40000E+01 0.00000E+00
 1.45000E+01 1.91099E-03
 1.50000E+01 5.90336E-03
 1.60000E+01 3.43907E-02
 1.70000E+01 1.17237E-01
 1.80000E+01 2.79883E-01
 1.90000E+01 5.39212E-01
 2.00000E+01 9.75117E-01
 2.10000E+01 1.89151E+00
 2.20000E+01 3.91196E+00
 2.30000E+01 7.50429E+00
 2.40000E+01 1.29028E+01
 2.50000E+01 2.00378E+01
 2.60000E+01 2.89447E+01
 2.70000E+01 3.96415E+01
 2.80000E+01 5.10561E+01
 2.90000E+01 6.51653E+01
 3.00000E+01 7.99140E+01
 3.20000E+01 1.12900E+02
 3.40000E+01 1.41995E+02
 3.60000E+01 1.69173E+02
 3.80000E+01 1.89230E+02
 4.00000E+01 2.01567E+02
 4.20000E+01 2.12388E+02
 4.40000E+01 2.20455E+02
 4.60000E+01 2.23805E+02
 4.80000E+01 2.21242E+02
 5.00000E+01 2.21771E+02
 5.20000E+01 2.24629E+02
 5.40000E+01 2.16219E+02
 5.60000E+01 2.11887E+02
 5.80000E+01 2.18783E+02
 6.00000E+01 2.09067E+02
