# p + 124Sn: Production of 123Sn - Ground state
# Q-value    =-6.26354E+00 mass= 122.905727
# E-threshold= 6.31446E+00
# # energies =   103
#     E          xs      Branching
 1.00000E-11 0.00000E+00 0.00000E+00
 2.53000E-08 0.00000E+00 0.00000E+00
 2.00000E-07 0.00000E+00 0.00000E+00
 1.00000E-06 0.00000E+00 0.00000E+00
 1.00000E-05 0.00000E+00 0.00000E+00
 1.00000E-04 0.00000E+00 0.00000E+00
 1.00000E-03 0.00000E+00 0.00000E+00
 2.00000E-03 0.00000E+00 0.00000E+00
 4.00000E-03 0.00000E+00 0.00000E+00
 7.00000E-03 0.00000E+00 0.00000E+00
 1.00000E-02 0.00000E+00 0.00000E+00
 2.00000E-02 0.00000E+00 0.00000E+00
 4.00000E-02 0.00000E+00 0.00000E+00
 7.00000E-02 0.00000E+00 0.00000E+00
 1.00000E-01 0.00000E+00 0.00000E+00
 2.00000E-01 0.00000E+00 0.00000E+00
 3.00000E-01 0.00000E+00 0.00000E+00
 4.00000E-01 0.00000E+00 0.00000E+00
 5.00000E-01 0.00000E+00 0.00000E+00
 6.00000E-01 0.00000E+00 0.00000E+00
 7.00000E-01 0.00000E+00 0.00000E+00
 8.00000E-01 0.00000E+00 0.00000E+00
 9.00000E-01 0.00000E+00 0.00000E+00
 1.00000E+00 0.00000E+00 0.00000E+00
 1.20000E+00 0.00000E+00 0.00000E+00
 1.40000E+00 0.00000E+00 0.00000E+00
 1.60000E+00 0.00000E+00 0.00000E+00
 1.80000E+00 0.00000E+00 0.00000E+00
 2.00000E+00 0.00000E+00 0.00000E+00
 2.20000E+00 0.00000E+00 0.00000E+00
 2.40000E+00 0.00000E+00 0.00000E+00
 2.60000E+00 0.00000E+00 0.00000E+00
 2.80000E+00 0.00000E+00 0.00000E+00
 3.00000E+00 0.00000E+00 0.00000E+00
 3.20000E+00 0.00000E+00 0.00000E+00
 3.40000E+00 0.00000E+00 0.00000E+00
 3.60000E+00 0.00000E+00 0.00000E+00
 3.80000E+00 0.00000E+00 0.00000E+00
 4.00000E+00 0.00000E+00 0.00000E+00
 4.20000E+00 0.00000E+00 0.00000E+00
 4.40000E+00 0.00000E+00 0.00000E+00
 4.60000E+00 0.00000E+00 0.00000E+00
 4.80000E+00 0.00000E+00 0.00000E+00
 5.00000E+00 0.00000E+00 0.00000E+00
 5.20000E+00 0.00000E+00 0.00000E+00
 5.40000E+00 0.00000E+00 0.00000E+00
 5.60000E+00 0.00000E+00 0.00000E+00
 5.80000E+00 0.00000E+00 0.00000E+00
 6.00000E+00 0.00000E+00 0.00000E+00
 6.20000E+00 0.00000E+00 0.00000E+00
 6.40000E+00 0.00000E+00 0.00000E+00
 6.60000E+00 0.00000E+00 0.00000E+00
 6.80000E+00 0.00000E+00 0.00000E+00
 7.00000E+00 0.00000E+00 0.00000E+00
 7.20000E+00 0.00000E+00 0.00000E+00
 7.40000E+00 0.00000E+00 0.00000E+00
 7.60000E+00 0.00000E+00 0.00000E+00
 7.80000E+00 0.00000E+00 0.00000E+00
 8.00000E+00 0.00000E+00 0.00000E+00
 8.50000E+00 0.00000E+00 0.00000E+00
 9.00000E+00 0.00000E+00 0.00000E+00
 9.50000E+00 0.00000E+00 0.00000E+00
 1.00000E+01 0.00000E+00 0.00000E+00
 1.05000E+01 0.00000E+00 0.00000E+00
 1.10000E+01 1.22414E-03 6.03608E-01
 1.15000E+01 4.09317E-03 5.85846E-01
 1.20000E+01 1.21213E-02 5.55548E-01
 1.25000E+01 3.15705E-02 5.44024E-01
 1.30000E+01 7.98484E-02 5.53342E-01
 1.35000E+01 1.98010E-01 5.82923E-01
 1.40000E+01 4.22666E-01 5.97819E-01
 1.45000E+01 8.29197E-01 6.11847E-01
 1.50000E+01 1.53031E+00 6.29221E-01
 1.60000E+01 3.92298E+00 6.46347E-01
 1.70000E+01 7.97906E+00 6.56066E-01
 1.80000E+01 1.37730E+01 6.67188E-01
 1.90000E+01 2.13890E+01 6.76117E-01
 2.00000E+01 3.04323E+01 6.86510E-01
 2.10000E+01 4.05844E+01 6.88863E-01
 2.20000E+01 5.24390E+01 6.92293E-01
 2.30000E+01 6.39500E+01 7.00099E-01
 2.40000E+01 7.55333E+01 7.02570E-01
 2.50000E+01 8.64776E+01 7.09261E-01
 2.60000E+01 9.62029E+01 7.07703E-01
 2.70000E+01 1.04132E+02 7.11730E-01
 2.80000E+01 1.14762E+02 7.12953E-01
 2.90000E+01 1.16659E+02 6.98899E-01
 3.00000E+01 1.20933E+02 7.00381E-01
 3.20000E+01 1.28364E+02 7.02465E-01
 3.40000E+01 1.33242E+02 7.04291E-01
 3.60000E+01 1.37102E+02 7.02392E-01
 3.80000E+01 1.35205E+02 7.06589E-01
 4.00000E+01 1.40012E+02 7.08414E-01
 4.20000E+01 1.36870E+02 7.10604E-01
 4.40000E+01 1.39177E+02 7.15222E-01
 4.60000E+01 1.31242E+02 7.16403E-01
 4.80000E+01 1.35706E+02 7.12351E-01
 5.00000E+01 1.27103E+02 7.10198E-01
 5.20000E+01 1.25830E+02 7.15904E-01
 5.40000E+01 1.27251E+02 7.19641E-01
 5.60000E+01 1.28153E+02 7.22442E-01
 5.80000E+01 1.18534E+02 7.17405E-01
 6.00000E+01 1.19572E+02 7.22878E-01
