# p + 124Sn: Production of 125Sb - Total
# Q-value    = 7.31259E+00 mass= 124.905254
# E-threshold= 0.00000E+00
# # energies =   103
#     E          xs
 1.00000E-11 0.00000E+00
 2.53000E-08 0.00000E+00
 2.00000E-07 0.00000E+00
 1.00000E-06 0.00000E+00
 1.00000E-05 0.00000E+00
 1.00000E-04 0.00000E+00
 1.00000E-03 0.00000E+00
 2.00000E-03 0.00000E+00
 4.00000E-03 0.00000E+00
 7.00000E-03 0.00000E+00
 1.00000E-02 0.00000E+00
 2.00000E-02 0.00000E+00
 4.00000E-02 0.00000E+00
 7.00000E-02 0.00000E+00
 1.00000E-01 0.00000E+00
 2.00000E-01 0.00000E+00
 3.00000E-01 0.00000E+00
 4.00000E-01 0.00000E+00
 5.00000E-01 0.00000E+00
 6.00000E-01 0.00000E+00
 7.00000E-01 0.00000E+00
 8.00000E-01 0.00000E+00
 9.00000E-01 0.00000E+00
 1.00000E+00 0.00000E+00
 1.20000E+00 0.00000E+00
 1.40000E+00 0.00000E+00
 1.60000E+00 0.00000E+00
 1.80000E+00 1.00000E-07
 2.00000E+00 1.00000E-07
 2.20000E+00 1.00000E-07
 2.40000E+00 1.00000E-07
 2.60000E+00 1.00000E-07
 2.80000E+00 1.00000E-07
 3.00000E+00 1.00000E-07
 3.20000E+00 9.59655E-04
 3.40000E+00 1.80128E-03
 3.60000E+00 3.20306E-03
 3.80000E+00 5.38902E-03
 4.00000E+00 8.54117E-03
 4.20000E+00 1.30695E-02
 4.40000E+00 1.89530E-02
 4.60000E+00 2.67595E-02
 4.80000E+00 3.60594E-02
 5.00000E+00 4.75897E-02
 5.20000E+00 6.02332E-02
 5.40000E+00 7.56727E-02
 5.60000E+00 9.07639E-02
 5.80000E+00 1.09308E-01
 6.00000E+00 1.25322E-01
 6.20000E+00 1.46172E-01
 6.40000E+00 1.63225E-01
 6.60000E+00 1.83156E-01
 6.80000E+00 2.05445E-01
 7.00000E+00 2.21351E-01
 7.20000E+00 2.43457E-01
 7.40000E+00 2.66651E-01
 7.60000E+00 2.86300E-01
 7.80000E+00 3.11030E-01
 8.00000E+00 3.38730E-01
 8.50000E+00 4.03497E-01
 9.00000E+00 4.70744E-01
 9.50000E+00 5.55018E-01
 1.00000E+01 6.33722E-01
 1.05000E+01 7.09963E-01
 1.10000E+01 7.90346E-01
 1.15000E+01 8.55421E-01
 1.20000E+01 9.20660E-01
 1.25000E+01 9.67864E-01
 1.30000E+01 1.00977E+00
 1.35000E+01 1.04786E+00
 1.40000E+01 1.05271E+00
 1.45000E+01 1.06658E+00
 1.50000E+01 1.06127E+00
 1.60000E+01 1.00109E+00
 1.70000E+01 8.72674E-01
 1.80000E+01 7.83121E-01
 1.90000E+01 6.48602E-01
 2.00000E+01 5.77516E-01
 2.10000E+01 4.90789E-01
 2.20000E+01 4.42485E-01
 2.30000E+01 4.10689E-01
 2.40000E+01 3.60753E-01
 2.50000E+01 3.38503E-01
 2.60000E+01 3.25659E-01
 2.70000E+01 2.95294E-01
 2.80000E+01 2.79025E-01
 2.90000E+01 2.70205E-01
 3.00000E+01 2.62434E-01
 3.20000E+01 2.24747E-01
 3.40000E+01 2.09562E-01
 3.60000E+01 1.83948E-01
 3.80000E+01 1.63964E-01
 4.00000E+01 1.56517E-01
 4.20000E+01 1.50392E-01
 4.40000E+01 1.29221E-01
 4.60000E+01 1.22286E-01
 4.80000E+01 1.18549E-01
 5.00000E+01 1.15572E-01
 5.20000E+01 1.12271E-01
 5.40000E+01 9.67193E-02
 5.60000E+01 9.25687E-02
 5.80000E+01 9.10814E-02
 6.00000E+01 9.01741E-02
