# p + 116Sn: Production of 116Sb - Ground state
# Q-value    =-5.48631E+00 mass= 115.906793
# E-threshold= 5.53399E+00
# # energies =   103
#     E          xs      Branching
 1.00000E-11 0.00000E+00 0.00000E+00
 2.53000E-08 0.00000E+00 0.00000E+00
 2.00000E-07 0.00000E+00 0.00000E+00
 1.00000E-06 0.00000E+00 0.00000E+00
 1.00000E-05 0.00000E+00 0.00000E+00
 1.00000E-04 0.00000E+00 0.00000E+00
 1.00000E-03 0.00000E+00 0.00000E+00
 2.00000E-03 0.00000E+00 0.00000E+00
 4.00000E-03 0.00000E+00 0.00000E+00
 7.00000E-03 0.00000E+00 0.00000E+00
 1.00000E-02 0.00000E+00 0.00000E+00
 2.00000E-02 0.00000E+00 0.00000E+00
 4.00000E-02 0.00000E+00 0.00000E+00
 7.00000E-02 0.00000E+00 0.00000E+00
 1.00000E-01 0.00000E+00 0.00000E+00
 2.00000E-01 0.00000E+00 0.00000E+00
 3.00000E-01 0.00000E+00 0.00000E+00
 4.00000E-01 0.00000E+00 0.00000E+00
 5.00000E-01 0.00000E+00 0.00000E+00
 6.00000E-01 0.00000E+00 0.00000E+00
 7.00000E-01 0.00000E+00 0.00000E+00
 8.00000E-01 0.00000E+00 0.00000E+00
 9.00000E-01 0.00000E+00 0.00000E+00
 1.00000E+00 0.00000E+00 0.00000E+00
 1.20000E+00 0.00000E+00 0.00000E+00
 1.40000E+00 0.00000E+00 0.00000E+00
 1.60000E+00 0.00000E+00 0.00000E+00
 1.80000E+00 0.00000E+00 0.00000E+00
 2.00000E+00 0.00000E+00 0.00000E+00
 2.20000E+00 0.00000E+00 0.00000E+00
 2.40000E+00 0.00000E+00 0.00000E+00
 2.60000E+00 0.00000E+00 0.00000E+00
 2.80000E+00 0.00000E+00 0.00000E+00
 3.00000E+00 0.00000E+00 0.00000E+00
 3.20000E+00 0.00000E+00 0.00000E+00
 3.40000E+00 0.00000E+00 0.00000E+00
 3.60000E+00 0.00000E+00 0.00000E+00
 3.80000E+00 0.00000E+00 0.00000E+00
 4.00000E+00 0.00000E+00 0.00000E+00
 4.20000E+00 0.00000E+00 0.00000E+00
 4.40000E+00 0.00000E+00 0.00000E+00
 4.60000E+00 0.00000E+00 0.00000E+00
 4.80000E+00 0.00000E+00 0.00000E+00
 5.00000E+00 0.00000E+00 0.00000E+00
 5.20000E+00 0.00000E+00 0.00000E+00
 5.40000E+00 0.00000E+00 0.00000E+00
 5.60000E+00 3.73534E+00 1.00000E+00
 5.80000E+00 3.01441E+01 1.00000E+00
 6.00000E+00 4.44021E+01 9.99967E-01
 6.20000E+00 6.58491E+01 9.99894E-01
 6.40000E+00 8.97009E+01 9.99752E-01
 6.60000E+00 1.13241E+02 9.99573E-01
 6.80000E+00 1.36991E+02 9.99355E-01
 7.00000E+00 1.61072E+02 9.99088E-01
 7.20000E+00 1.85492E+02 9.98753E-01
 7.40000E+00 2.10196E+02 9.98350E-01
 7.60000E+00 2.35161E+02 9.97900E-01
 7.80000E+00 2.60260E+02 9.97337E-01
 8.00000E+00 2.85559E+02 9.96679E-01
 8.50000E+00 3.49162E+02 9.94511E-01
 9.00000E+00 4.12836E+02 9.91801E-01
 9.50000E+00 4.75546E+02 9.88185E-01
 1.00000E+01 5.35777E+02 9.83954E-01
 1.05000E+01 5.93853E+02 9.80311E-01
 1.10000E+01 6.47926E+02 9.75014E-01
 1.15000E+01 6.97986E+02 9.69175E-01
 1.20000E+01 7.43213E+02 9.62754E-01
 1.25000E+01 7.82906E+02 9.56062E-01
 1.30000E+01 8.15864E+02 9.49008E-01
 1.35000E+01 8.40328E+02 9.41405E-01
 1.40000E+01 7.85239E+02 9.28487E-01
 1.45000E+01 6.88775E+02 9.10379E-01
 1.50000E+01 5.81221E+02 8.87534E-01
 1.60000E+01 3.94870E+02 8.36688E-01
 1.70000E+01 2.54707E+02 7.84738E-01
 1.80000E+01 1.66369E+02 7.35075E-01
 1.90000E+01 1.14540E+02 6.89211E-01
 2.00000E+01 8.37349E+01 6.50518E-01
 2.10000E+01 6.65940E+01 6.23933E-01
 2.20000E+01 5.59028E+01 6.04479E-01
 2.30000E+01 4.92713E+01 5.88550E-01
 2.40000E+01 4.49745E+01 5.80240E-01
 2.50000E+01 4.18143E+01 5.74581E-01
 2.60000E+01 3.95258E+01 5.73052E-01
 2.70000E+01 3.75152E+01 5.70662E-01
 2.80000E+01 3.55109E+01 5.66875E-01
 2.90000E+01 3.41248E+01 5.68952E-01
 3.00000E+01 3.22656E+01 5.65130E-01
 3.20000E+01 2.95612E+01 5.66037E-01
 3.40000E+01 2.70290E+01 5.61887E-01
 3.60000E+01 2.51779E+01 5.66473E-01
 3.80000E+01 2.29862E+01 5.64532E-01
 4.00000E+01 2.09741E+01 5.62895E-01
 4.20000E+01 1.96098E+01 5.66029E-01
 4.40000E+01 1.78985E+01 5.65526E-01
 4.60000E+01 1.66852E+01 5.64792E-01
 4.80000E+01 1.92765E+01 6.91033E-01
 5.00000E+01 1.75680E+01 6.91007E-01
 5.20000E+01 1.65633E+01 6.87805E-01
 5.40000E+01 1.54814E+01 7.01699E-01
 5.60000E+01 1.20493E+01 5.79411E-01
 5.80000E+01 1.10107E+01 5.70201E-01
 6.00000E+01 1.02406E+01 5.77029E-01
