# p + 116Sn: Production of 114Sn - Total
# Q-value    =-8.62707E+00 mass= 113.902780
# E-threshold= 8.70205E+00
# # energies =   103
#     E          xs
 1.00000E-11 0.00000E+00
 2.53000E-08 0.00000E+00
 2.00000E-07 0.00000E+00
 1.00000E-06 0.00000E+00
 1.00000E-05 0.00000E+00
 1.00000E-04 0.00000E+00
 1.00000E-03 0.00000E+00
 2.00000E-03 0.00000E+00
 4.00000E-03 0.00000E+00
 7.00000E-03 0.00000E+00
 1.00000E-02 0.00000E+00
 2.00000E-02 0.00000E+00
 4.00000E-02 0.00000E+00
 7.00000E-02 0.00000E+00
 1.00000E-01 0.00000E+00
 2.00000E-01 0.00000E+00
 3.00000E-01 0.00000E+00
 4.00000E-01 0.00000E+00
 5.00000E-01 0.00000E+00
 6.00000E-01 0.00000E+00
 7.00000E-01 0.00000E+00
 8.00000E-01 0.00000E+00
 9.00000E-01 0.00000E+00
 1.00000E+00 0.00000E+00
 1.20000E+00 0.00000E+00
 1.40000E+00 0.00000E+00
 1.60000E+00 0.00000E+00
 1.80000E+00 0.00000E+00
 2.00000E+00 0.00000E+00
 2.20000E+00 0.00000E+00
 2.40000E+00 0.00000E+00
 2.60000E+00 0.00000E+00
 2.80000E+00 0.00000E+00
 3.00000E+00 0.00000E+00
 3.20000E+00 0.00000E+00
 3.40000E+00 0.00000E+00
 3.60000E+00 0.00000E+00
 3.80000E+00 0.00000E+00
 4.00000E+00 0.00000E+00
 4.20000E+00 0.00000E+00
 4.40000E+00 0.00000E+00
 4.60000E+00 0.00000E+00
 4.80000E+00 0.00000E+00
 5.00000E+00 0.00000E+00
 5.20000E+00 0.00000E+00
 5.40000E+00 0.00000E+00
 5.60000E+00 0.00000E+00
 5.80000E+00 0.00000E+00
 6.00000E+00 0.00000E+00
 6.20000E+00 0.00000E+00
 6.40000E+00 0.00000E+00
 6.60000E+00 0.00000E+00
 6.80000E+00 0.00000E+00
 7.00000E+00 0.00000E+00
 7.20000E+00 0.00000E+00
 7.40000E+00 0.00000E+00
 7.60000E+00 0.00000E+00
 7.80000E+00 0.00000E+00
 8.00000E+00 0.00000E+00
 8.50000E+00 0.00000E+00
 9.00000E+00 0.00000E+00
 9.50000E+00 0.00000E+00
 1.00000E+01 0.00000E+00
 1.05000E+01 0.00000E+00
 1.10000E+01 0.00000E+00
 1.15000E+01 0.00000E+00
 1.20000E+01 0.00000E+00
 1.25000E+01 0.00000E+00
 1.30000E+01 0.00000E+00
 1.35000E+01 0.00000E+00
 1.40000E+01 0.00000E+00
 1.45000E+01 0.00000E+00
 1.50000E+01 0.00000E+00
 1.60000E+01 2.10437E-03
 1.70000E+01 6.36826E-03
 1.80000E+01 1.82884E-02
 1.90000E+01 5.40442E-02
 2.00000E+01 1.46601E-01
 2.10000E+01 8.92927E-01
 2.20000E+01 5.08900E+00
 2.30000E+01 1.61666E+01
 2.40000E+01 3.56313E+01
 2.50000E+01 6.41186E+01
 2.60000E+01 9.37454E+01
 2.70000E+01 1.20800E+02
 2.80000E+01 1.46844E+02
 2.90000E+01 1.72940E+02
 3.00000E+01 1.98352E+02
 3.20000E+01 2.47093E+02
 3.40000E+01 2.87868E+02
 3.60000E+01 3.16676E+02
 3.80000E+01 3.25500E+02
 4.00000E+01 3.16752E+02
 4.20000E+01 3.01492E+02
 4.40000E+01 2.91535E+02
 4.60000E+01 2.79385E+02
 4.80000E+01 2.74143E+02
 5.00000E+01 2.66949E+02
 5.20000E+01 2.60502E+02
 5.40000E+01 2.57321E+02
 5.60000E+01 2.50826E+02
 5.80000E+01 2.41956E+02
 6.00000E+01 2.42961E+02
