# p + 119Sn: Production of 118Sb - Ground state
# Q-value    =-1.09225E+01 mass= 117.905532
# E-threshold= 1.10150E+01
# # energies =   103
#     E          xs      Branching
 1.00000E-11 0.00000E+00 0.00000E+00
 2.53000E-08 0.00000E+00 0.00000E+00
 2.00000E-07 0.00000E+00 0.00000E+00
 1.00000E-06 0.00000E+00 0.00000E+00
 1.00000E-05 0.00000E+00 0.00000E+00
 1.00000E-04 0.00000E+00 0.00000E+00
 1.00000E-03 0.00000E+00 0.00000E+00
 2.00000E-03 0.00000E+00 0.00000E+00
 4.00000E-03 0.00000E+00 0.00000E+00
 7.00000E-03 0.00000E+00 0.00000E+00
 1.00000E-02 0.00000E+00 0.00000E+00
 2.00000E-02 0.00000E+00 0.00000E+00
 4.00000E-02 0.00000E+00 0.00000E+00
 7.00000E-02 0.00000E+00 0.00000E+00
 1.00000E-01 0.00000E+00 0.00000E+00
 2.00000E-01 0.00000E+00 0.00000E+00
 3.00000E-01 0.00000E+00 0.00000E+00
 4.00000E-01 0.00000E+00 0.00000E+00
 5.00000E-01 0.00000E+00 0.00000E+00
 6.00000E-01 0.00000E+00 0.00000E+00
 7.00000E-01 0.00000E+00 0.00000E+00
 8.00000E-01 0.00000E+00 0.00000E+00
 9.00000E-01 0.00000E+00 0.00000E+00
 1.00000E+00 0.00000E+00 0.00000E+00
 1.20000E+00 0.00000E+00 0.00000E+00
 1.40000E+00 0.00000E+00 0.00000E+00
 1.60000E+00 0.00000E+00 0.00000E+00
 1.80000E+00 0.00000E+00 0.00000E+00
 2.00000E+00 0.00000E+00 0.00000E+00
 2.20000E+00 0.00000E+00 0.00000E+00
 2.40000E+00 0.00000E+00 0.00000E+00
 2.60000E+00 0.00000E+00 0.00000E+00
 2.80000E+00 0.00000E+00 0.00000E+00
 3.00000E+00 0.00000E+00 0.00000E+00
 3.20000E+00 0.00000E+00 0.00000E+00
 3.40000E+00 0.00000E+00 0.00000E+00
 3.60000E+00 0.00000E+00 0.00000E+00
 3.80000E+00 0.00000E+00 0.00000E+00
 4.00000E+00 0.00000E+00 0.00000E+00
 4.20000E+00 0.00000E+00 0.00000E+00
 4.40000E+00 0.00000E+00 0.00000E+00
 4.60000E+00 0.00000E+00 0.00000E+00
 4.80000E+00 0.00000E+00 0.00000E+00
 5.00000E+00 0.00000E+00 0.00000E+00
 5.20000E+00 0.00000E+00 0.00000E+00
 5.40000E+00 0.00000E+00 0.00000E+00
 5.60000E+00 0.00000E+00 0.00000E+00
 5.80000E+00 0.00000E+00 0.00000E+00
 6.00000E+00 0.00000E+00 0.00000E+00
 6.20000E+00 0.00000E+00 0.00000E+00
 6.40000E+00 0.00000E+00 0.00000E+00
 6.60000E+00 0.00000E+00 0.00000E+00
 6.80000E+00 0.00000E+00 0.00000E+00
 7.00000E+00 0.00000E+00 0.00000E+00
 7.20000E+00 0.00000E+00 0.00000E+00
 7.40000E+00 0.00000E+00 0.00000E+00
 7.60000E+00 0.00000E+00 0.00000E+00
 7.80000E+00 0.00000E+00 0.00000E+00
 8.00000E+00 0.00000E+00 0.00000E+00
 8.50000E+00 0.00000E+00 0.00000E+00
 9.00000E+00 0.00000E+00 0.00000E+00
 9.50000E+00 0.00000E+00 0.00000E+00
 1.00000E+01 0.00000E+00 0.00000E+00
 1.05000E+01 0.00000E+00 0.00000E+00
 1.10000E+01 0.00000E+00 0.00000E+00
 1.15000E+01 6.47827E+01 9.97879E-01
 1.20000E+01 2.02020E+02 9.90557E-01
 1.25000E+01 3.52029E+02 9.82121E-01
 1.30000E+01 4.88669E+02 9.73410E-01
 1.35000E+01 5.93835E+02 9.63564E-01
 1.40000E+01 6.79112E+02 9.54658E-01
 1.45000E+01 7.41718E+02 9.45782E-01
 1.50000E+01 7.87661E+02 9.36541E-01
 1.60000E+01 8.47144E+02 9.17341E-01
 1.70000E+01 8.78113E+02 8.97541E-01
 1.80000E+01 8.90055E+02 8.77111E-01
 1.90000E+01 8.85714E+02 8.56512E-01
 2.00000E+01 8.35042E+02 8.30395E-01
 2.10000E+01 7.23912E+02 7.93714E-01
 2.20000E+01 5.87283E+02 7.50457E-01
 2.30000E+01 4.47981E+02 7.01540E-01
 2.40000E+01 3.32412E+02 6.52954E-01
 2.50000E+01 2.46009E+02 6.07439E-01
 2.60000E+01 1.82420E+02 5.64278E-01
 2.70000E+01 1.40017E+02 5.29523E-01
 2.80000E+01 1.12400E+02 5.04373E-01
 2.90000E+01 9.41637E+01 4.86081E-01
 3.00000E+01 8.21194E+01 4.74808E-01
 3.20000E+01 6.85656E+01 4.67590E-01
 3.40000E+01 5.99331E+01 4.65454E-01
 3.60000E+01 5.39732E+01 4.63714E-01
 3.80000E+01 5.02818E+01 4.67802E-01
 4.00000E+01 5.92723E+01 5.99265E-01
 4.20000E+01 5.53410E+01 5.99395E-01
 4.40000E+01 5.02456E+01 5.99322E-01
 4.60000E+01 4.73826E+01 6.03855E-01
 4.80000E+01 4.66279E+01 6.33792E-01
 5.00000E+01 4.32897E+01 6.35885E-01
 5.20000E+01 4.19294E+01 6.54891E-01
 5.40000E+01 3.95689E+01 6.50275E-01
 5.60000E+01 3.64355E+01 6.51015E-01
 5.80000E+01 3.39513E+01 6.50857E-01
 6.00000E+01 3.22826E+01 6.56281E-01
