# p + 117Sn: Production of 117Sn - Total
# Q-value    =-1.58562E-01 mass= 116.902954
# E-threshold= 1.59928E-01
# # energies =   103
#     E          xs
 1.00000E-11 0.00000E+00
 2.53000E-08 0.00000E+00
 2.00000E-07 0.00000E+00
 1.00000E-06 0.00000E+00
 1.00000E-05 0.00000E+00
 1.00000E-04 0.00000E+00
 1.00000E-03 0.00000E+00
 2.00000E-03 0.00000E+00
 4.00000E-03 0.00000E+00
 7.00000E-03 0.00000E+00
 1.00000E-02 0.00000E+00
 2.00000E-02 0.00000E+00
 4.00000E-02 0.00000E+00
 7.00000E-02 0.00000E+00
 1.00000E-01 0.00000E+00
 2.00000E-01 0.00000E+00
 3.00000E-01 0.00000E+00
 4.00000E-01 0.00000E+00
 5.00000E-01 0.00000E+00
 6.00000E-01 0.00000E+00
 7.00000E-01 0.00000E+00
 8.00000E-01 0.00000E+00
 9.00000E-01 0.00000E+00
 1.00000E+00 0.00000E+00
 1.20000E+00 0.00000E+00
 1.40000E+00 0.00000E+00
 1.60000E+00 0.00000E+00
 1.80000E+00 0.00000E+00
 2.00000E+00 0.00000E+00
 2.20000E+00 0.00000E+00
 2.40000E+00 0.00000E+00
 2.60000E+00 0.00000E+00
 2.80000E+00 0.00000E+00
 3.00000E+00 0.00000E+00
 3.20000E+00 0.00000E+00
 3.40000E+00 0.00000E+00
 3.60000E+00 0.00000E+00
 3.80000E+00 1.44803E-03
 4.00000E+00 3.55442E-03
 4.20000E+00 7.04180E-03
 4.40000E+00 1.36048E-02
 4.60000E+00 2.43788E-02
 4.80000E+00 4.18641E-02
 5.00000E+00 6.94709E-02
 5.20000E+00 1.08557E-01
 5.40000E+00 1.65682E-01
 5.60000E+00 2.41292E-01
 5.80000E+00 3.40020E-01
 6.00000E+00 4.59876E-01
 6.20000E+00 6.03708E-01
 6.40000E+00 7.71103E-01
 6.60000E+00 9.56073E-01
 6.80000E+00 1.16610E+00
 7.00000E+00 1.39601E+00
 7.20000E+00 1.64945E+00
 7.40000E+00 1.93270E+00
 7.60000E+00 2.24449E+00
 7.80000E+00 2.60026E+00
 8.00000E+00 2.99497E+00
 8.50000E+00 4.25276E+00
 9.00000E+00 5.99883E+00
 9.50000E+00 8.34371E+00
 1.00000E+01 1.13558E+01
 1.05000E+01 1.50418E+01
 1.10000E+01 1.93834E+01
 1.15000E+01 2.42867E+01
 1.20000E+01 2.96533E+01
 1.25000E+01 3.54189E+01
 1.30000E+01 4.14389E+01
 1.35000E+01 4.75315E+01
 1.40000E+01 5.35903E+01
 1.45000E+01 5.95829E+01
 1.50000E+01 6.53753E+01
 1.60000E+01 7.62340E+01
 1.70000E+01 8.58730E+01
 1.80000E+01 9.42987E+01
 1.90000E+01 1.01280E+02
 2.00000E+01 1.06664E+02
 2.10000E+01 1.10187E+02
 2.20000E+01 1.12424E+02
 2.30000E+01 1.12939E+02
 2.40000E+01 1.13228E+02
 2.50000E+01 1.11738E+02
 2.60000E+01 1.11688E+02
 2.70000E+01 1.10171E+02
 2.80000E+01 1.09918E+02
 2.90000E+01 1.08418E+02
 3.00000E+01 1.07501E+02
 3.20000E+01 1.03192E+02
 3.40000E+01 1.00184E+02
 3.60000E+01 9.34367E+01
 3.80000E+01 9.12979E+01
 4.00000E+01 8.60561E+01
 4.20000E+01 8.37370E+01
 4.40000E+01 7.61849E+01
 4.60000E+01 7.28194E+01
 4.80000E+01 7.28250E+01
 5.00000E+01 7.32757E+01
 5.20000E+01 6.79261E+01
 5.40000E+01 6.52299E+01
 5.60000E+01 6.39594E+01
 5.80000E+01 6.31977E+01
 6.00000E+01 6.16600E+01
