# p + 122Sn: Production of 121Sb - Total
# Q-value    =-9.19447E+00 mass= 120.903811
# E-threshold= 9.27044E+00
# # energies =   103
#     E          xs
 1.00000E-11 0.00000E+00
 2.53000E-08 0.00000E+00
 2.00000E-07 0.00000E+00
 1.00000E-06 0.00000E+00
 1.00000E-05 0.00000E+00
 1.00000E-04 0.00000E+00
 1.00000E-03 0.00000E+00
 2.00000E-03 0.00000E+00
 4.00000E-03 0.00000E+00
 7.00000E-03 0.00000E+00
 1.00000E-02 0.00000E+00
 2.00000E-02 0.00000E+00
 4.00000E-02 0.00000E+00
 7.00000E-02 0.00000E+00
 1.00000E-01 0.00000E+00
 2.00000E-01 0.00000E+00
 3.00000E-01 0.00000E+00
 4.00000E-01 0.00000E+00
 5.00000E-01 0.00000E+00
 6.00000E-01 0.00000E+00
 7.00000E-01 0.00000E+00
 8.00000E-01 0.00000E+00
 9.00000E-01 0.00000E+00
 1.00000E+00 0.00000E+00
 1.20000E+00 0.00000E+00
 1.40000E+00 0.00000E+00
 1.60000E+00 0.00000E+00
 1.80000E+00 0.00000E+00
 2.00000E+00 0.00000E+00
 2.20000E+00 0.00000E+00
 2.40000E+00 0.00000E+00
 2.60000E+00 0.00000E+00
 2.80000E+00 0.00000E+00
 3.00000E+00 0.00000E+00
 3.20000E+00 0.00000E+00
 3.40000E+00 0.00000E+00
 3.60000E+00 0.00000E+00
 3.80000E+00 0.00000E+00
 4.00000E+00 0.00000E+00
 4.20000E+00 0.00000E+00
 4.40000E+00 0.00000E+00
 4.60000E+00 0.00000E+00
 4.80000E+00 0.00000E+00
 5.00000E+00 0.00000E+00
 5.20000E+00 0.00000E+00
 5.40000E+00 0.00000E+00
 5.60000E+00 0.00000E+00
 5.80000E+00 0.00000E+00
 6.00000E+00 0.00000E+00
 6.20000E+00 0.00000E+00
 6.40000E+00 0.00000E+00
 6.60000E+00 0.00000E+00
 6.80000E+00 0.00000E+00
 7.00000E+00 0.00000E+00
 7.20000E+00 0.00000E+00
 7.40000E+00 0.00000E+00
 7.60000E+00 0.00000E+00
 7.80000E+00 0.00000E+00
 8.00000E+00 0.00000E+00
 8.50000E+00 0.00000E+00
 9.00000E+00 0.00000E+00
 9.50000E+00 2.56717E+01
 1.00000E+01 1.31192E+02
 1.05000E+01 2.79153E+02
 1.10000E+01 4.18325E+02
 1.15000E+01 5.34972E+02
 1.20000E+01 6.41434E+02
 1.25000E+01 7.21844E+02
 1.30000E+01 7.93373E+02
 1.35000E+01 8.48789E+02
 1.40000E+01 8.94342E+02
 1.45000E+01 9.32907E+02
 1.50000E+01 9.65996E+02
 1.60000E+01 1.01931E+03
 1.70000E+01 1.06160E+03
 1.80000E+01 1.09380E+03
 1.90000E+01 1.11452E+03
 2.00000E+01 1.07572E+03
 2.10000E+01 9.37570E+02
 2.20000E+01 7.53918E+02
 2.30000E+01 5.79215E+02
 2.40000E+01 4.40164E+02
 2.50000E+01 3.38359E+02
 2.60000E+01 2.67267E+02
 2.70000E+01 2.22158E+02
 2.80000E+01 1.92017E+02
 2.90000E+01 1.70679E+02
 3.00000E+01 1.57134E+02
 3.20000E+01 1.36595E+02
 3.40000E+01 1.24509E+02
 3.60000E+01 1.13445E+02
 3.80000E+01 1.05523E+02
 4.00000E+01 9.69222E+01
 4.20000E+01 8.92284E+01
 4.40000E+01 8.29304E+01
 4.60000E+01 7.72882E+01
 4.80000E+01 7.13184E+01
 5.00000E+01 6.81871E+01
 5.20000E+01 6.30388E+01
 5.40000E+01 5.71722E+01
 5.60000E+01 5.53762E+01
 5.80000E+01 5.21930E+01
 6.00000E+01 4.75485E+01
