# p + 118Sn: Production of 118Sn - Total
# Q-value    =-1.22967E+00 mass= 117.901607
# E-threshold= 1.24017E+00
# # energies =   103
#     E          xs
 1.00000E-11 0.00000E+00
 2.53000E-08 0.00000E+00
 2.00000E-07 0.00000E+00
 1.00000E-06 0.00000E+00
 1.00000E-05 0.00000E+00
 1.00000E-04 0.00000E+00
 1.00000E-03 0.00000E+00
 2.00000E-03 0.00000E+00
 4.00000E-03 0.00000E+00
 7.00000E-03 0.00000E+00
 1.00000E-02 0.00000E+00
 2.00000E-02 0.00000E+00
 4.00000E-02 0.00000E+00
 7.00000E-02 0.00000E+00
 1.00000E-01 0.00000E+00
 2.00000E-01 0.00000E+00
 3.00000E-01 0.00000E+00
 4.00000E-01 0.00000E+00
 5.00000E-01 0.00000E+00
 6.00000E-01 0.00000E+00
 7.00000E-01 0.00000E+00
 8.00000E-01 0.00000E+00
 9.00000E-01 0.00000E+00
 1.00000E+00 0.00000E+00
 1.20000E+00 0.00000E+00
 1.40000E+00 0.00000E+00
 1.60000E+00 0.00000E+00
 1.80000E+00 0.00000E+00
 2.00000E+00 0.00000E+00
 2.20000E+00 0.00000E+00
 2.40000E+00 0.00000E+00
 2.60000E+00 0.00000E+00
 2.80000E+00 0.00000E+00
 3.00000E+00 0.00000E+00
 3.20000E+00 0.00000E+00
 3.40000E+00 0.00000E+00
 3.60000E+00 0.00000E+00
 3.80000E+00 0.00000E+00
 4.00000E+00 2.18838E-03
 4.20000E+00 6.53921E-03
 4.40000E+00 1.75983E-02
 4.60000E+00 1.84222E-02
 4.80000E+00 2.15726E-02
 5.00000E+00 2.95606E-02
 5.20000E+00 4.56707E-02
 5.40000E+00 7.22291E-02
 5.60000E+00 1.10873E-01
 5.80000E+00 1.62977E-01
 6.00000E+00 2.39675E-01
 6.20000E+00 3.33649E-01
 6.40000E+00 4.54379E-01
 6.60000E+00 6.02650E-01
 6.80000E+00 7.75564E-01
 7.00000E+00 9.78639E-01
 7.20000E+00 1.20610E+00
 7.40000E+00 1.46056E+00
 7.60000E+00 1.74573E+00
 7.80000E+00 2.06505E+00
 8.00000E+00 2.41426E+00
 8.50000E+00 3.49802E+00
 9.00000E+00 4.96354E+00
 9.50000E+00 6.92085E+00
 1.00000E+01 9.42752E+00
 1.05000E+01 1.24972E+01
 1.10000E+01 1.61277E+01
 1.15000E+01 2.03068E+01
 1.20000E+01 2.50113E+01
 1.25000E+01 3.02056E+01
 1.30000E+01 3.58083E+01
 1.35000E+01 4.17092E+01
 1.40000E+01 4.77224E+01
 1.45000E+01 5.37088E+01
 1.50000E+01 5.96040E+01
 1.60000E+01 7.08846E+01
 1.70000E+01 8.16915E+01
 1.80000E+01 9.18973E+01
 1.90000E+01 1.00580E+02
 2.00000E+01 1.07841E+02
 2.10000E+01 1.13522E+02
 2.20000E+01 1.17251E+02
 2.30000E+01 1.18972E+02
 2.40000E+01 1.19168E+02
 2.50000E+01 1.20194E+02
 2.60000E+01 1.19541E+02
 2.70000E+01 1.19250E+02
 2.80000E+01 1.17889E+02
 2.90000E+01 1.17615E+02
 3.00000E+01 1.17028E+02
 3.20000E+01 1.12702E+02
 3.40000E+01 1.08141E+02
 3.60000E+01 1.05089E+02
 3.80000E+01 9.99249E+01
 4.00000E+01 9.74562E+01
 4.20000E+01 9.32180E+01
 4.40000E+01 8.91601E+01
 4.60000E+01 8.87001E+01
 4.80000E+01 8.81759E+01
 5.00000E+01 8.44675E+01
 5.20000E+01 8.15390E+01
 5.40000E+01 7.99500E+01
 5.60000E+01 7.78403E+01
 5.80000E+01 7.37369E+01
 6.00000E+01 7.06315E+01
