# p + 115Sn: Production of 115Sn - Total
# Q-value    =-4.97334E-01 mass= 114.903345
# E-threshold= 5.01694E-01
# # energies =   103
#     E          xs
 1.00000E-11 0.00000E+00
 2.53000E-08 0.00000E+00
 2.00000E-07 0.00000E+00
 1.00000E-06 0.00000E+00
 1.00000E-05 0.00000E+00
 1.00000E-04 0.00000E+00
 1.00000E-03 0.00000E+00
 2.00000E-03 0.00000E+00
 4.00000E-03 0.00000E+00
 7.00000E-03 0.00000E+00
 1.00000E-02 0.00000E+00
 2.00000E-02 0.00000E+00
 4.00000E-02 0.00000E+00
 7.00000E-02 0.00000E+00
 1.00000E-01 0.00000E+00
 2.00000E-01 0.00000E+00
 3.00000E-01 0.00000E+00
 4.00000E-01 0.00000E+00
 5.00000E-01 0.00000E+00
 6.00000E-01 0.00000E+00
 7.00000E-01 0.00000E+00
 8.00000E-01 0.00000E+00
 9.00000E-01 0.00000E+00
 1.00000E+00 0.00000E+00
 1.20000E+00 0.00000E+00
 1.40000E+00 0.00000E+00
 1.60000E+00 0.00000E+00
 1.80000E+00 0.00000E+00
 2.00000E+00 0.00000E+00
 2.20000E+00 0.00000E+00
 2.40000E+00 0.00000E+00
 2.60000E+00 0.00000E+00
 2.80000E+00 0.00000E+00
 3.00000E+00 0.00000E+00
 3.20000E+00 0.00000E+00
 3.40000E+00 0.00000E+00
 3.60000E+00 3.51728E-03
 3.80000E+00 1.12179E-02
 4.00000E+00 1.61202E-02
 4.20000E+00 3.29314E-02
 4.40000E+00 6.98070E-02
 4.60000E+00 1.44896E-01
 4.80000E+00 2.06310E-01
 5.00000E+00 3.27121E-01
 5.20000E+00 5.26805E-01
 5.40000E+00 8.91960E-01
 5.60000E+00 1.41157E+00
 5.80000E+00 2.01410E+00
 6.00000E+00 2.57365E+00
 6.20000E+00 3.18056E+00
 6.40000E+00 3.85533E+00
 6.60000E+00 4.57987E+00
 6.80000E+00 5.35749E+00
 7.00000E+00 6.20739E+00
 7.20000E+00 7.10972E+00
 7.40000E+00 8.10662E+00
 7.60000E+00 9.20291E+00
 7.80000E+00 1.04119E+01
 8.00000E+00 1.17689E+01
 8.50000E+00 1.58816E+01
 9.00000E+00 2.11850E+01
 9.50000E+00 2.76426E+01
 1.00000E+01 3.50945E+01
 1.05000E+01 4.33502E+01
 1.10000E+01 5.22791E+01
 1.15000E+01 6.17131E+01
 1.20000E+01 7.11309E+01
 1.25000E+01 8.01443E+01
 1.30000E+01 8.84066E+01
 1.35000E+01 9.58244E+01
 1.40000E+01 1.01936E+02
 1.45000E+01 1.06650E+02
 1.50000E+01 1.10467E+02
 1.60000E+01 1.16082E+02
 1.70000E+01 1.19875E+02
 1.80000E+01 1.23588E+02
 1.90000E+01 1.27490E+02
 2.00000E+01 1.31747E+02
 2.10000E+01 1.34851E+02
 2.20000E+01 1.37293E+02
 2.30000E+01 1.39108E+02
 2.40000E+01 1.39194E+02
 2.50000E+01 1.38659E+02
 2.60000E+01 1.37526E+02
 2.70000E+01 1.36298E+02
 2.80000E+01 1.34396E+02
 2.90000E+01 1.32965E+02
 3.00000E+01 1.30259E+02
 3.20000E+01 1.26425E+02
 3.40000E+01 1.20458E+02
 3.60000E+01 1.16093E+02
 3.80000E+01 1.10789E+02
 4.00000E+01 1.06725E+02
 4.20000E+01 1.00217E+02
 4.40000E+01 9.66436E+01
 4.60000E+01 9.34351E+01
 4.80000E+01 9.01475E+01
 5.00000E+01 9.00445E+01
 5.20000E+01 8.83716E+01
 5.40000E+01 8.36453E+01
 5.60000E+01 7.85633E+01
 5.80000E+01 7.63115E+01
 6.00000E+01 7.45096E+01
