# p + 116Sn: Production of 117Sb - Total
# Q-value    = 4.40255E+00 mass= 116.904842
# E-threshold= 0.00000E+00
# # energies =   103
#     E          xs
 1.00000E-11 0.00000E+00
 2.53000E-08 0.00000E+00
 2.00000E-07 0.00000E+00
 1.00000E-06 0.00000E+00
 1.00000E-05 0.00000E+00
 1.00000E-04 0.00000E+00
 1.00000E-03 0.00000E+00
 2.00000E-03 0.00000E+00
 4.00000E-03 0.00000E+00
 7.00000E-03 0.00000E+00
 1.00000E-02 0.00000E+00
 2.00000E-02 0.00000E+00
 4.00000E-02 0.00000E+00
 7.00000E-02 0.00000E+00
 1.00000E-01 0.00000E+00
 2.00000E-01 0.00000E+00
 3.00000E-01 0.00000E+00
 4.00000E-01 0.00000E+00
 5.00000E-01 0.00000E+00
 6.00000E-01 0.00000E+00
 7.00000E-01 0.00000E+00
 8.00000E-01 0.00000E+00
 9.00000E-01 0.00000E+00
 1.00000E+00 0.00000E+00
 1.20000E+00 0.00000E+00
 1.40000E+00 0.00000E+00
 1.60000E+00 0.00000E+00
 1.80000E+00 1.00000E-07
 2.00000E+00 1.00000E-07
 2.20000E+00 1.00000E-07
 2.40000E+00 3.09401E-03
 2.60000E+00 9.73389E-03
 2.80000E+00 2.66984E-02
 3.00000E+00 6.51893E-02
 3.20000E+00 1.43939E-01
 3.40000E+00 2.91204E-01
 3.60000E+00 5.46268E-01
 3.80000E+00 9.60547E-01
 4.00000E+00 1.59852E+00
 4.20000E+00 2.53912E+00
 4.40000E+00 3.87636E+00
 4.60000E+00 5.71943E+00
 4.80000E+00 8.19384E+00
 5.00000E+00 1.14359E+01
 5.20000E+00 1.55913E+01
 5.40000E+00 2.07985E+01
 5.60000E+00 2.44703E+01
 5.80000E+00 1.73987E+01
 6.00000E+00 1.85293E+01
 6.20000E+00 1.58778E+01
 6.40000E+00 1.37935E+01
 6.60000E+00 1.28206E+01
 6.80000E+00 1.23511E+01
 7.00000E+00 1.21143E+01
 7.20000E+00 1.20089E+01
 7.40000E+00 1.19371E+01
 7.60000E+00 1.18547E+01
 7.80000E+00 1.17758E+01
 8.00000E+00 1.16086E+01
 8.50000E+00 1.09449E+01
 9.00000E+00 9.82867E+00
 9.50000E+00 8.45635E+00
 1.00000E+01 7.08916E+00
 1.05000E+01 5.87534E+00
 1.10000E+01 4.87391E+00
 1.15000E+01 4.08143E+00
 1.20000E+01 3.45393E+00
 1.25000E+01 2.94704E+00
 1.30000E+01 2.56603E+00
 1.35000E+01 2.29986E+00
 1.40000E+01 2.07550E+00
 1.45000E+01 1.92713E+00
 1.50000E+01 1.82060E+00
 1.60000E+01 1.69455E+00
 1.70000E+01 1.62736E+00
 1.80000E+01 1.56406E+00
 1.90000E+01 1.50335E+00
 2.00000E+01 1.41962E+00
 2.10000E+01 1.29521E+00
 2.20000E+01 1.14568E+00
 2.30000E+01 9.97566E-01
 2.40000E+01 8.53326E-01
 2.50000E+01 7.38666E-01
 2.60000E+01 6.37328E-01
 2.70000E+01 5.64193E-01
 2.80000E+01 5.04188E-01
 2.90000E+01 4.53192E-01
 3.00000E+01 4.15376E-01
 3.20000E+01 3.56678E-01
 3.40000E+01 3.12502E-01
 3.60000E+01 2.78715E-01
 3.80000E+01 2.48596E-01
 4.00000E+01 2.22899E-01
 4.20000E+01 2.04103E-01
 4.40000E+01 1.83026E-01
 4.60000E+01 1.70574E-01
 4.80000E+01 1.59057E-01
 5.00000E+01 1.46026E-01
 5.20000E+01 1.35448E-01
 5.40000E+01 1.30165E-01
 5.60000E+01 1.24232E-01
 5.80000E+01 1.18334E-01
 6.00000E+01 1.08836E-01
