# p + 114Sn: Production of 115Sb - Total
# Q-value    = 3.73265E+00 mass= 114.906598
# E-threshold= 0.00000E+00
# # energies =   103
#     E          xs
 1.00000E-11 0.00000E+00
 2.53000E-08 0.00000E+00
 2.00000E-07 0.00000E+00
 1.00000E-06 0.00000E+00
 1.00000E-05 0.00000E+00
 1.00000E-04 0.00000E+00
 1.00000E-03 0.00000E+00
 2.00000E-03 0.00000E+00
 4.00000E-03 0.00000E+00
 7.00000E-03 0.00000E+00
 1.00000E-02 0.00000E+00
 2.00000E-02 0.00000E+00
 4.00000E-02 0.00000E+00
 7.00000E-02 0.00000E+00
 1.00000E-01 0.00000E+00
 2.00000E-01 0.00000E+00
 3.00000E-01 0.00000E+00
 4.00000E-01 0.00000E+00
 5.00000E-01 0.00000E+00
 6.00000E-01 0.00000E+00
 7.00000E-01 0.00000E+00
 8.00000E-01 0.00000E+00
 9.00000E-01 0.00000E+00
 1.00000E+00 0.00000E+00
 1.20000E+00 0.00000E+00
 1.40000E+00 0.00000E+00
 1.60000E+00 0.00000E+00
 1.80000E+00 1.00000E-07
 2.00000E+00 1.00000E-07
 2.20000E+00 1.00000E-07
 2.40000E+00 2.75730E-03
 2.60000E+00 8.51980E-03
 2.80000E+00 2.27612E-02
 3.00000E+00 5.36232E-02
 3.20000E+00 1.13374E-01
 3.40000E+00 2.18826E-01
 3.60000E+00 3.91780E-01
 3.80000E+00 6.59864E-01
 4.00000E+00 1.05760E+00
 4.20000E+00 1.62730E+00
 4.40000E+00 2.41984E+00
 4.60000E+00 3.49438E+00
 4.80000E+00 4.91823E+00
 5.00000E+00 6.76489E+00
 5.20000E+00 9.11057E+00
 5.40000E+00 1.20255E+01
 5.60000E+00 1.55646E+01
 5.80000E+00 1.98360E+01
 6.00000E+00 2.47730E+01
 6.20000E+00 3.04380E+01
 6.40000E+00 3.67642E+01
 6.60000E+00 4.35355E+01
 6.80000E+00 5.07495E+01
 7.00000E+00 4.66035E+01
 7.20000E+00 3.37679E+01
 7.40000E+00 2.95867E+01
 7.60000E+00 2.76221E+01
 7.80000E+00 2.66057E+01
 8.00000E+00 2.60505E+01
 8.50000E+00 2.51672E+01
 9.00000E+00 2.38892E+01
 9.50000E+00 2.19281E+01
 1.00000E+01 1.93315E+01
 1.05000E+01 1.63986E+01
 1.10000E+01 1.35705E+01
 1.15000E+01 1.10633E+01
 1.20000E+01 8.98906E+00
 1.25000E+01 7.32631E+00
 1.30000E+01 6.01195E+00
 1.35000E+01 4.97426E+00
 1.40000E+01 4.16329E+00
 1.45000E+01 3.56340E+00
 1.50000E+01 3.09795E+00
 1.60000E+01 2.49055E+00
 1.70000E+01 2.14808E+00
 1.80000E+01 1.94252E+00
 1.90000E+01 1.78606E+00
 2.00000E+01 1.65928E+00
 2.10000E+01 1.53210E+00
 2.20000E+01 1.39268E+00
 2.30000E+01 1.23243E+00
 2.40000E+01 1.07941E+00
 2.50000E+01 9.29717E-01
 2.60000E+01 8.02424E-01
 2.70000E+01 6.95116E-01
 2.80000E+01 6.11057E-01
 2.90000E+01 5.39622E-01
 3.00000E+01 4.84639E-01
 3.20000E+01 4.05714E-01
 3.40000E+01 3.50709E-01
 3.60000E+01 3.06297E-01
 3.80000E+01 2.75205E-01
 4.00000E+01 2.41912E-01
 4.20000E+01 2.20032E-01
 4.40000E+01 2.01068E-01
 4.60000E+01 1.81942E-01
 4.80000E+01 1.69909E-01
 5.00000E+01 1.58880E-01
 5.20000E+01 1.46418E-01
 5.40000E+01 1.37324E-01
 5.60000E+01 1.32136E-01
 5.80000E+01 1.27778E-01
 6.00000E+01 1.21270E-01
