# p + 118Sn: Production of 116Sn - Total
# Q-value    =-7.78769E+00 mass= 115.901743
# E-threshold= 7.85422E+00
# # energies =   103
#     E          xs
 1.00000E-11 0.00000E+00
 2.53000E-08 0.00000E+00
 2.00000E-07 0.00000E+00
 1.00000E-06 0.00000E+00
 1.00000E-05 0.00000E+00
 1.00000E-04 0.00000E+00
 1.00000E-03 0.00000E+00
 2.00000E-03 0.00000E+00
 4.00000E-03 0.00000E+00
 7.00000E-03 0.00000E+00
 1.00000E-02 0.00000E+00
 2.00000E-02 0.00000E+00
 4.00000E-02 0.00000E+00
 7.00000E-02 0.00000E+00
 1.00000E-01 0.00000E+00
 2.00000E-01 0.00000E+00
 3.00000E-01 0.00000E+00
 4.00000E-01 0.00000E+00
 5.00000E-01 0.00000E+00
 6.00000E-01 0.00000E+00
 7.00000E-01 0.00000E+00
 8.00000E-01 0.00000E+00
 9.00000E-01 0.00000E+00
 1.00000E+00 0.00000E+00
 1.20000E+00 0.00000E+00
 1.40000E+00 0.00000E+00
 1.60000E+00 0.00000E+00
 1.80000E+00 0.00000E+00
 2.00000E+00 0.00000E+00
 2.20000E+00 0.00000E+00
 2.40000E+00 0.00000E+00
 2.60000E+00 0.00000E+00
 2.80000E+00 0.00000E+00
 3.00000E+00 0.00000E+00
 3.20000E+00 0.00000E+00
 3.40000E+00 0.00000E+00
 3.60000E+00 0.00000E+00
 3.80000E+00 0.00000E+00
 4.00000E+00 0.00000E+00
 4.20000E+00 0.00000E+00
 4.40000E+00 0.00000E+00
 4.60000E+00 0.00000E+00
 4.80000E+00 0.00000E+00
 5.00000E+00 0.00000E+00
 5.20000E+00 0.00000E+00
 5.40000E+00 0.00000E+00
 5.60000E+00 0.00000E+00
 5.80000E+00 0.00000E+00
 6.00000E+00 0.00000E+00
 6.20000E+00 0.00000E+00
 6.40000E+00 0.00000E+00
 6.60000E+00 0.00000E+00
 6.80000E+00 0.00000E+00
 7.00000E+00 0.00000E+00
 7.20000E+00 0.00000E+00
 7.40000E+00 0.00000E+00
 7.60000E+00 0.00000E+00
 7.80000E+00 0.00000E+00
 8.00000E+00 0.00000E+00
 8.50000E+00 0.00000E+00
 9.00000E+00 0.00000E+00
 9.50000E+00 0.00000E+00
 1.00000E+01 0.00000E+00
 1.05000E+01 0.00000E+00
 1.10000E+01 0.00000E+00
 1.15000E+01 0.00000E+00
 1.20000E+01 0.00000E+00
 1.25000E+01 0.00000E+00
 1.30000E+01 0.00000E+00
 1.35000E+01 0.00000E+00
 1.40000E+01 0.00000E+00
 1.45000E+01 0.00000E+00
 1.50000E+01 1.53602E-03
 1.60000E+01 5.51160E-03
 1.70000E+01 1.98156E-02
 1.80000E+01 6.07618E-02
 1.90000E+01 1.52162E-01
 2.00000E+01 4.52089E-01
 2.10000E+01 2.03615E+00
 2.20000E+01 6.76134E+00
 2.30000E+01 1.41685E+01
 2.40000E+01 2.01703E+01
 2.50000E+01 2.46961E+01
 2.60000E+01 2.95557E+01
 2.70000E+01 3.62936E+01
 2.80000E+01 4.58011E+01
 2.90000E+01 5.76209E+01
 3.00000E+01 7.19774E+01
 3.20000E+01 1.04453E+02
 3.40000E+01 1.39565E+02
 3.60000E+01 1.70498E+02
 3.80000E+01 1.96287E+02
 4.00000E+01 2.16194E+02
 4.20000E+01 2.25052E+02
 4.40000E+01 2.34699E+02
 4.60000E+01 2.35943E+02
 4.80000E+01 2.40368E+02
 5.00000E+01 2.36565E+02
 5.20000E+01 2.38002E+02
 5.40000E+01 2.36267E+02
 5.60000E+01 2.29715E+02
 5.80000E+01 2.25592E+02
 6.00000E+01 2.25771E+02
