# p + 120Sn: Production of 121Sb - Total
# Q-value    = 5.79038E+00 mass= 120.903811
# E-threshold= 0.00000E+00
# # energies =   103
#     E          xs
 1.00000E-11 0.00000E+00
 2.53000E-08 0.00000E+00
 2.00000E-07 0.00000E+00
 1.00000E-06 0.00000E+00
 1.00000E-05 0.00000E+00
 1.00000E-04 0.00000E+00
 1.00000E-03 0.00000E+00
 2.00000E-03 0.00000E+00
 4.00000E-03 0.00000E+00
 7.00000E-03 0.00000E+00
 1.00000E-02 0.00000E+00
 2.00000E-02 0.00000E+00
 4.00000E-02 0.00000E+00
 7.00000E-02 0.00000E+00
 1.00000E-01 0.00000E+00
 2.00000E-01 0.00000E+00
 3.00000E-01 0.00000E+00
 4.00000E-01 0.00000E+00
 5.00000E-01 0.00000E+00
 6.00000E-01 0.00000E+00
 7.00000E-01 0.00000E+00
 8.00000E-01 0.00000E+00
 9.00000E-01 0.00000E+00
 1.00000E+00 0.00000E+00
 1.20000E+00 0.00000E+00
 1.40000E+00 0.00000E+00
 1.60000E+00 0.00000E+00
 1.80000E+00 1.00000E-07
 2.00000E+00 1.00000E-07
 2.20000E+00 1.09326E-03
 2.40000E+00 4.02995E-03
 2.60000E+00 1.26243E-02
 2.80000E+00 3.46493E-02
 3.00000E+00 8.51783E-02
 3.20000E+00 1.90716E-01
 3.40000E+00 3.94149E-01
 3.60000E+00 3.05770E-01
 3.80000E+00 2.14976E-01
 4.00000E+00 1.82717E-01
 4.20000E+00 1.99654E-01
 4.40000E+00 2.40920E-01
 4.60000E+00 3.00876E-01
 4.80000E+00 3.78383E-01
 5.00000E+00 4.74571E-01
 5.20000E+00 5.91171E-01
 5.40000E+00 7.19315E-01
 5.60000E+00 8.59991E-01
 5.80000E+00 1.01604E+00
 6.00000E+00 1.15512E+00
 6.20000E+00 1.30123E+00
 6.40000E+00 1.41939E+00
 6.60000E+00 1.52622E+00
 6.80000E+00 1.60628E+00
 7.00000E+00 1.66813E+00
 7.20000E+00 1.70492E+00
 7.40000E+00 1.73539E+00
 7.60000E+00 1.72477E+00
 7.80000E+00 1.73086E+00
 8.00000E+00 1.67632E+00
 8.50000E+00 1.55886E+00
 9.00000E+00 1.42148E+00
 9.50000E+00 1.30476E+00
 1.00000E+01 1.21765E+00
 1.05000E+01 1.14398E+00
 1.10000E+01 1.11338E+00
 1.15000E+01 1.11664E+00
 1.20000E+01 1.12395E+00
 1.25000E+01 1.15156E+00
 1.30000E+01 1.18065E+00
 1.35000E+01 1.21448E+00
 1.40000E+01 1.24353E+00
 1.45000E+01 1.27425E+00
 1.50000E+01 1.29897E+00
 1.60000E+01 1.32244E+00
 1.70000E+01 1.31161E+00
 1.80000E+01 1.23836E+00
 1.90000E+01 1.13049E+00
 2.00000E+01 9.82332E-01
 2.10000E+01 8.45155E-01
 2.20000E+01 7.21738E-01
 2.30000E+01 6.32505E-01
 2.40000E+01 5.42029E-01
 2.50000E+01 4.91497E-01
 2.60000E+01 4.36608E-01
 2.70000E+01 4.00780E-01
 2.80000E+01 3.78159E-01
 2.90000E+01 3.45025E-01
 3.00000E+01 3.24323E-01
 3.20000E+01 2.94682E-01
 3.40000E+01 2.60243E-01
 3.60000E+01 2.36641E-01
 3.80000E+01 2.03619E-01
 4.00000E+01 1.90770E-01
 4.20000E+01 1.77766E-01
 4.40000E+01 1.55701E-01
 4.60000E+01 1.46956E-01
 4.80000E+01 1.41485E-01
 5.00000E+01 1.34194E-01
 5.20000E+01 1.17700E-01
 5.40000E+01 1.13080E-01
 5.60000E+01 1.10787E-01
 5.80000E+01 1.08764E-01
 6.00000E+01 1.07196E-01
