# p + 119Sn: Production of 117Sn - Level  2     0.31458 MeV
# Q-value    =-7.64265E+00 mass= 116.902954
# E-threshold= 7.70739E+00
# # energies =   103
#     E          xs      Branching
 1.00000E-11 0.00000E+00 0.00000E+00
 2.53000E-08 0.00000E+00 0.00000E+00
 2.00000E-07 0.00000E+00 0.00000E+00
 1.00000E-06 0.00000E+00 0.00000E+00
 1.00000E-05 0.00000E+00 0.00000E+00
 1.00000E-04 0.00000E+00 0.00000E+00
 1.00000E-03 0.00000E+00 0.00000E+00
 2.00000E-03 0.00000E+00 0.00000E+00
 4.00000E-03 0.00000E+00 0.00000E+00
 7.00000E-03 0.00000E+00 0.00000E+00
 1.00000E-02 0.00000E+00 0.00000E+00
 2.00000E-02 0.00000E+00 0.00000E+00
 4.00000E-02 0.00000E+00 0.00000E+00
 7.00000E-02 0.00000E+00 0.00000E+00
 1.00000E-01 0.00000E+00 0.00000E+00
 2.00000E-01 0.00000E+00 0.00000E+00
 3.00000E-01 0.00000E+00 0.00000E+00
 4.00000E-01 0.00000E+00 0.00000E+00
 5.00000E-01 0.00000E+00 0.00000E+00
 6.00000E-01 0.00000E+00 0.00000E+00
 7.00000E-01 0.00000E+00 0.00000E+00
 8.00000E-01 0.00000E+00 0.00000E+00
 9.00000E-01 0.00000E+00 0.00000E+00
 1.00000E+00 0.00000E+00 0.00000E+00
 1.20000E+00 0.00000E+00 0.00000E+00
 1.40000E+00 0.00000E+00 0.00000E+00
 1.60000E+00 0.00000E+00 0.00000E+00
 1.80000E+00 0.00000E+00 0.00000E+00
 2.00000E+00 0.00000E+00 0.00000E+00
 2.20000E+00 0.00000E+00 0.00000E+00
 2.40000E+00 0.00000E+00 0.00000E+00
 2.60000E+00 0.00000E+00 0.00000E+00
 2.80000E+00 0.00000E+00 0.00000E+00
 3.00000E+00 0.00000E+00 0.00000E+00
 3.20000E+00 0.00000E+00 0.00000E+00
 3.40000E+00 0.00000E+00 0.00000E+00
 3.60000E+00 0.00000E+00 0.00000E+00
 3.80000E+00 0.00000E+00 0.00000E+00
 4.00000E+00 0.00000E+00 0.00000E+00
 4.20000E+00 0.00000E+00 0.00000E+00
 4.40000E+00 0.00000E+00 0.00000E+00
 4.60000E+00 0.00000E+00 0.00000E+00
 4.80000E+00 0.00000E+00 0.00000E+00
 5.00000E+00 0.00000E+00 0.00000E+00
 5.20000E+00 0.00000E+00 0.00000E+00
 5.40000E+00 0.00000E+00 0.00000E+00
 5.60000E+00 0.00000E+00 0.00000E+00
 5.80000E+00 0.00000E+00 0.00000E+00
 6.00000E+00 0.00000E+00 0.00000E+00
 6.20000E+00 0.00000E+00 0.00000E+00
 6.40000E+00 0.00000E+00 0.00000E+00
 6.60000E+00 0.00000E+00 0.00000E+00
 6.80000E+00 0.00000E+00 0.00000E+00
 7.00000E+00 0.00000E+00 0.00000E+00
 7.20000E+00 0.00000E+00 0.00000E+00
 7.40000E+00 0.00000E+00 0.00000E+00
 7.60000E+00 0.00000E+00 0.00000E+00
 7.80000E+00 0.00000E+00 0.00000E+00
 8.00000E+00 0.00000E+00 0.00000E+00
 8.50000E+00 0.00000E+00 0.00000E+00
 9.00000E+00 0.00000E+00 0.00000E+00
 9.50000E+00 0.00000E+00 0.00000E+00
 1.00000E+01 0.00000E+00 0.00000E+00
 1.05000E+01 0.00000E+00 0.00000E+00
 1.10000E+01 0.00000E+00 0.00000E+00
 1.15000E+01 0.00000E+00 0.00000E+00
 1.20000E+01 0.00000E+00 0.00000E+00
 1.25000E+01 0.00000E+00 0.00000E+00
 1.30000E+01 0.00000E+00 0.00000E+00
 1.35000E+01 0.00000E+00 0.00000E+00
 1.40000E+01 0.00000E+00 0.00000E+00
 1.45000E+01 5.41944E-04 2.83593E-01
 1.50000E+01 1.78794E-03 3.02868E-01
 1.60000E+01 1.19359E-02 3.47066E-01
 1.70000E+01 4.68307E-02 3.99455E-01
 1.80000E+01 1.26295E-01 4.51243E-01
 1.90000E+01 2.66249E-01 4.93774E-01
 2.00000E+01 5.11421E-01 5.24472E-01
 2.10000E+01 1.03445E+00 5.46894E-01
 2.20000E+01 2.16752E+00 5.54076E-01
 2.30000E+01 4.16116E+00 5.54505E-01
 2.40000E+01 7.24445E+00 5.61464E-01
 2.50000E+01 1.15459E+01 5.76206E-01
 2.60000E+01 1.71554E+01 5.92695E-01
 2.70000E+01 2.43628E+01 6.14579E-01
 2.80000E+01 3.18353E+01 6.23536E-01
 2.90000E+01 4.19438E+01 6.43653E-01
 3.00000E+01 5.24262E+01 6.56033E-01
 3.20000E+01 7.73135E+01 6.84798E-01
 3.40000E+01 9.91711E+01 6.98412E-01
 3.60000E+01 1.20777E+02 7.13930E-01
 3.80000E+01 1.36053E+02 7.18980E-01
 4.00000E+01 1.44188E+02 7.15332E-01
 4.20000E+01 1.52725E+02 7.19084E-01
 4.40000E+01 1.57223E+02 7.13175E-01
 4.60000E+01 1.58967E+02 7.10293E-01
 4.80000E+01 1.57531E+02 7.12030E-01
 5.00000E+01 1.32832E+02 5.98959E-01
 5.20000E+01 1.22957E+02 5.47379E-01
 5.40000E+01 1.16922E+02 5.40758E-01
 5.60000E+01 1.14879E+02 5.42172E-01
 5.80000E+01 1.19280E+02 5.45198E-01
 6.00000E+01 1.14047E+02 5.45507E-01
