# p + 122Sn: Production of 122Sb - Total
# Q-value    =-2.38810E+00 mass= 121.905169
# E-threshold= 2.40783E+00
# # energies =   103
#     E          xs
 1.00000E-11 0.00000E+00
 2.53000E-08 0.00000E+00
 2.00000E-07 0.00000E+00
 1.00000E-06 0.00000E+00
 1.00000E-05 0.00000E+00
 1.00000E-04 0.00000E+00
 1.00000E-03 0.00000E+00
 2.00000E-03 0.00000E+00
 4.00000E-03 0.00000E+00
 7.00000E-03 0.00000E+00
 1.00000E-02 0.00000E+00
 2.00000E-02 0.00000E+00
 4.00000E-02 0.00000E+00
 7.00000E-02 0.00000E+00
 1.00000E-01 0.00000E+00
 2.00000E-01 0.00000E+00
 3.00000E-01 0.00000E+00
 4.00000E-01 0.00000E+00
 5.00000E-01 0.00000E+00
 6.00000E-01 0.00000E+00
 7.00000E-01 0.00000E+00
 8.00000E-01 0.00000E+00
 9.00000E-01 0.00000E+00
 1.00000E+00 0.00000E+00
 1.20000E+00 0.00000E+00
 1.40000E+00 0.00000E+00
 1.60000E+00 0.00000E+00
 1.80000E+00 0.00000E+00
 2.00000E+00 0.00000E+00
 2.20000E+00 0.00000E+00
 2.40000E+00 0.00000E+00
 2.60000E+00 1.14381E-02
 2.80000E+00 3.80949E-02
 3.00000E+00 9.75725E-02
 3.20000E+00 2.21908E-01
 3.40000E+00 4.62495E-01
 3.60000E+00 8.96252E-01
 3.80000E+00 1.63064E+00
 4.00000E+00 2.80674E+00
 4.20000E+00 4.59846E+00
 4.40000E+00 7.20628E+00
 4.60000E+00 1.08467E+01
 4.80000E+00 1.57392E+01
 5.00000E+00 2.20821E+01
 5.20000E+00 3.00425E+01
 5.40000E+00 3.97359E+01
 5.60000E+00 5.12187E+01
 5.80000E+00 6.44998E+01
 6.00000E+00 7.95270E+01
 6.20000E+00 9.62365E+01
 6.40000E+00 1.14528E+02
 6.60000E+00 1.34317E+02
 6.80000E+00 1.55519E+02
 7.00000E+00 1.78041E+02
 7.20000E+00 2.01837E+02
 7.40000E+00 2.26792E+02
 7.60000E+00 2.52869E+02
 7.80000E+00 2.79943E+02
 8.00000E+00 3.07876E+02
 8.50000E+00 3.80679E+02
 9.00000E+00 4.55601E+02
 9.50000E+00 5.04573E+02
 1.00000E+01 4.71452E+02
 1.05000E+01 3.92363E+02
 1.10000E+01 3.17545E+02
 1.15000E+01 2.59907E+02
 1.20000E+01 2.06363E+02
 1.25000E+01 1.72493E+02
 1.30000E+01 1.41299E+02
 1.35000E+01 1.20713E+02
 1.40000E+01 1.05458E+02
 1.45000E+01 9.36995E+01
 1.50000E+01 8.46809E+01
 1.60000E+01 7.36022E+01
 1.70000E+01 6.66238E+01
 1.80000E+01 6.24378E+01
 1.90000E+01 5.95969E+01
 2.00000E+01 5.68245E+01
 2.10000E+01 5.40918E+01
 2.20000E+01 5.15706E+01
 2.30000E+01 5.04641E+01
 2.40000E+01 4.76372E+01
 2.50000E+01 4.54562E+01
 2.60000E+01 4.38373E+01
 2.70000E+01 4.20232E+01
 2.80000E+01 4.00169E+01
 2.90000E+01 3.90535E+01
 3.00000E+01 3.64565E+01
 3.20000E+01 3.44455E+01
 3.40000E+01 3.08174E+01
 3.60000E+01 2.85699E+01
 3.80000E+01 2.61747E+01
 4.00000E+01 2.45668E+01
 4.20000E+01 2.19296E+01
 4.40000E+01 2.04613E+01
 4.60000E+01 1.95923E+01
 4.80000E+01 1.76541E+01
 5.00000E+01 1.60394E+01
 5.20000E+01 1.52210E+01
 5.40000E+01 1.47060E+01
 5.60000E+01 1.39196E+01
 5.80000E+01 1.17554E+01
 6.00000E+01 1.10004E+01
