# p + 118Sn: Production of 118Sb - Level  7     0.25000 MeV
# Q-value    =-4.68899E+00 mass= 117.905532
# E-threshold= 4.72905E+00
# # energies =   103
#     E          xs      Branching
 1.00000E-11 0.00000E+00 0.00000E+00
 2.53000E-08 0.00000E+00 0.00000E+00
 2.00000E-07 0.00000E+00 0.00000E+00
 1.00000E-06 0.00000E+00 0.00000E+00
 1.00000E-05 0.00000E+00 0.00000E+00
 1.00000E-04 0.00000E+00 0.00000E+00
 1.00000E-03 0.00000E+00 0.00000E+00
 2.00000E-03 0.00000E+00 0.00000E+00
 4.00000E-03 0.00000E+00 0.00000E+00
 7.00000E-03 0.00000E+00 0.00000E+00
 1.00000E-02 0.00000E+00 0.00000E+00
 2.00000E-02 0.00000E+00 0.00000E+00
 4.00000E-02 0.00000E+00 0.00000E+00
 7.00000E-02 0.00000E+00 0.00000E+00
 1.00000E-01 0.00000E+00 0.00000E+00
 2.00000E-01 0.00000E+00 0.00000E+00
 3.00000E-01 0.00000E+00 0.00000E+00
 4.00000E-01 0.00000E+00 0.00000E+00
 5.00000E-01 0.00000E+00 0.00000E+00
 6.00000E-01 0.00000E+00 0.00000E+00
 7.00000E-01 0.00000E+00 0.00000E+00
 8.00000E-01 0.00000E+00 0.00000E+00
 9.00000E-01 0.00000E+00 0.00000E+00
 1.00000E+00 0.00000E+00 0.00000E+00
 1.20000E+00 0.00000E+00 0.00000E+00
 1.40000E+00 0.00000E+00 0.00000E+00
 1.60000E+00 0.00000E+00 0.00000E+00
 1.80000E+00 0.00000E+00 0.00000E+00
 2.00000E+00 0.00000E+00 0.00000E+00
 2.20000E+00 0.00000E+00 0.00000E+00
 2.40000E+00 0.00000E+00 0.00000E+00
 2.60000E+00 0.00000E+00 0.00000E+00
 2.80000E+00 0.00000E+00 0.00000E+00
 3.00000E+00 0.00000E+00 0.00000E+00
 3.20000E+00 0.00000E+00 0.00000E+00
 3.40000E+00 0.00000E+00 0.00000E+00
 3.60000E+00 0.00000E+00 0.00000E+00
 3.80000E+00 0.00000E+00 0.00000E+00
 4.00000E+00 0.00000E+00 0.00000E+00
 4.20000E+00 0.00000E+00 0.00000E+00
 4.40000E+00 0.00000E+00 0.00000E+00
 4.60000E+00 0.00000E+00 0.00000E+00
 4.80000E+00 1.11185E-04 1.04220E-05
 5.00000E+00 6.06596E-04 3.53974E-05
 5.20000E+00 2.17271E-03 8.74209E-05
 5.40000E+00 5.64154E-03 1.64329E-04
 5.60000E+00 1.26046E-02 2.75298E-04
 5.80000E+00 2.48227E-02 4.18791E-04
 6.00000E+00 4.46831E-02 5.97950E-04
 6.20000E+00 7.49634E-02 8.14479E-04
 6.40000E+00 1.18945E-01 1.07171E-03
 6.60000E+00 1.80218E-01 1.37233E-03
 6.80000E+00 2.62305E-01 1.71557E-03
 7.00000E+00 3.78865E-01 2.15954E-03
 7.20000E+00 5.18944E-01 2.60972E-03
 7.40000E+00 6.95139E-01 3.11706E-03
 7.60000E+00 9.11489E-01 3.67839E-03
 7.80000E+00 1.17372E+00 4.29637E-03
 8.00000E+00 1.48749E+00 4.97378E-03
 8.50000E+00 2.54079E+00 6.95106E-03
 9.00000E+00 4.05569E+00 9.35623E-03
 9.50000E+00 6.14885E+00 1.22621E-02
 1.00000E+01 8.93906E+00 1.57298E-02
 1.05000E+01 1.24931E+01 1.97346E-02
 1.10000E+01 1.68437E+01 2.42337E-02
 1.15000E+01 2.19687E+01 2.91580E-02
 1.20000E+01 2.77978E+01 3.45547E-02
 1.25000E+01 3.38454E+01 4.41005E-02
 1.30000E+01 3.93310E+01 5.79889E-02
 1.35000E+01 4.39145E+01 7.66110E-02
 1.40000E+01 4.67825E+01 9.94118E-02
 1.45000E+01 4.78528E+01 1.24845E-01
 1.50000E+01 4.75484E+01 1.50656E-01
 1.60000E+01 4.48712E+01 2.07707E-01
 1.70000E+01 4.14749E+01 2.63096E-01
 1.80000E+01 3.80660E+01 3.10433E-01
 1.90000E+01 3.52233E+01 3.47100E-01
 2.00000E+01 3.28199E+01 3.71687E-01
 2.10000E+01 3.08633E+01 3.88008E-01
 2.20000E+01 2.93733E+01 3.98204E-01
 2.30000E+01 2.80581E+01 4.04116E-01
 2.40000E+01 2.69443E+01 4.07322E-01
 2.50000E+01 2.57698E+01 4.10943E-01
 2.60000E+01 2.48042E+01 4.16152E-01
 2.70000E+01 2.37561E+01 4.14674E-01
 2.80000E+01 2.27723E+01 4.17715E-01
 2.90000E+01 2.19727E+01 4.19023E-01
 3.00000E+01 2.09464E+01 4.19018E-01
 3.20000E+01 1.93674E+01 4.22415E-01
 3.40000E+01 1.41165E+01 3.34168E-01
 3.60000E+01 1.29996E+01 3.32630E-01
 3.80000E+01 1.16102E+01 3.30969E-01
 4.00000E+01 1.06045E+01 3.27095E-01
 4.20000E+01 9.19206E+00 3.08449E-01
 4.40000E+01 8.42033E+00 3.04091E-01
 4.60000E+01 7.62528E+00 2.92477E-01
 4.80000E+01 7.08656E+00 2.96898E-01
 5.00000E+01 6.33756E+00 2.91710E-01
 5.20000E+01 6.03297E+00 2.90133E-01
 5.40000E+01 5.60058E+00 2.93711E-01
 5.60000E+01 4.87539E+00 2.84330E-01
 5.80000E+01 4.60386E+00 2.82987E-01
 6.00000E+01 4.47768E+00 2.84293E-01
