# p + 124Sn: Production of 123Sn - Level  1     0.02460 MeV
# Q-value    =-6.28814E+00 mass= 122.905727
# E-threshold= 6.33926E+00
# # energies =   103
#     E          xs      Branching
 1.00000E-11 0.00000E+00 0.00000E+00
 2.53000E-08 0.00000E+00 0.00000E+00
 2.00000E-07 0.00000E+00 0.00000E+00
 1.00000E-06 0.00000E+00 0.00000E+00
 1.00000E-05 0.00000E+00 0.00000E+00
 1.00000E-04 0.00000E+00 0.00000E+00
 1.00000E-03 0.00000E+00 0.00000E+00
 2.00000E-03 0.00000E+00 0.00000E+00
 4.00000E-03 0.00000E+00 0.00000E+00
 7.00000E-03 0.00000E+00 0.00000E+00
 1.00000E-02 0.00000E+00 0.00000E+00
 2.00000E-02 0.00000E+00 0.00000E+00
 4.00000E-02 0.00000E+00 0.00000E+00
 7.00000E-02 0.00000E+00 0.00000E+00
 1.00000E-01 0.00000E+00 0.00000E+00
 2.00000E-01 0.00000E+00 0.00000E+00
 3.00000E-01 0.00000E+00 0.00000E+00
 4.00000E-01 0.00000E+00 0.00000E+00
 5.00000E-01 0.00000E+00 0.00000E+00
 6.00000E-01 0.00000E+00 0.00000E+00
 7.00000E-01 0.00000E+00 0.00000E+00
 8.00000E-01 0.00000E+00 0.00000E+00
 9.00000E-01 0.00000E+00 0.00000E+00
 1.00000E+00 0.00000E+00 0.00000E+00
 1.20000E+00 0.00000E+00 0.00000E+00
 1.40000E+00 0.00000E+00 0.00000E+00
 1.60000E+00 0.00000E+00 0.00000E+00
 1.80000E+00 0.00000E+00 0.00000E+00
 2.00000E+00 0.00000E+00 0.00000E+00
 2.20000E+00 0.00000E+00 0.00000E+00
 2.40000E+00 0.00000E+00 0.00000E+00
 2.60000E+00 0.00000E+00 0.00000E+00
 2.80000E+00 0.00000E+00 0.00000E+00
 3.00000E+00 0.00000E+00 0.00000E+00
 3.20000E+00 0.00000E+00 0.00000E+00
 3.40000E+00 0.00000E+00 0.00000E+00
 3.60000E+00 0.00000E+00 0.00000E+00
 3.80000E+00 0.00000E+00 0.00000E+00
 4.00000E+00 0.00000E+00 0.00000E+00
 4.20000E+00 0.00000E+00 0.00000E+00
 4.40000E+00 0.00000E+00 0.00000E+00
 4.60000E+00 0.00000E+00 0.00000E+00
 4.80000E+00 0.00000E+00 0.00000E+00
 5.00000E+00 0.00000E+00 0.00000E+00
 5.20000E+00 0.00000E+00 0.00000E+00
 5.40000E+00 0.00000E+00 0.00000E+00
 5.60000E+00 0.00000E+00 0.00000E+00
 5.80000E+00 0.00000E+00 0.00000E+00
 6.00000E+00 0.00000E+00 0.00000E+00
 6.20000E+00 0.00000E+00 0.00000E+00
 6.40000E+00 0.00000E+00 0.00000E+00
 6.60000E+00 0.00000E+00 0.00000E+00
 6.80000E+00 0.00000E+00 0.00000E+00
 7.00000E+00 0.00000E+00 0.00000E+00
 7.20000E+00 0.00000E+00 0.00000E+00
 7.40000E+00 0.00000E+00 0.00000E+00
 7.60000E+00 0.00000E+00 0.00000E+00
 7.80000E+00 0.00000E+00 0.00000E+00
 8.00000E+00 0.00000E+00 0.00000E+00
 8.50000E+00 0.00000E+00 0.00000E+00
 9.00000E+00 0.00000E+00 0.00000E+00
 9.50000E+00 0.00000E+00 0.00000E+00
 1.00000E+01 0.00000E+00 0.00000E+00
 1.05000E+01 0.00000E+00 0.00000E+00
 1.10000E+01 8.03902E-04 3.96392E-01
 1.15000E+01 2.89360E-03 4.14154E-01
 1.20000E+01 9.69735E-03 4.44452E-01
 1.25000E+01 2.64610E-02 4.55976E-01
 1.30000E+01 6.44538E-02 4.46658E-01
 1.35000E+01 1.41674E-01 4.17077E-01
 1.40000E+01 2.84347E-01 4.02181E-01
 1.45000E+01 5.26038E-01 3.88153E-01
 1.50000E+01 9.01760E-01 3.70779E-01
 1.60000E+01 2.14648E+00 3.53653E-01
 1.70000E+01 4.18292E+00 3.43934E-01
 1.80000E+01 6.87036E+00 3.32812E-01
 1.90000E+01 1.02461E+01 3.23883E-01
 2.00000E+01 1.38967E+01 3.13490E-01
 2.10000E+01 1.83307E+01 3.11137E-01
 2.20000E+01 2.33078E+01 3.07707E-01
 2.30000E+01 2.73942E+01 2.99901E-01
 2.40000E+01 3.19767E+01 2.97430E-01
 2.50000E+01 3.54487E+01 2.90739E-01
 2.60000E+01 3.97340E+01 2.92297E-01
 2.70000E+01 4.21761E+01 2.88270E-01
 2.80000E+01 4.62052E+01 2.87047E-01
 2.90000E+01 5.02594E+01 3.01101E-01
 3.00000E+01 5.17343E+01 2.99619E-01
 3.20000E+01 5.43695E+01 2.97535E-01
 3.40000E+01 5.59442E+01 2.95709E-01
 3.60000E+01 5.80907E+01 2.97608E-01
 3.80000E+01 5.61437E+01 2.93411E-01
 4.00000E+01 5.76296E+01 2.91586E-01
 4.20000E+01 5.57407E+01 2.89396E-01
 4.40000E+01 5.54155E+01 2.84778E-01
 4.60000E+01 5.19538E+01 2.83597E-01
 4.80000E+01 5.47983E+01 2.87649E-01
 5.00000E+01 5.18654E+01 2.89803E-01
 5.20000E+01 4.99339E+01 2.84096E-01
 5.40000E+01 4.95745E+01 2.80359E-01
 5.60000E+01 4.92354E+01 2.77558E-01
 5.80000E+01 4.66921E+01 2.82595E-01
 6.00000E+01 4.58392E+01 2.77122E-01
