# p + 122Sn: Production of 122Sb - Level  5     0.16356 MeV
# Q-value    =-2.55166E+00 mass= 121.905169
# E-threshold= 2.57274E+00
# # energies =   103
#     E          xs      Branching
 1.00000E-11 0.00000E+00 0.00000E+00
 2.53000E-08 0.00000E+00 0.00000E+00
 2.00000E-07 0.00000E+00 0.00000E+00
 1.00000E-06 0.00000E+00 0.00000E+00
 1.00000E-05 0.00000E+00 0.00000E+00
 1.00000E-04 0.00000E+00 0.00000E+00
 1.00000E-03 0.00000E+00 0.00000E+00
 2.00000E-03 0.00000E+00 0.00000E+00
 4.00000E-03 0.00000E+00 0.00000E+00
 7.00000E-03 0.00000E+00 0.00000E+00
 1.00000E-02 0.00000E+00 0.00000E+00
 2.00000E-02 0.00000E+00 0.00000E+00
 4.00000E-02 0.00000E+00 0.00000E+00
 7.00000E-02 0.00000E+00 0.00000E+00
 1.00000E-01 0.00000E+00 0.00000E+00
 2.00000E-01 0.00000E+00 0.00000E+00
 3.00000E-01 0.00000E+00 0.00000E+00
 4.00000E-01 0.00000E+00 0.00000E+00
 5.00000E-01 0.00000E+00 0.00000E+00
 6.00000E-01 0.00000E+00 0.00000E+00
 7.00000E-01 0.00000E+00 0.00000E+00
 8.00000E-01 0.00000E+00 0.00000E+00
 9.00000E-01 0.00000E+00 0.00000E+00
 1.00000E+00 0.00000E+00 0.00000E+00
 1.20000E+00 0.00000E+00 0.00000E+00
 1.40000E+00 0.00000E+00 0.00000E+00
 1.60000E+00 0.00000E+00 0.00000E+00
 1.80000E+00 0.00000E+00 0.00000E+00
 2.00000E+00 0.00000E+00 0.00000E+00
 2.20000E+00 0.00000E+00 0.00000E+00
 2.40000E+00 0.00000E+00 0.00000E+00
 2.60000E+00 1.96465E-11 1.71764E-09
 2.80000E+00 2.86082E-08 7.50972E-07
 3.00000E+00 2.41774E-06 2.47789E-05
 3.20000E+00 1.41550E-05 6.37874E-05
 3.40000E+00 6.57060E-05 1.42068E-04
 3.60000E+00 2.10492E-04 2.34858E-04
 3.80000E+00 5.67422E-04 3.47974E-04
 4.00000E+00 1.36878E-03 4.87676E-04
 4.20000E+00 3.03199E-03 6.59349E-04
 4.40000E+00 6.20482E-03 8.61029E-04
 4.60000E+00 1.19099E-02 1.09802E-03
 4.80000E+00 2.16309E-02 1.37433E-03
 5.00000E+00 3.75031E-02 1.69835E-03
 5.20000E+00 6.19116E-02 2.06080E-03
 5.40000E+00 9.84197E-02 2.47685E-03
 5.60000E+00 1.50867E-01 2.94554E-03
 5.80000E+00 2.24034E-01 3.47341E-03
 6.00000E+00 3.22986E-01 4.06133E-03
 6.20000E+00 4.53856E-01 4.71604E-03
 6.40000E+00 6.22442E-01 5.43485E-03
 6.60000E+00 8.36847E-01 6.23039E-03
 6.80000E+00 1.10413E+00 7.09968E-03
 7.00000E+00 1.43999E+00 8.08797E-03
 7.20000E+00 1.83216E+00 9.07742E-03
 7.40000E+00 2.30464E+00 1.01619E-02
 7.60000E+00 2.88757E+00 1.14193E-02
 7.80000E+00 3.54403E+00 1.26598E-02
 8.00000E+00 4.33560E+00 1.40823E-02
 8.50000E+00 6.82201E+00 1.79206E-02
 9.00000E+00 1.01912E+01 2.23687E-02
 9.50000E+00 1.44616E+01 2.86611E-02
 1.00000E+01 1.88783E+01 4.00430E-02
 1.05000E+01 2.30551E+01 5.87596E-02
 1.10000E+01 2.65727E+01 8.36816E-02
 1.15000E+01 2.92579E+01 1.12570E-01
 1.20000E+01 3.09287E+01 1.49875E-01
 1.25000E+01 3.19922E+01 1.85470E-01
 1.30000E+01 3.23389E+01 2.28870E-01
 1.35000E+01 3.23068E+01 2.67633E-01
 1.40000E+01 3.19894E+01 3.03338E-01
 1.45000E+01 3.14679E+01 3.35839E-01
 1.50000E+01 3.07913E+01 3.63616E-01
 1.60000E+01 2.94532E+01 4.00167E-01
 1.70000E+01 2.83066E+01 4.24873E-01
 1.80000E+01 2.70750E+01 4.33631E-01
 1.90000E+01 2.63235E+01 4.41693E-01
 2.00000E+01 2.53923E+01 4.46856E-01
 2.10000E+01 2.44272E+01 4.51589E-01
 2.20000E+01 2.34763E+01 4.55226E-01
 2.30000E+01 2.28313E+01 4.52427E-01
 2.40000E+01 2.18980E+01 4.59682E-01
 2.50000E+01 2.08717E+01 4.59161E-01
 2.60000E+01 2.01827E+01 4.60400E-01
 2.70000E+01 1.93994E+01 4.61635E-01
 2.80000E+01 1.84614E+01 4.61340E-01
 2.90000E+01 1.77960E+01 4.55683E-01
 3.00000E+01 1.69258E+01 4.64274E-01
 3.20000E+01 1.56987E+01 4.55755E-01
 3.40000E+01 1.42879E+01 4.63632E-01
 3.60000E+01 1.30492E+01 4.56748E-01
 3.80000E+01 1.22484E+01 4.67950E-01
 4.00000E+01 1.11837E+01 4.55235E-01
 4.20000E+01 1.02502E+01 4.67413E-01
 4.40000E+01 9.27124E+00 4.53111E-01
 4.60000E+01 8.71822E+00 4.44981E-01
 4.80000E+01 8.20338E+00 4.64673E-01
 5.00000E+01 7.36081E+00 4.58921E-01
 5.20000E+01 6.91242E+00 4.54137E-01
 5.40000E+01 6.56772E+00 4.46602E-01
 5.60000E+01 6.29546E+00 4.52273E-01
 5.80000E+01 5.38831E+00 4.58367E-01
 6.00000E+01 4.98810E+00 4.53449E-01
