# p + 122Sn: Production of 121Sn - Ground state
# Q-value    =-6.59008E+00 mass= 120.904243
# E-threshold= 6.64453E+00
# # energies =   103
#     E          xs      Branching
 1.00000E-11 0.00000E+00 0.00000E+00
 2.53000E-08 0.00000E+00 0.00000E+00
 2.00000E-07 0.00000E+00 0.00000E+00
 1.00000E-06 0.00000E+00 0.00000E+00
 1.00000E-05 0.00000E+00 0.00000E+00
 1.00000E-04 0.00000E+00 0.00000E+00
 1.00000E-03 0.00000E+00 0.00000E+00
 2.00000E-03 0.00000E+00 0.00000E+00
 4.00000E-03 0.00000E+00 0.00000E+00
 7.00000E-03 0.00000E+00 0.00000E+00
 1.00000E-02 0.00000E+00 0.00000E+00
 2.00000E-02 0.00000E+00 0.00000E+00
 4.00000E-02 0.00000E+00 0.00000E+00
 7.00000E-02 0.00000E+00 0.00000E+00
 1.00000E-01 0.00000E+00 0.00000E+00
 2.00000E-01 0.00000E+00 0.00000E+00
 3.00000E-01 0.00000E+00 0.00000E+00
 4.00000E-01 0.00000E+00 0.00000E+00
 5.00000E-01 0.00000E+00 0.00000E+00
 6.00000E-01 0.00000E+00 0.00000E+00
 7.00000E-01 0.00000E+00 0.00000E+00
 8.00000E-01 0.00000E+00 0.00000E+00
 9.00000E-01 0.00000E+00 0.00000E+00
 1.00000E+00 0.00000E+00 0.00000E+00
 1.20000E+00 0.00000E+00 0.00000E+00
 1.40000E+00 0.00000E+00 0.00000E+00
 1.60000E+00 0.00000E+00 0.00000E+00
 1.80000E+00 0.00000E+00 0.00000E+00
 2.00000E+00 0.00000E+00 0.00000E+00
 2.20000E+00 0.00000E+00 0.00000E+00
 2.40000E+00 0.00000E+00 0.00000E+00
 2.60000E+00 0.00000E+00 0.00000E+00
 2.80000E+00 0.00000E+00 0.00000E+00
 3.00000E+00 0.00000E+00 0.00000E+00
 3.20000E+00 0.00000E+00 0.00000E+00
 3.40000E+00 0.00000E+00 0.00000E+00
 3.60000E+00 0.00000E+00 0.00000E+00
 3.80000E+00 0.00000E+00 0.00000E+00
 4.00000E+00 0.00000E+00 0.00000E+00
 4.20000E+00 0.00000E+00 0.00000E+00
 4.40000E+00 0.00000E+00 0.00000E+00
 4.60000E+00 0.00000E+00 0.00000E+00
 4.80000E+00 0.00000E+00 0.00000E+00
 5.00000E+00 0.00000E+00 0.00000E+00
 5.20000E+00 0.00000E+00 0.00000E+00
 5.40000E+00 0.00000E+00 0.00000E+00
 5.60000E+00 0.00000E+00 0.00000E+00
 5.80000E+00 0.00000E+00 0.00000E+00
 6.00000E+00 0.00000E+00 0.00000E+00
 6.20000E+00 0.00000E+00 0.00000E+00
 6.40000E+00 0.00000E+00 0.00000E+00
 6.60000E+00 0.00000E+00 0.00000E+00
 6.80000E+00 0.00000E+00 0.00000E+00
 7.00000E+00 0.00000E+00 0.00000E+00
 7.20000E+00 0.00000E+00 0.00000E+00
 7.40000E+00 0.00000E+00 0.00000E+00
 7.60000E+00 0.00000E+00 0.00000E+00
 7.80000E+00 0.00000E+00 0.00000E+00
 8.00000E+00 0.00000E+00 0.00000E+00
 8.50000E+00 0.00000E+00 0.00000E+00
 9.00000E+00 0.00000E+00 0.00000E+00
 9.50000E+00 0.00000E+00 0.00000E+00
 1.00000E+01 0.00000E+00 0.00000E+00
 1.05000E+01 0.00000E+00 0.00000E+00
 1.10000E+01 4.12893E-04 3.66772E-01
 1.15000E+01 1.65079E-03 3.91623E-01
 1.20000E+01 5.59847E-03 4.27772E-01
 1.25000E+01 2.04770E-02 4.68746E-01
 1.30000E+01 5.69785E-02 4.80923E-01
 1.35000E+01 1.17273E-01 4.69722E-01
 1.40000E+01 2.47890E-01 4.55465E-01
 1.45000E+01 4.75732E-01 4.38464E-01
 1.50000E+01 8.41832E-01 4.22806E-01
 1.60000E+01 2.00866E+00 4.00640E-01
 1.70000E+01 4.07937E+00 3.81596E-01
 1.80000E+01 6.94553E+00 3.72586E-01
 1.90000E+01 1.06527E+01 3.64534E-01
 2.00000E+01 1.52344E+01 3.59726E-01
 2.10000E+01 2.00250E+01 3.51851E-01
 2.20000E+01 2.53623E+01 3.45749E-01
 2.30000E+01 3.12765E+01 3.41902E-01
 2.40000E+01 3.76512E+01 3.51387E-01
 2.50000E+01 4.39077E+01 3.50556E-01
 2.60000E+01 4.82225E+01 3.47783E-01
 2.70000E+01 5.35003E+01 3.47816E-01
 2.80000E+01 5.70928E+01 3.47874E-01
 2.90000E+01 6.00761E+01 3.45570E-01
 3.00000E+01 6.40659E+01 3.51559E-01
 3.20000E+01 6.71439E+01 3.50306E-01
 3.40000E+01 7.09806E+01 3.52655E-01
 3.60000E+01 7.03834E+01 3.50366E-01
 3.80000E+01 7.24071E+01 3.50445E-01
 4.00000E+01 7.12955E+01 3.45751E-01
 4.20000E+01 7.04110E+01 3.48965E-01
 4.40000E+01 7.19993E+01 3.49162E-01
 4.60000E+01 6.86660E+01 3.49743E-01
 4.80000E+01 6.64785E+01 3.44044E-01
 5.00000E+01 6.77591E+01 3.44127E-01
 5.20000E+01 6.40511E+01 3.46124E-01
 5.40000E+01 6.26623E+01 3.40671E-01
 5.60000E+01 6.20016E+01 3.35507E-01
 5.80000E+01 6.32409E+01 3.47973E-01
 6.00000E+01 6.07430E+01 3.53663E-01
