# p + 114Sn: Production of 113Sb - Total
# Q-value    =-1.49964E+01 mass= 112.909375
# E-threshold= 1.51291E+01
# # energies =   103
#     E          xs
 1.00000E-11 0.00000E+00
 2.53000E-08 0.00000E+00
 2.00000E-07 0.00000E+00
 1.00000E-06 0.00000E+00
 1.00000E-05 0.00000E+00
 1.00000E-04 0.00000E+00
 1.00000E-03 0.00000E+00
 2.00000E-03 0.00000E+00
 4.00000E-03 0.00000E+00
 7.00000E-03 0.00000E+00
 1.00000E-02 0.00000E+00
 2.00000E-02 0.00000E+00
 4.00000E-02 0.00000E+00
 7.00000E-02 0.00000E+00
 1.00000E-01 0.00000E+00
 2.00000E-01 0.00000E+00
 3.00000E-01 0.00000E+00
 4.00000E-01 0.00000E+00
 5.00000E-01 0.00000E+00
 6.00000E-01 0.00000E+00
 7.00000E-01 0.00000E+00
 8.00000E-01 0.00000E+00
 9.00000E-01 0.00000E+00
 1.00000E+00 0.00000E+00
 1.20000E+00 0.00000E+00
 1.40000E+00 0.00000E+00
 1.60000E+00 0.00000E+00
 1.80000E+00 0.00000E+00
 2.00000E+00 0.00000E+00
 2.20000E+00 0.00000E+00
 2.40000E+00 0.00000E+00
 2.60000E+00 0.00000E+00
 2.80000E+00 0.00000E+00
 3.00000E+00 0.00000E+00
 3.20000E+00 0.00000E+00
 3.40000E+00 0.00000E+00
 3.60000E+00 0.00000E+00
 3.80000E+00 0.00000E+00
 4.00000E+00 0.00000E+00
 4.20000E+00 0.00000E+00
 4.40000E+00 0.00000E+00
 4.60000E+00 0.00000E+00
 4.80000E+00 0.00000E+00
 5.00000E+00 0.00000E+00
 5.20000E+00 0.00000E+00
 5.40000E+00 0.00000E+00
 5.60000E+00 0.00000E+00
 5.80000E+00 0.00000E+00
 6.00000E+00 0.00000E+00
 6.20000E+00 0.00000E+00
 6.40000E+00 0.00000E+00
 6.60000E+00 0.00000E+00
 6.80000E+00 0.00000E+00
 7.00000E+00 0.00000E+00
 7.20000E+00 0.00000E+00
 7.40000E+00 0.00000E+00
 7.60000E+00 0.00000E+00
 7.80000E+00 0.00000E+00
 8.00000E+00 0.00000E+00
 8.50000E+00 0.00000E+00
 9.00000E+00 0.00000E+00
 9.50000E+00 0.00000E+00
 1.00000E+01 0.00000E+00
 1.05000E+01 0.00000E+00
 1.10000E+01 0.00000E+00
 1.15000E+01 0.00000E+00
 1.20000E+01 0.00000E+00
 1.25000E+01 0.00000E+00
 1.30000E+01 0.00000E+00
 1.35000E+01 0.00000E+00
 1.40000E+01 0.00000E+00
 1.45000E+01 0.00000E+00
 1.50000E+01 0.00000E+00
 1.60000E+01 1.03535E+02
 1.70000E+01 2.63248E+02
 1.80000E+01 3.97643E+02
 1.90000E+01 5.11767E+02
 2.00000E+01 5.90984E+02
 2.10000E+01 6.36058E+02
 2.20000E+01 6.56695E+02
 2.30000E+01 6.60611E+02
 2.40000E+01 6.48806E+02
 2.50000E+01 6.21696E+02
 2.60000E+01 5.79508E+02
 2.70000E+01 5.22383E+02
 2.80000E+01 4.53344E+02
 2.90000E+01 3.79899E+02
 3.00000E+01 3.10644E+02
 3.20000E+01 2.06716E+02
 3.40000E+01 1.46447E+02
 3.60000E+01 1.14260E+02
 3.80000E+01 9.65708E+01
 4.00000E+01 8.60095E+01
 4.20000E+01 7.83509E+01
 4.40000E+01 7.26901E+01
 4.60000E+01 6.77868E+01
 4.80000E+01 6.33113E+01
 5.00000E+01 5.93704E+01
 5.20000E+01 5.56622E+01
 5.40000E+01 5.25111E+01
 5.60000E+01 4.97386E+01
 5.80000E+01 4.72873E+01
 6.00000E+01 4.42388E+01
