# p + 118Sn: Production of 117Sn - Level  2     0.31458 MeV
# Q-value    =-7.41643E+00 mass= 116.902954
# E-threshold= 7.47979E+00
# # energies =   103
#     E          xs      Branching
 1.00000E-11 0.00000E+00 0.00000E+00
 2.53000E-08 0.00000E+00 0.00000E+00
 2.00000E-07 0.00000E+00 0.00000E+00
 1.00000E-06 0.00000E+00 0.00000E+00
 1.00000E-05 0.00000E+00 0.00000E+00
 1.00000E-04 0.00000E+00 0.00000E+00
 1.00000E-03 0.00000E+00 0.00000E+00
 2.00000E-03 0.00000E+00 0.00000E+00
 4.00000E-03 0.00000E+00 0.00000E+00
 7.00000E-03 0.00000E+00 0.00000E+00
 1.00000E-02 0.00000E+00 0.00000E+00
 2.00000E-02 0.00000E+00 0.00000E+00
 4.00000E-02 0.00000E+00 0.00000E+00
 7.00000E-02 0.00000E+00 0.00000E+00
 1.00000E-01 0.00000E+00 0.00000E+00
 2.00000E-01 0.00000E+00 0.00000E+00
 3.00000E-01 0.00000E+00 0.00000E+00
 4.00000E-01 0.00000E+00 0.00000E+00
 5.00000E-01 0.00000E+00 0.00000E+00
 6.00000E-01 0.00000E+00 0.00000E+00
 7.00000E-01 0.00000E+00 0.00000E+00
 8.00000E-01 0.00000E+00 0.00000E+00
 9.00000E-01 0.00000E+00 0.00000E+00
 1.00000E+00 0.00000E+00 0.00000E+00
 1.20000E+00 0.00000E+00 0.00000E+00
 1.40000E+00 0.00000E+00 0.00000E+00
 1.60000E+00 0.00000E+00 0.00000E+00
 1.80000E+00 0.00000E+00 0.00000E+00
 2.00000E+00 0.00000E+00 0.00000E+00
 2.20000E+00 0.00000E+00 0.00000E+00
 2.40000E+00 0.00000E+00 0.00000E+00
 2.60000E+00 0.00000E+00 0.00000E+00
 2.80000E+00 0.00000E+00 0.00000E+00
 3.00000E+00 0.00000E+00 0.00000E+00
 3.20000E+00 0.00000E+00 0.00000E+00
 3.40000E+00 0.00000E+00 0.00000E+00
 3.60000E+00 0.00000E+00 0.00000E+00
 3.80000E+00 0.00000E+00 0.00000E+00
 4.00000E+00 0.00000E+00 0.00000E+00
 4.20000E+00 0.00000E+00 0.00000E+00
 4.40000E+00 0.00000E+00 0.00000E+00
 4.60000E+00 0.00000E+00 0.00000E+00
 4.80000E+00 0.00000E+00 0.00000E+00
 5.00000E+00 0.00000E+00 0.00000E+00
 5.20000E+00 0.00000E+00 0.00000E+00
 5.40000E+00 0.00000E+00 0.00000E+00
 5.60000E+00 0.00000E+00 0.00000E+00
 5.80000E+00 0.00000E+00 0.00000E+00
 6.00000E+00 0.00000E+00 0.00000E+00
 6.20000E+00 0.00000E+00 0.00000E+00
 6.40000E+00 0.00000E+00 0.00000E+00
 6.60000E+00 0.00000E+00 0.00000E+00
 6.80000E+00 0.00000E+00 0.00000E+00
 7.00000E+00 0.00000E+00 0.00000E+00
 7.20000E+00 0.00000E+00 0.00000E+00
 7.40000E+00 0.00000E+00 0.00000E+00
 7.60000E+00 0.00000E+00 0.00000E+00
 7.80000E+00 0.00000E+00 0.00000E+00
 8.00000E+00 0.00000E+00 0.00000E+00
 8.50000E+00 0.00000E+00 0.00000E+00
 9.00000E+00 0.00000E+00 0.00000E+00
 9.50000E+00 0.00000E+00 0.00000E+00
 1.00000E+01 0.00000E+00 0.00000E+00
 1.05000E+01 0.00000E+00 0.00000E+00
 1.10000E+01 0.00000E+00 0.00000E+00
 1.15000E+01 6.35990E-04 3.85459E-01
 1.20000E+01 2.26295E-03 1.35036E-01
 1.25000E+01 1.15405E-02 1.61891E-01
 1.30000E+01 4.46617E-02 2.12583E-01
 1.35000E+01 1.45168E-01 2.78414E-01
 1.40000E+01 3.35573E-01 2.99324E-01
 1.45000E+01 6.54793E-01 3.14541E-01
 1.50000E+01 1.15315E+00 3.31623E-01
 1.60000E+01 2.82632E+00 3.66950E-01
 1.70000E+01 5.40722E+00 3.97742E-01
 1.80000E+01 9.30607E+00 4.38087E-01
 1.90000E+01 1.51905E+01 4.84212E-01
 2.00000E+01 2.27052E+01 5.18452E-01
 2.10000E+01 3.19110E+01 5.43266E-01
 2.20000E+01 4.34228E+01 5.69343E-01
 2.30000E+01 5.69432E+01 5.95643E-01
 2.40000E+01 7.09889E+01 6.18359E-01
 2.50000E+01 8.44561E+01 6.34145E-01
 2.60000E+01 9.84416E+01 6.51049E-01
 2.70000E+01 1.10464E+02 6.60983E-01
 2.80000E+01 1.22281E+02 6.72379E-01
 2.90000E+01 1.31592E+02 6.77102E-01
 3.00000E+01 1.38582E+02 6.80123E-01
 3.20000E+01 1.53562E+02 6.93732E-01
 3.40000E+01 1.62062E+02 6.98287E-01
 3.60000E+01 1.65084E+02 6.98028E-01
 3.80000E+01 1.65917E+02 6.97640E-01
 4.00000E+01 1.62932E+02 6.95522E-01
 4.20000E+01 1.65242E+02 6.95461E-01
 4.40000E+01 1.60432E+02 6.92500E-01
 4.60000E+01 1.59645E+02 6.94230E-01
 4.80000E+01 1.49657E+02 6.84309E-01
 5.00000E+01 1.35067E+02 6.13597E-01
 5.20000E+01 1.15733E+02 5.50143E-01
 5.40000E+01 1.16630E+02 5.59723E-01
 5.60000E+01 1.17393E+02 5.58066E-01
 5.80000E+01 1.11284E+02 5.52846E-01
 6.00000E+01 1.08468E+02 5.55329E-01
