# p + 112Sn: Production of 111Sn - Total
# Q-value    =-8.56322E+00 mass= 110.907741
# E-threshold= 8.64030E+00
# # energies =   103
#     E          xs
 1.00000E-11 0.00000E+00
 2.53000E-08 0.00000E+00
 2.00000E-07 0.00000E+00
 1.00000E-06 0.00000E+00
 1.00000E-05 0.00000E+00
 1.00000E-04 0.00000E+00
 1.00000E-03 0.00000E+00
 2.00000E-03 0.00000E+00
 4.00000E-03 0.00000E+00
 7.00000E-03 0.00000E+00
 1.00000E-02 0.00000E+00
 2.00000E-02 0.00000E+00
 4.00000E-02 0.00000E+00
 7.00000E-02 0.00000E+00
 1.00000E-01 0.00000E+00
 2.00000E-01 0.00000E+00
 3.00000E-01 0.00000E+00
 4.00000E-01 0.00000E+00
 5.00000E-01 0.00000E+00
 6.00000E-01 0.00000E+00
 7.00000E-01 0.00000E+00
 8.00000E-01 0.00000E+00
 9.00000E-01 0.00000E+00
 1.00000E+00 0.00000E+00
 1.20000E+00 0.00000E+00
 1.40000E+00 0.00000E+00
 1.60000E+00 0.00000E+00
 1.80000E+00 0.00000E+00
 2.00000E+00 0.00000E+00
 2.20000E+00 0.00000E+00
 2.40000E+00 0.00000E+00
 2.60000E+00 0.00000E+00
 2.80000E+00 0.00000E+00
 3.00000E+00 0.00000E+00
 3.20000E+00 0.00000E+00
 3.40000E+00 0.00000E+00
 3.60000E+00 0.00000E+00
 3.80000E+00 0.00000E+00
 4.00000E+00 0.00000E+00
 4.20000E+00 0.00000E+00
 4.40000E+00 0.00000E+00
 4.60000E+00 0.00000E+00
 4.80000E+00 0.00000E+00
 5.00000E+00 0.00000E+00
 5.20000E+00 0.00000E+00
 5.40000E+00 0.00000E+00
 5.60000E+00 0.00000E+00
 5.80000E+00 0.00000E+00
 6.00000E+00 0.00000E+00
 6.20000E+00 0.00000E+00
 6.40000E+00 0.00000E+00
 6.60000E+00 0.00000E+00
 6.80000E+00 0.00000E+00
 7.00000E+00 0.00000E+00
 7.20000E+00 0.00000E+00
 7.40000E+00 0.00000E+00
 7.60000E+00 0.00000E+00
 7.80000E+00 0.00000E+00
 8.00000E+00 0.00000E+00
 8.50000E+00 0.00000E+00
 9.00000E+00 0.00000E+00
 9.50000E+00 0.00000E+00
 1.00000E+01 0.00000E+00
 1.05000E+01 0.00000E+00
 1.10000E+01 0.00000E+00
 1.15000E+01 0.00000E+00
 1.20000E+01 0.00000E+00
 1.25000E+01 1.20072E-03
 1.30000E+01 1.80823E-02
 1.35000E+01 5.29118E-01
 1.40000E+01 5.01816E+00
 1.45000E+01 2.36142E+01
 1.50000E+01 6.76620E+01
 1.60000E+01 2.23216E+02
 1.70000E+01 4.10849E+02
 1.80000E+01 5.62571E+02
 1.90000E+01 6.62400E+02
 2.00000E+01 7.16100E+02
 2.10000E+01 7.34679E+02
 2.20000E+01 7.44897E+02
 2.30000E+01 7.57686E+02
 2.40000E+01 7.73115E+02
 2.50000E+01 7.78935E+02
 2.60000E+01 7.74672E+02
 2.70000E+01 7.54517E+02
 2.80000E+01 7.16947E+02
 2.90000E+01 6.63190E+02
 3.00000E+01 6.00262E+02
 3.20000E+01 4.90138E+02
 3.40000E+01 4.18987E+02
 3.60000E+01 3.81722E+02
 3.80000E+01 3.62614E+02
 4.00000E+01 3.46731E+02
 4.20000E+01 3.37979E+02
 4.40000E+01 3.27394E+02
 4.60000E+01 3.13294E+02
 4.80000E+01 3.09378E+02
 5.00000E+01 2.95924E+02
 5.20000E+01 2.88996E+02
 5.40000E+01 2.75400E+02
 5.60000E+01 2.73223E+02
 5.80000E+01 2.67542E+02
 6.00000E+01 2.52466E+02
