# p + 116Sn: Production of 115Sn - Total
# Q-value    =-7.33888E+00 mass= 114.903345
# E-threshold= 7.40266E+00
# # energies =   103
#     E          xs
 1.00000E-11 0.00000E+00
 2.53000E-08 0.00000E+00
 2.00000E-07 0.00000E+00
 1.00000E-06 0.00000E+00
 1.00000E-05 0.00000E+00
 1.00000E-04 0.00000E+00
 1.00000E-03 0.00000E+00
 2.00000E-03 0.00000E+00
 4.00000E-03 0.00000E+00
 7.00000E-03 0.00000E+00
 1.00000E-02 0.00000E+00
 2.00000E-02 0.00000E+00
 4.00000E-02 0.00000E+00
 7.00000E-02 0.00000E+00
 1.00000E-01 0.00000E+00
 2.00000E-01 0.00000E+00
 3.00000E-01 0.00000E+00
 4.00000E-01 0.00000E+00
 5.00000E-01 0.00000E+00
 6.00000E-01 0.00000E+00
 7.00000E-01 0.00000E+00
 8.00000E-01 0.00000E+00
 9.00000E-01 0.00000E+00
 1.00000E+00 0.00000E+00
 1.20000E+00 0.00000E+00
 1.40000E+00 0.00000E+00
 1.60000E+00 0.00000E+00
 1.80000E+00 0.00000E+00
 2.00000E+00 0.00000E+00
 2.20000E+00 0.00000E+00
 2.40000E+00 0.00000E+00
 2.60000E+00 0.00000E+00
 2.80000E+00 0.00000E+00
 3.00000E+00 0.00000E+00
 3.20000E+00 0.00000E+00
 3.40000E+00 0.00000E+00
 3.60000E+00 0.00000E+00
 3.80000E+00 0.00000E+00
 4.00000E+00 0.00000E+00
 4.20000E+00 0.00000E+00
 4.40000E+00 0.00000E+00
 4.60000E+00 0.00000E+00
 4.80000E+00 0.00000E+00
 5.00000E+00 0.00000E+00
 5.20000E+00 0.00000E+00
 5.40000E+00 0.00000E+00
 5.60000E+00 0.00000E+00
 5.80000E+00 0.00000E+00
 6.00000E+00 0.00000E+00
 6.20000E+00 0.00000E+00
 6.40000E+00 0.00000E+00
 6.60000E+00 0.00000E+00
 6.80000E+00 0.00000E+00
 7.00000E+00 0.00000E+00
 7.20000E+00 0.00000E+00
 7.40000E+00 0.00000E+00
 7.60000E+00 0.00000E+00
 7.80000E+00 0.00000E+00
 8.00000E+00 0.00000E+00
 8.50000E+00 0.00000E+00
 9.00000E+00 0.00000E+00
 9.50000E+00 0.00000E+00
 1.00000E+01 0.00000E+00
 1.05000E+01 0.00000E+00
 1.10000E+01 0.00000E+00
 1.15000E+01 0.00000E+00
 1.20000E+01 1.19990E-02
 1.25000E+01 1.43914E-01
 1.30000E+01 9.25477E-01
 1.35000E+01 3.71856E+00
 1.40000E+01 7.28663E+00
 1.45000E+01 1.14987E+01
 1.50000E+01 1.67621E+01
 1.60000E+01 3.19097E+01
 1.70000E+01 4.72513E+01
 1.80000E+01 6.25202E+01
 1.90000E+01 8.06248E+01
 2.00000E+01 1.01915E+02
 2.10000E+01 1.25873E+02
 2.20000E+01 1.50994E+02
 2.30000E+01 1.76454E+02
 2.40000E+01 2.01093E+02
 2.50000E+01 2.21410E+02
 2.60000E+01 2.37625E+02
 2.70000E+01 2.48347E+02
 2.80000E+01 2.56164E+02
 2.90000E+01 2.60878E+02
 3.00000E+01 2.65028E+02
 3.20000E+01 2.67382E+02
 3.40000E+01 2.71329E+02
 3.60000E+01 2.71442E+02
 3.80000E+01 2.69103E+02
 4.00000E+01 2.70615E+02
 4.20000E+01 2.66116E+02
 4.40000E+01 2.61326E+02
 4.60000E+01 2.56449E+02
 4.80000E+01 2.48445E+02
 5.00000E+01 2.45538E+02
 5.20000E+01 2.44547E+02
 5.40000E+01 2.34153E+02
 5.60000E+01 2.34518E+02
 5.80000E+01 2.32754E+02
 6.00000E+01 2.17351E+02
