# p + 119Sn: Production of 120Sb - Ground state
# Q-value    = 5.64112E+00 mass= 119.905080
# E-threshold= 0.00000E+00
# # energies =   103
#     E          xs      Branching
 1.00000E-11 0.00000E+00 0.00000E+00
 2.53000E-08 0.00000E+00 0.00000E+00
 2.00000E-07 0.00000E+00 0.00000E+00
 1.00000E-06 0.00000E+00 0.00000E+00
 1.00000E-05 0.00000E+00 0.00000E+00
 1.00000E-04 0.00000E+00 0.00000E+00
 1.00000E-03 0.00000E+00 0.00000E+00
 2.00000E-03 0.00000E+00 0.00000E+00
 4.00000E-03 0.00000E+00 0.00000E+00
 7.00000E-03 0.00000E+00 0.00000E+00
 1.00000E-02 0.00000E+00 0.00000E+00
 2.00000E-02 0.00000E+00 0.00000E+00
 4.00000E-02 0.00000E+00 0.00000E+00
 7.00000E-02 0.00000E+00 0.00000E+00
 1.00000E-01 0.00000E+00 0.00000E+00
 2.00000E-01 0.00000E+00 0.00000E+00
 3.00000E-01 0.00000E+00 0.00000E+00
 4.00000E-01 0.00000E+00 0.00000E+00
 5.00000E-01 0.00000E+00 0.00000E+00
 6.00000E-01 0.00000E+00 0.00000E+00
 7.00000E-01 0.00000E+00 0.00000E+00
 8.00000E-01 0.00000E+00 0.00000E+00
 9.00000E-01 0.00000E+00 0.00000E+00
 1.00000E+00 0.00000E+00 0.00000E+00
 1.20000E+00 0.00000E+00 0.00000E+00
 1.40000E+00 0.00000E+00 0.00000E+00
 1.60000E+00 0.00000E+00 0.00000E+00
 1.80000E+00 5.40983E-08 0.00000E+00
 2.00000E+00 2.05002E-07 0.00000E+00
 2.20000E+00 2.46007E-07 0.00000E+00
 2.40000E+00 6.06408E-07 0.00000E+00
 2.60000E+00 1.62524E-06 0.00000E+00
 2.80000E+00 2.12181E-03 9.95871E-01
 3.00000E+00 4.05568E-03 9.95293E-01
 3.20000E+00 7.36901E-03 9.94942E-01
 3.40000E+00 1.28918E-02 9.94691E-01
 3.60000E+00 2.14204E-02 9.94417E-01
 3.80000E+00 3.38473E-02 9.94194E-01
 4.00000E+00 5.21604E-02 9.94021E-01
 4.20000E+00 7.59039E-02 9.93835E-01
 4.40000E+00 1.06759E-01 9.93595E-01
 4.60000E+00 1.46606E-01 9.93444E-01
 4.80000E+00 1.91239E-01 9.93137E-01
 5.00000E+00 2.48263E-01 9.92884E-01
 5.20000E+00 3.03999E-01 9.92495E-01
 5.40000E+00 3.72538E-01 9.92078E-01
 5.60000E+00 4.31497E-01 9.91574E-01
 5.80000E+00 4.98078E-01 9.90935E-01
 6.00000E+00 5.55705E-01 9.90189E-01
 6.20000E+00 5.98476E-01 9.89452E-01
 6.40000E+00 6.56494E-01 9.88204E-01
 6.60000E+00 6.63570E-01 9.86838E-01
 6.80000E+00 6.91621E-01 9.85247E-01
 7.00000E+00 7.06924E-01 9.83539E-01
 7.20000E+00 6.81099E-01 9.81562E-01
 7.40000E+00 6.90724E-01 9.78312E-01
 7.60000E+00 6.75728E-01 9.75635E-01
 7.80000E+00 6.43062E-01 9.71145E-01
 8.00000E+00 6.30939E-01 9.66974E-01
 8.50000E+00 5.68737E-01 9.51815E-01
 9.00000E+00 5.40159E-01 9.32963E-01
 9.50000E+00 5.14995E-01 9.08637E-01
 1.00000E+01 5.02171E-01 8.81213E-01
 1.05000E+01 5.24507E-01 8.57101E-01
 1.10000E+01 5.39405E-01 8.30899E-01
 1.15000E+01 5.75103E-01 8.10420E-01
 1.20000E+01 6.05322E-01 7.89312E-01
 1.25000E+01 6.35736E-01 7.69863E-01
 1.30000E+01 6.54481E-01 7.50321E-01
 1.35000E+01 6.69501E-01 7.31819E-01
 1.40000E+01 6.80657E-01 7.14432E-01
 1.45000E+01 6.73775E-01 6.93636E-01
 1.50000E+01 6.59469E-01 6.73943E-01
 1.60000E+01 6.17004E-01 6.36148E-01
 1.70000E+01 5.59931E-01 6.02384E-01
 1.80000E+01 4.82189E-01 5.68516E-01
 1.90000E+01 4.15158E-01 5.48916E-01
 2.00000E+01 3.51023E-01 5.35074E-01
 2.10000E+01 3.03099E-01 5.32926E-01
 2.20000E+01 2.69257E-01 5.37273E-01
 2.30000E+01 2.37167E-01 5.46678E-01
 2.40000E+01 2.16114E-01 5.56629E-01
 2.50000E+01 2.00206E-01 5.69038E-01
 2.60000E+01 1.83724E-01 5.80011E-01
 2.70000E+01 1.72333E-01 5.88032E-01
 2.80000E+01 1.64024E-01 5.98597E-01
 2.90000E+01 1.55151E-01 6.05612E-01
 3.00000E+01 1.46536E-01 6.09475E-01
 3.20000E+01 1.32730E-01 6.13422E-01
 3.40000E+01 1.21007E-01 6.15672E-01
 3.60000E+01 1.06181E-01 6.09733E-01
 3.80000E+01 9.76233E-02 6.18321E-01
 4.00000E+01 9.19782E-02 6.20734E-01
 4.20000E+01 8.18892E-02 6.15543E-01
 4.40000E+01 7.47463E-02 6.23046E-01
 4.60000E+01 7.06715E-02 6.23173E-01
 4.80000E+01 6.76550E-02 6.21132E-01
 5.00000E+01 6.23454E-02 6.25017E-01
 5.20000E+01 5.71636E-02 6.26705E-01
 5.40000E+01 5.42405E-02 6.23863E-01
 5.60000E+01 5.23886E-02 6.21485E-01
 5.80000E+01 5.11779E-02 6.21495E-01
 6.00000E+01 5.00776E-02 6.22359E-01
