# p + 117Sn: Production of 117Sb - Total
# Q-value    =-2.54053E+00 mass= 116.904842
# E-threshold= 2.56242E+00
# # energies =   103
#     E          xs
 1.00000E-11 0.00000E+00
 2.53000E-08 0.00000E+00
 2.00000E-07 0.00000E+00
 1.00000E-06 0.00000E+00
 1.00000E-05 0.00000E+00
 1.00000E-04 0.00000E+00
 1.00000E-03 0.00000E+00
 2.00000E-03 0.00000E+00
 4.00000E-03 0.00000E+00
 7.00000E-03 0.00000E+00
 1.00000E-02 0.00000E+00
 2.00000E-02 0.00000E+00
 4.00000E-02 0.00000E+00
 7.00000E-02 0.00000E+00
 1.00000E-01 0.00000E+00
 2.00000E-01 0.00000E+00
 3.00000E-01 0.00000E+00
 4.00000E-01 0.00000E+00
 5.00000E-01 0.00000E+00
 6.00000E-01 0.00000E+00
 7.00000E-01 0.00000E+00
 8.00000E-01 0.00000E+00
 9.00000E-01 0.00000E+00
 1.00000E+00 0.00000E+00
 1.20000E+00 0.00000E+00
 1.40000E+00 0.00000E+00
 1.60000E+00 0.00000E+00
 1.80000E+00 0.00000E+00
 2.00000E+00 0.00000E+00
 2.20000E+00 0.00000E+00
 2.40000E+00 0.00000E+00
 2.60000E+00 3.04048E-03
 2.80000E+00 1.64961E-02
 3.00000E+00 4.68028E-02
 3.20000E+00 1.15320E-01
 3.40000E+00 2.78468E-01
 3.60000E+00 5.79890E-01
 3.80000E+00 1.09315E+00
 4.00000E+00 1.94198E+00
 4.20000E+00 3.32750E+00
 4.40000E+00 5.41747E+00
 4.60000E+00 8.45203E+00
 4.80000E+00 1.26962E+01
 5.00000E+00 1.84122E+01
 5.20000E+00 2.58757E+01
 5.40000E+00 3.52935E+01
 5.60000E+00 4.67883E+01
 5.80000E+00 6.04498E+01
 6.00000E+00 7.61421E+01
 6.20000E+00 9.38064E+01
 6.40000E+00 1.13091E+02
 6.60000E+00 1.33869E+02
 6.80000E+00 1.55735E+02
 7.00000E+00 1.78582E+02
 7.20000E+00 2.02129E+02
 7.40000E+00 2.26265E+02
 7.60000E+00 2.50952E+02
 7.80000E+00 2.75986E+02
 8.00000E+00 3.01461E+02
 8.50000E+00 3.66248E+02
 9.00000E+00 4.31960E+02
 9.50000E+00 4.97419E+02
 1.00000E+01 5.61234E+02
 1.05000E+01 6.21689E+02
 1.10000E+01 6.76776E+02
 1.15000E+01 7.24727E+02
 1.20000E+01 7.65313E+02
 1.25000E+01 7.99013E+02
 1.30000E+01 7.89773E+02
 1.35000E+01 7.14709E+02
 1.40000E+01 6.07417E+02
 1.45000E+01 5.01179E+02
 1.50000E+01 4.06874E+02
 1.60000E+01 2.72384E+02
 1.70000E+01 1.91712E+02
 1.80000E+01 1.44488E+02
 1.90000E+01 1.16984E+02
 2.00000E+01 1.00296E+02
 2.10000E+01 9.03057E+01
 2.20000E+01 8.39399E+01
 2.30000E+01 7.87356E+01
 2.40000E+01 7.47852E+01
 2.50000E+01 7.09742E+01
 2.60000E+01 6.77344E+01
 2.70000E+01 6.49769E+01
 2.80000E+01 6.24168E+01
 2.90000E+01 5.96766E+01
 3.00000E+01 5.71824E+01
 3.20000E+01 5.28077E+01
 3.40000E+01 4.86513E+01
 3.60000E+01 4.45080E+01
 3.80000E+01 4.09225E+01
 4.00000E+01 3.81925E+01
 4.20000E+01 3.49311E+01
 4.40000E+01 3.26798E+01
 4.60000E+01 3.02847E+01
 4.80000E+01 2.85783E+01
 5.00000E+01 2.64385E+01
 5.20000E+01 2.41460E+01
 5.40000E+01 2.31488E+01
 5.60000E+01 2.16035E+01
 5.80000E+01 1.94912E+01
 6.00000E+01 1.85116E+01
