# p + 115Sn: Production of 116Sb - Ground state
# Q-value    = 4.07714E+00 mass= 115.906793
# E-threshold= 0.00000E+00
# # energies =   103
#     E          xs      Branching
 1.00000E-11 0.00000E+00 0.00000E+00
 2.53000E-08 0.00000E+00 0.00000E+00
 2.00000E-07 0.00000E+00 0.00000E+00
 1.00000E-06 0.00000E+00 0.00000E+00
 1.00000E-05 0.00000E+00 0.00000E+00
 1.00000E-04 0.00000E+00 0.00000E+00
 1.00000E-03 0.00000E+00 0.00000E+00
 2.00000E-03 0.00000E+00 0.00000E+00
 4.00000E-03 0.00000E+00 0.00000E+00
 7.00000E-03 0.00000E+00 0.00000E+00
 1.00000E-02 0.00000E+00 0.00000E+00
 2.00000E-02 0.00000E+00 0.00000E+00
 4.00000E-02 0.00000E+00 0.00000E+00
 7.00000E-02 0.00000E+00 0.00000E+00
 1.00000E-01 0.00000E+00 0.00000E+00
 2.00000E-01 0.00000E+00 0.00000E+00
 3.00000E-01 0.00000E+00 0.00000E+00
 4.00000E-01 0.00000E+00 0.00000E+00
 5.00000E-01 0.00000E+00 0.00000E+00
 6.00000E-01 0.00000E+00 0.00000E+00
 7.00000E-01 0.00000E+00 0.00000E+00
 8.00000E-01 0.00000E+00 0.00000E+00
 9.00000E-01 0.00000E+00 0.00000E+00
 1.00000E+00 0.00000E+00 0.00000E+00
 1.20000E+00 0.00000E+00 0.00000E+00
 1.40000E+00 0.00000E+00 0.00000E+00
 1.60000E+00 0.00000E+00 0.00000E+00
 1.80000E+00 1.35212E-07 0.00000E+00
 2.00000E+00 6.86920E-07 0.00000E+00
 2.20000E+00 3.11520E-06 0.00000E+00
 2.40000E+00 2.92926E-03 9.99388E-01
 2.60000E+00 9.22584E-03 9.99051E-01
 2.80000E+00 2.54118E-02 9.98950E-01
 3.00000E+00 6.25710E-02 9.98783E-01
 3.20000E+00 1.39993E-01 9.98671E-01
 3.40000E+00 2.88202E-01 9.98551E-01
 3.60000E+00 5.51626E-01 9.98398E-01
 3.80000E+00 9.90405E-01 9.98250E-01
 4.00000E+00 8.96038E-01 9.97787E-01
 4.20000E+00 1.17452E+00 9.97415E-01
 4.40000E+00 1.65877E+00 9.97069E-01
 4.60000E+00 2.36034E+00 9.96891E-01
 4.80000E+00 2.44165E+00 9.96179E-01
 5.00000E+00 2.95978E+00 9.95583E-01
 5.20000E+00 3.66336E+00 9.95416E-01
 5.40000E+00 4.79169E+00 9.95948E-01
 5.60000E+00 6.15062E+00 9.95729E-01
 5.80000E+00 7.05356E+00 9.95610E-01
 6.00000E+00 7.41325E+00 9.95472E-01
 6.20000E+00 7.59732E+00 9.95230E-01
 6.40000E+00 7.79840E+00 9.94920E-01
 6.60000E+00 7.94435E+00 9.94543E-01
 6.80000E+00 7.98592E+00 9.94049E-01
 7.00000E+00 8.07989E+00 9.93540E-01
 7.20000E+00 7.98537E+00 9.92875E-01
 7.40000E+00 8.02245E+00 9.92222E-01
 7.60000E+00 7.85007E+00 9.91409E-01
 7.80000E+00 7.81216E+00 9.90626E-01
 8.00000E+00 7.58540E+00 9.89651E-01
 8.50000E+00 7.05172E+00 9.86941E-01
 9.00000E+00 6.33623E+00 9.83507E-01
 9.50000E+00 5.51785E+00 9.79084E-01
 1.00000E+01 4.70800E+00 9.73541E-01
 1.05000E+01 3.92130E+00 9.66286E-01
 1.10000E+01 3.20026E+00 9.56536E-01
 1.15000E+01 2.66673E+00 9.45240E-01
 1.20000E+01 2.29070E+00 9.32947E-01
 1.25000E+01 1.93720E+00 9.16597E-01
 1.30000E+01 1.72847E+00 9.00055E-01
 1.35000E+01 1.53525E+00 8.80917E-01
 1.40000E+01 1.41624E+00 8.62615E-01
 1.45000E+01 1.30249E+00 8.42141E-01
 1.50000E+01 1.23698E+00 8.23344E-01
 1.60000E+01 1.11141E+00 7.82729E-01
 1.70000E+01 1.01189E+00 7.43060E-01
 1.80000E+01 9.16979E-01 7.06355E-01
 1.90000E+01 8.17646E-01 6.71451E-01
 2.00000E+01 7.03854E-01 6.36555E-01
 2.10000E+01 6.04641E-01 6.12528E-01
 2.20000E+01 5.03230E-01 5.90897E-01
 2.30000E+01 4.31299E-01 5.83286E-01
 2.40000E+01 3.67132E-01 5.78603E-01
 2.50000E+01 3.21461E-01 5.80270E-01
 2.60000E+01 2.89032E-01 5.89177E-01
 2.70000E+01 2.57110E-01 5.92970E-01
 2.80000E+01 2.36512E-01 6.01151E-01
 2.90000E+01 2.21374E-01 6.19067E-01
 3.00000E+01 2.05190E-01 6.20992E-01
 3.20000E+01 1.81990E-01 6.34114E-01
 3.40000E+01 1.62875E-01 6.43045E-01
 3.60000E+01 1.45532E-01 6.45249E-01
 3.80000E+01 1.47086E-01 7.26750E-01
 4.00000E+01 1.31984E-01 7.30182E-01
 4.20000E+01 1.21708E-01 7.28801E-01
 4.40000E+01 1.11840E-01 7.36695E-01
 4.60000E+01 9.31374E-02 6.59660E-01
 4.80000E+01 8.49235E-02 6.53253E-01
 5.00000E+01 7.94087E-02 6.58628E-01
 5.20000E+01 8.05836E-02 7.17094E-01
 5.40000E+01 7.75204E-02 7.16054E-01
 5.60000E+01 7.42653E-02 7.12183E-01
 5.80000E+01 6.94750E-02 7.04343E-01
 6.00000E+01 6.52611E-02 7.17969E-01
