# p + 124Sn: Production of 122Sn - Total
# Q-value    =-5.95235E+00 mass= 121.903445
# E-threshold= 6.00074E+00
# # energies =   103
#     E          xs
 1.00000E-11 0.00000E+00
 2.53000E-08 0.00000E+00
 2.00000E-07 0.00000E+00
 1.00000E-06 0.00000E+00
 1.00000E-05 0.00000E+00
 1.00000E-04 0.00000E+00
 1.00000E-03 0.00000E+00
 2.00000E-03 0.00000E+00
 4.00000E-03 0.00000E+00
 7.00000E-03 0.00000E+00
 1.00000E-02 0.00000E+00
 2.00000E-02 0.00000E+00
 4.00000E-02 0.00000E+00
 7.00000E-02 0.00000E+00
 1.00000E-01 0.00000E+00
 2.00000E-01 0.00000E+00
 3.00000E-01 0.00000E+00
 4.00000E-01 0.00000E+00
 5.00000E-01 0.00000E+00
 6.00000E-01 0.00000E+00
 7.00000E-01 0.00000E+00
 8.00000E-01 0.00000E+00
 9.00000E-01 0.00000E+00
 1.00000E+00 0.00000E+00
 1.20000E+00 0.00000E+00
 1.40000E+00 0.00000E+00
 1.60000E+00 0.00000E+00
 1.80000E+00 0.00000E+00
 2.00000E+00 0.00000E+00
 2.20000E+00 0.00000E+00
 2.40000E+00 0.00000E+00
 2.60000E+00 0.00000E+00
 2.80000E+00 0.00000E+00
 3.00000E+00 0.00000E+00
 3.20000E+00 0.00000E+00
 3.40000E+00 0.00000E+00
 3.60000E+00 0.00000E+00
 3.80000E+00 0.00000E+00
 4.00000E+00 0.00000E+00
 4.20000E+00 0.00000E+00
 4.40000E+00 0.00000E+00
 4.60000E+00 0.00000E+00
 4.80000E+00 0.00000E+00
 5.00000E+00 0.00000E+00
 5.20000E+00 0.00000E+00
 5.40000E+00 0.00000E+00
 5.60000E+00 0.00000E+00
 5.80000E+00 0.00000E+00
 6.00000E+00 0.00000E+00
 6.20000E+00 0.00000E+00
 6.40000E+00 0.00000E+00
 6.60000E+00 0.00000E+00
 6.80000E+00 0.00000E+00
 7.00000E+00 0.00000E+00
 7.20000E+00 0.00000E+00
 7.40000E+00 0.00000E+00
 7.60000E+00 0.00000E+00
 7.80000E+00 0.00000E+00
 8.00000E+00 0.00000E+00
 8.50000E+00 0.00000E+00
 9.00000E+00 0.00000E+00
 9.50000E+00 0.00000E+00
 1.00000E+01 0.00000E+00
 1.05000E+01 0.00000E+00
 1.10000E+01 0.00000E+00
 1.15000E+01 0.00000E+00
 1.20000E+01 0.00000E+00
 1.25000E+01 0.00000E+00
 1.30000E+01 0.00000E+00
 1.35000E+01 2.16633E-03
 1.40000E+01 5.13502E-03
 1.45000E+01 1.16391E-02
 1.50000E+01 2.46386E-02
 1.60000E+01 8.55408E-02
 1.70000E+01 2.20326E-01
 1.80000E+01 4.58422E-01
 1.90000E+01 8.34465E-01
 2.00000E+01 1.43747E+00
 2.10000E+01 2.35285E+00
 2.20000E+01 3.95463E+00
 2.30000E+01 6.63881E+00
 2.40000E+01 1.04932E+01
 2.50000E+01 1.63308E+01
 2.60000E+01 2.44408E+01
 2.70000E+01 3.40716E+01
 2.80000E+01 4.56276E+01
 2.90000E+01 6.08501E+01
 3.00000E+01 7.55474E+01
 3.20000E+01 1.08923E+02
 3.40000E+01 1.36507E+02
 3.60000E+01 1.62351E+02
 3.80000E+01 1.85815E+02
 4.00000E+01 1.95067E+02
 4.20000E+01 2.06499E+02
 4.40000E+01 2.08326E+02
 4.60000E+01 2.21255E+02
 4.80000E+01 2.10007E+02
 5.00000E+01 2.18304E+02
 5.20000E+01 2.19542E+02
 5.40000E+01 2.05943E+02
 5.60000E+01 1.99525E+02
 5.80000E+01 2.09518E+02
 6.00000E+01 2.07270E+02
