# p + 115Sn: Production of 114Sn - Total
# Q-value    =-5.32086E+00 mass= 113.902780
# E-threshold= 5.36751E+00
# # energies =   103
#     E          xs
 1.00000E-11 0.00000E+00
 2.53000E-08 0.00000E+00
 2.00000E-07 0.00000E+00
 1.00000E-06 0.00000E+00
 1.00000E-05 0.00000E+00
 1.00000E-04 0.00000E+00
 1.00000E-03 0.00000E+00
 2.00000E-03 0.00000E+00
 4.00000E-03 0.00000E+00
 7.00000E-03 0.00000E+00
 1.00000E-02 0.00000E+00
 2.00000E-02 0.00000E+00
 4.00000E-02 0.00000E+00
 7.00000E-02 0.00000E+00
 1.00000E-01 0.00000E+00
 2.00000E-01 0.00000E+00
 3.00000E-01 0.00000E+00
 4.00000E-01 0.00000E+00
 5.00000E-01 0.00000E+00
 6.00000E-01 0.00000E+00
 7.00000E-01 0.00000E+00
 8.00000E-01 0.00000E+00
 9.00000E-01 0.00000E+00
 1.00000E+00 0.00000E+00
 1.20000E+00 0.00000E+00
 1.40000E+00 0.00000E+00
 1.60000E+00 0.00000E+00
 1.80000E+00 0.00000E+00
 2.00000E+00 0.00000E+00
 2.20000E+00 0.00000E+00
 2.40000E+00 0.00000E+00
 2.60000E+00 0.00000E+00
 2.80000E+00 0.00000E+00
 3.00000E+00 0.00000E+00
 3.20000E+00 0.00000E+00
 3.40000E+00 0.00000E+00
 3.60000E+00 0.00000E+00
 3.80000E+00 0.00000E+00
 4.00000E+00 0.00000E+00
 4.20000E+00 0.00000E+00
 4.40000E+00 0.00000E+00
 4.60000E+00 0.00000E+00
 4.80000E+00 0.00000E+00
 5.00000E+00 0.00000E+00
 5.20000E+00 0.00000E+00
 5.40000E+00 0.00000E+00
 5.60000E+00 0.00000E+00
 5.80000E+00 0.00000E+00
 6.00000E+00 0.00000E+00
 6.20000E+00 0.00000E+00
 6.40000E+00 0.00000E+00
 6.60000E+00 0.00000E+00
 6.80000E+00 0.00000E+00
 7.00000E+00 0.00000E+00
 7.20000E+00 0.00000E+00
 7.40000E+00 0.00000E+00
 7.60000E+00 0.00000E+00
 7.80000E+00 0.00000E+00
 8.00000E+00 0.00000E+00
 8.50000E+00 0.00000E+00
 9.00000E+00 0.00000E+00
 9.50000E+00 0.00000E+00
 1.00000E+01 7.37347E-02
 1.05000E+01 9.32061E-01
 1.10000E+01 5.05754E+00
 1.15000E+01 1.55568E+01
 1.20000E+01 3.33462E+01
 1.25000E+01 5.68876E+01
 1.30000E+01 8.42186E+01
 1.35000E+01 1.14893E+02
 1.40000E+01 1.49575E+02
 1.45000E+01 1.89547E+02
 1.50000E+01 2.15716E+02
 1.60000E+01 2.14408E+02
 1.70000E+01 2.13906E+02
 1.80000E+01 2.26369E+02
 1.90000E+01 2.43430E+02
 2.00000E+01 2.59441E+02
 2.10000E+01 2.78436E+02
 2.20000E+01 2.98271E+02
 2.30000E+01 3.17373E+02
 2.40000E+01 3.35336E+02
 2.50000E+01 3.43717E+02
 2.60000E+01 3.42801E+02
 2.70000E+01 3.36067E+02
 2.80000E+01 3.26486E+02
 2.90000E+01 3.15665E+02
 3.00000E+01 3.09523E+02
 3.20000E+01 3.00522E+02
 3.40000E+01 2.98271E+02
 3.60000E+01 2.96135E+02
 3.80000E+01 2.93500E+02
 4.00000E+01 2.90709E+02
 4.20000E+01 2.87142E+02
 4.40000E+01 2.85365E+02
 4.60000E+01 2.74081E+02
 4.80000E+01 2.72898E+02
 5.00000E+01 2.58884E+02
 5.20000E+01 2.54782E+02
 5.40000E+01 2.52642E+02
 5.60000E+01 2.43881E+02
 5.80000E+01 2.40099E+02
 6.00000E+01 2.34017E+02
