# p + 124Sn: Production of 124Sb - Level  2     0.03684 MeV
# Q-value    =-1.43160E+00 mass= 123.905937
# E-threshold= 1.44324E+00
# # energies =   103
#     E          xs      Branching
 1.00000E-11 0.00000E+00 0.00000E+00
 2.53000E-08 0.00000E+00 0.00000E+00
 2.00000E-07 0.00000E+00 0.00000E+00
 1.00000E-06 0.00000E+00 0.00000E+00
 1.00000E-05 0.00000E+00 0.00000E+00
 1.00000E-04 0.00000E+00 0.00000E+00
 1.00000E-03 0.00000E+00 0.00000E+00
 2.00000E-03 0.00000E+00 0.00000E+00
 4.00000E-03 0.00000E+00 0.00000E+00
 7.00000E-03 0.00000E+00 0.00000E+00
 1.00000E-02 0.00000E+00 0.00000E+00
 2.00000E-02 0.00000E+00 0.00000E+00
 4.00000E-02 0.00000E+00 0.00000E+00
 7.00000E-02 0.00000E+00 0.00000E+00
 1.00000E-01 0.00000E+00 0.00000E+00
 2.00000E-01 0.00000E+00 0.00000E+00
 3.00000E-01 0.00000E+00 0.00000E+00
 4.00000E-01 0.00000E+00 0.00000E+00
 5.00000E-01 0.00000E+00 0.00000E+00
 6.00000E-01 0.00000E+00 0.00000E+00
 7.00000E-01 0.00000E+00 0.00000E+00
 8.00000E-01 0.00000E+00 0.00000E+00
 9.00000E-01 0.00000E+00 0.00000E+00
 1.00000E+00 0.00000E+00 0.00000E+00
 1.20000E+00 0.00000E+00 0.00000E+00
 1.40000E+00 0.00000E+00 0.00000E+00
 1.60000E+00 0.00000E+00 0.00000E+00
 1.80000E+00 0.00000E+00 0.00000E+00
 2.00000E+00 0.00000E+00 0.00000E+00
 2.20000E+00 5.70841E-07 3.99195E-04
 2.40000E+00 3.75668E-06 7.05842E-04
 2.60000E+00 1.93319E-05 1.15412E-03
 2.80000E+00 7.02376E-05 1.52613E-03
 3.00000E+00 2.11679E-04 1.87486E-03
 3.20000E+00 6.23009E-04 2.47499E-03
 3.40000E+00 1.55114E-03 3.00190E-03
 3.60000E+00 3.52897E-03 3.57351E-03
 3.80000E+00 7.45562E-03 4.20528E-03
 4.00000E+00 1.47662E-02 4.90248E-03
 4.20000E+00 2.75212E-02 5.64954E-03
 4.40000E+00 4.86133E-02 6.44773E-03
 4.60000E+00 8.19191E-02 7.30417E-03
 4.80000E+00 1.32240E-01 8.21551E-03
 5.00000E+00 2.05349E-01 9.18253E-03
 5.20000E+00 3.08070E-01 1.02113E-02
 5.40000E+00 4.47593E-01 1.12945E-02
 5.60000E+00 6.32969E-01 1.24546E-02
 5.80000E+00 8.73438E-01 1.36942E-02
 6.00000E+00 1.18370E+00 1.50755E-02
 6.20000E+00 1.56214E+00 1.64418E-02
 6.40000E+00 2.02861E+00 1.79158E-02
 6.60000E+00 2.61018E+00 1.96064E-02
 6.80000E+00 3.29105E+00 2.12778E-02
 7.00000E+00 4.11731E+00 2.31589E-02
 7.20000E+00 5.07152E+00 2.50541E-02
 7.40000E+00 6.18413E+00 2.70679E-02
 7.60000E+00 7.49064E+00 2.92794E-02
 7.80000E+00 8.95429E+00 3.14888E-02
 8.00000E+00 1.05944E+01 3.40533E-02
 8.50000E+00 1.47056E+01 4.45985E-02
 9.00000E+00 1.86293E+01 6.08537E-02
 9.50000E+00 2.20394E+01 8.44686E-02
 1.00000E+01 2.47336E+01 1.15973E-01
 1.05000E+01 2.68183E+01 1.55927E-01
 1.10000E+01 2.85207E+01 1.97078E-01
 1.15000E+01 2.94435E+01 2.44714E-01
 1.20000E+01 3.00189E+01 2.86709E-01
 1.25000E+01 3.01473E+01 3.27435E-01
 1.30000E+01 2.99793E+01 3.63090E-01
 1.35000E+01 2.95150E+01 3.94281E-01
 1.40000E+01 2.90181E+01 4.18004E-01
 1.45000E+01 2.83842E+01 4.35441E-01
 1.50000E+01 2.78355E+01 4.45013E-01
 1.60000E+01 2.68348E+01 4.61964E-01
 1.70000E+01 2.61051E+01 4.70211E-01
 1.80000E+01 2.54431E+01 4.76110E-01
 1.90000E+01 2.46900E+01 4.79808E-01
 2.00000E+01 2.39903E+01 4.83520E-01
 2.10000E+01 2.29716E+01 4.78804E-01
 2.20000E+01 2.21873E+01 4.86258E-01
 2.30000E+01 2.13443E+01 4.87259E-01
 2.40000E+01 2.03898E+01 4.85565E-01
 2.50000E+01 1.96262E+01 4.88199E-01
 2.60000E+01 1.87147E+01 4.86229E-01
 2.70000E+01 1.81100E+01 4.81683E-01
 2.80000E+01 1.72868E+01 4.90454E-01
 2.90000E+01 1.63370E+01 4.81735E-01
 3.00000E+01 1.56177E+01 4.80146E-01
 3.20000E+01 1.43988E+01 4.85233E-01
 3.40000E+01 1.31326E+01 4.86282E-01
 3.60000E+01 1.23150E+01 4.88606E-01
 3.80000E+01 1.10370E+01 4.73123E-01
 4.00000E+01 1.04405E+01 4.92686E-01
 4.20000E+01 9.24408E+00 4.75005E-01
 4.40000E+01 8.66453E+00 4.66681E-01
 4.60000E+01 8.22237E+00 4.93661E-01
 4.80000E+01 7.34161E+00 4.82550E-01
 5.00000E+01 6.90448E+00 4.74553E-01
 5.20000E+01 6.73205E+00 4.71584E-01
 5.40000E+01 6.23770E+00 4.93464E-01
 5.60000E+01 5.32470E+00 4.79129E-01
 5.80000E+01 4.86656E+00 4.68892E-01
 6.00000E+01 4.78531E+00 4.70257E-01
