# p + 118Sn: Production of 119Sb - Total
# Q-value    = 5.11166E+00 mass= 118.903944
# E-threshold= 0.00000E+00
# # energies =   103
#     E          xs
 1.00000E-11 0.00000E+00
 2.53000E-08 0.00000E+00
 2.00000E-07 0.00000E+00
 1.00000E-06 0.00000E+00
 1.00000E-05 0.00000E+00
 1.00000E-04 0.00000E+00
 1.00000E-03 0.00000E+00
 2.00000E-03 0.00000E+00
 4.00000E-03 0.00000E+00
 7.00000E-03 0.00000E+00
 1.00000E-02 0.00000E+00
 2.00000E-02 0.00000E+00
 4.00000E-02 0.00000E+00
 7.00000E-02 0.00000E+00
 1.00000E-01 0.00000E+00
 2.00000E-01 0.00000E+00
 3.00000E-01 0.00000E+00
 4.00000E-01 0.00000E+00
 5.00000E-01 0.00000E+00
 6.00000E-01 0.00000E+00
 7.00000E-01 0.00000E+00
 8.00000E-01 0.00000E+00
 9.00000E-01 0.00000E+00
 1.00000E+00 0.00000E+00
 1.20000E+00 0.00000E+00
 1.40000E+00 0.00000E+00
 1.60000E+00 0.00000E+00
 1.80000E+00 1.00000E-07
 2.00000E+00 1.00000E-07
 2.20000E+00 1.00000E-07
 2.40000E+00 3.51496E-03
 2.60000E+00 1.11362E-02
 2.80000E+00 3.08307E-02
 3.00000E+00 7.62772E-02
 3.20000E+00 1.71416E-01
 3.40000E+00 3.54454E-01
 3.60000E+00 6.81577E-01
 3.80000E+00 1.22984E+00
 4.00000E+00 2.09858E+00
 4.20000E+00 3.41025E+00
 4.40000E+00 5.30925E+00
 4.60000E+00 3.63922E+00
 4.80000E+00 2.82917E+00
 5.00000E+00 2.49037E+00
 5.20000E+00 2.59083E+00
 5.40000E+00 2.84982E+00
 5.60000E+00 3.17526E+00
 5.80000E+00 3.53219E+00
 6.00000E+00 3.89864E+00
 6.20000E+00 4.23439E+00
 6.40000E+00 4.53396E+00
 6.60000E+00 4.80960E+00
 6.80000E+00 4.98399E+00
 7.00000E+00 5.12513E+00
 7.20000E+00 5.17955E+00
 7.40000E+00 5.15754E+00
 7.60000E+00 5.09940E+00
 7.80000E+00 4.95841E+00
 8.00000E+00 4.81216E+00
 8.50000E+00 4.31445E+00
 9.00000E+00 3.73649E+00
 9.50000E+00 3.18466E+00
 1.00000E+01 2.70105E+00
 1.05000E+01 2.30056E+00
 1.10000E+01 2.00009E+00
 1.15000E+01 1.80055E+00
 1.20000E+01 1.64918E+00
 1.25000E+01 1.52491E+00
 1.30000E+01 1.47054E+00
 1.35000E+01 1.42184E+00
 1.40000E+01 1.40189E+00
 1.45000E+01 1.39114E+00
 1.50000E+01 1.38963E+00
 1.60000E+01 1.39940E+00
 1.70000E+01 1.39715E+00
 1.80000E+01 1.35451E+00
 1.90000E+01 1.27284E+00
 2.00000E+01 1.14999E+00
 2.10000E+01 9.95093E-01
 2.20000E+01 8.61464E-01
 2.30000E+01 7.31311E-01
 2.40000E+01 6.36186E-01
 2.50000E+01 5.56843E-01
 2.60000E+01 4.92946E-01
 2.70000E+01 4.44599E-01
 2.80000E+01 4.03685E-01
 2.90000E+01 3.73612E-01
 3.00000E+01 3.52755E-01
 3.20000E+01 3.05175E-01
 3.40000E+01 2.74734E-01
 3.60000E+01 2.41319E-01
 3.80000E+01 2.19390E-01
 4.00000E+01 1.95666E-01
 4.20000E+01 1.77700E-01
 4.40000E+01 1.68457E-01
 4.60000E+01 1.52238E-01
 4.80000E+01 1.39169E-01
 5.00000E+01 1.33764E-01
 5.20000E+01 1.29493E-01
 5.40000E+01 1.20284E-01
 5.60000E+01 1.09396E-01
 5.80000E+01 1.05708E-01
 6.00000E+01 1.03936E-01
