# p + 117Sn: Production of 118Sb - Total
# Q-value    = 4.88743E+00 mass= 117.905532
# E-threshold= 0.00000E+00
# # energies =   103
#     E          xs
 1.00000E-11 0.00000E+00
 2.53000E-08 0.00000E+00
 2.00000E-07 0.00000E+00
 1.00000E-06 0.00000E+00
 1.00000E-05 0.00000E+00
 1.00000E-04 0.00000E+00
 1.00000E-03 0.00000E+00
 2.00000E-03 0.00000E+00
 4.00000E-03 0.00000E+00
 7.00000E-03 0.00000E+00
 1.00000E-02 0.00000E+00
 2.00000E-02 0.00000E+00
 4.00000E-02 0.00000E+00
 7.00000E-02 0.00000E+00
 1.00000E-01 0.00000E+00
 2.00000E-01 0.00000E+00
 3.00000E-01 0.00000E+00
 4.00000E-01 0.00000E+00
 5.00000E-01 0.00000E+00
 6.00000E-01 0.00000E+00
 7.00000E-01 0.00000E+00
 8.00000E-01 0.00000E+00
 9.00000E-01 0.00000E+00
 1.00000E+00 0.00000E+00
 1.20000E+00 0.00000E+00
 1.40000E+00 0.00000E+00
 1.60000E+00 0.00000E+00
 1.80000E+00 1.00000E-07
 2.00000E+00 1.00000E-07
 2.20000E+00 1.00000E-07
 2.40000E+00 3.29756E-03
 2.60000E+00 7.40535E-03
 2.80000E+00 1.24962E-02
 3.00000E+00 2.52825E-02
 3.20000E+00 4.80516E-02
 3.40000E+00 6.41826E-02
 3.60000E+00 9.13931E-02
 3.80000E+00 1.45485E-01
 4.00000E+00 2.26231E-01
 4.20000E+00 2.97474E-01
 4.40000E+00 3.93581E-01
 4.60000E+00 5.14032E-01
 4.80000E+00 6.58485E-01
 5.00000E+00 8.36958E-01
 5.20000E+00 1.03166E+00
 5.40000E+00 1.24153E+00
 5.60000E+00 1.47941E+00
 5.80000E+00 1.68830E+00
 6.00000E+00 1.93560E+00
 6.20000E+00 2.10947E+00
 6.40000E+00 2.32277E+00
 6.60000E+00 2.43554E+00
 6.80000E+00 2.57653E+00
 7.00000E+00 2.62334E+00
 7.20000E+00 2.66753E+00
 7.40000E+00 2.68291E+00
 7.60000E+00 2.61318E+00
 7.80000E+00 2.59029E+00
 8.00000E+00 2.47597E+00
 8.50000E+00 2.23009E+00
 9.00000E+00 1.93920E+00
 9.50000E+00 1.64188E+00
 1.00000E+01 1.41791E+00
 1.05000E+01 1.29346E+00
 1.10000E+01 1.11265E+00
 1.15000E+01 1.05464E+00
 1.20000E+01 1.02106E+00
 1.25000E+01 1.01453E+00
 1.30000E+01 1.02474E+00
 1.35000E+01 1.04492E+00
 1.40000E+01 1.05798E+00
 1.45000E+01 1.08622E+00
 1.50000E+01 1.09260E+00
 1.60000E+01 1.14538E+00
 1.70000E+01 1.11922E+00
 1.80000E+01 1.05802E+00
 1.90000E+01 9.80340E-01
 2.00000E+01 8.69099E-01
 2.10000E+01 7.67296E-01
 2.20000E+01 6.61487E-01
 2.30000E+01 5.75169E-01
 2.40000E+01 5.06527E-01
 2.50000E+01 4.42886E-01
 2.60000E+01 3.98041E-01
 2.70000E+01 3.60092E-01
 2.80000E+01 3.25941E-01
 2.90000E+01 3.03974E-01
 3.00000E+01 2.84544E-01
 3.20000E+01 2.48828E-01
 3.40000E+01 2.24230E-01
 3.60000E+01 1.99217E-01
 3.80000E+01 1.76988E-01
 4.00000E+01 1.59513E-01
 4.20000E+01 1.47513E-01
 4.40000E+01 1.36548E-01
 4.60000E+01 1.22850E-01
 4.80000E+01 1.15019E-01
 5.00000E+01 1.09824E-01
 5.20000E+01 1.05408E-01
 5.40000E+01 9.64984E-02
 5.60000E+01 9.04566E-02
 5.80000E+01 8.75488E-02
 6.00000E+01 8.55811E-02
