# p + 117Sn: Production of 115Sn - Total
# Q-value    =-8.02472E+00 mass= 114.903345
# E-threshold= 8.09386E+00
# # energies =   103
#     E          xs
 1.00000E-11 0.00000E+00
 2.53000E-08 0.00000E+00
 2.00000E-07 0.00000E+00
 1.00000E-06 0.00000E+00
 1.00000E-05 0.00000E+00
 1.00000E-04 0.00000E+00
 1.00000E-03 0.00000E+00
 2.00000E-03 0.00000E+00
 4.00000E-03 0.00000E+00
 7.00000E-03 0.00000E+00
 1.00000E-02 0.00000E+00
 2.00000E-02 0.00000E+00
 4.00000E-02 0.00000E+00
 7.00000E-02 0.00000E+00
 1.00000E-01 0.00000E+00
 2.00000E-01 0.00000E+00
 3.00000E-01 0.00000E+00
 4.00000E-01 0.00000E+00
 5.00000E-01 0.00000E+00
 6.00000E-01 0.00000E+00
 7.00000E-01 0.00000E+00
 8.00000E-01 0.00000E+00
 9.00000E-01 0.00000E+00
 1.00000E+00 0.00000E+00
 1.20000E+00 0.00000E+00
 1.40000E+00 0.00000E+00
 1.60000E+00 0.00000E+00
 1.80000E+00 0.00000E+00
 2.00000E+00 0.00000E+00
 2.20000E+00 0.00000E+00
 2.40000E+00 0.00000E+00
 2.60000E+00 0.00000E+00
 2.80000E+00 0.00000E+00
 3.00000E+00 0.00000E+00
 3.20000E+00 0.00000E+00
 3.40000E+00 0.00000E+00
 3.60000E+00 0.00000E+00
 3.80000E+00 0.00000E+00
 4.00000E+00 0.00000E+00
 4.20000E+00 0.00000E+00
 4.40000E+00 0.00000E+00
 4.60000E+00 0.00000E+00
 4.80000E+00 0.00000E+00
 5.00000E+00 0.00000E+00
 5.20000E+00 0.00000E+00
 5.40000E+00 0.00000E+00
 5.60000E+00 0.00000E+00
 5.80000E+00 0.00000E+00
 6.00000E+00 0.00000E+00
 6.20000E+00 0.00000E+00
 6.40000E+00 0.00000E+00
 6.60000E+00 0.00000E+00
 6.80000E+00 0.00000E+00
 7.00000E+00 0.00000E+00
 7.20000E+00 0.00000E+00
 7.40000E+00 0.00000E+00
 7.60000E+00 0.00000E+00
 7.80000E+00 0.00000E+00
 8.00000E+00 0.00000E+00
 8.50000E+00 0.00000E+00
 9.00000E+00 0.00000E+00
 9.50000E+00 0.00000E+00
 1.00000E+01 0.00000E+00
 1.05000E+01 0.00000E+00
 1.10000E+01 0.00000E+00
 1.15000E+01 0.00000E+00
 1.20000E+01 0.00000E+00
 1.25000E+01 0.00000E+00
 1.30000E+01 0.00000E+00
 1.35000E+01 0.00000E+00
 1.40000E+01 0.00000E+00
 1.45000E+01 0.00000E+00
 1.50000E+01 0.00000E+00
 1.60000E+01 5.36490E-03
 1.70000E+01 3.15585E-02
 1.80000E+01 1.09264E-01
 1.90000E+01 2.61138E-01
 2.00000E+01 5.35086E-01
 2.10000E+01 1.47386E+00
 2.20000E+01 4.35762E+00
 2.30000E+01 1.05737E+01
 2.40000E+01 2.03162E+01
 2.50000E+01 3.28774E+01
 2.60000E+01 4.75882E+01
 2.70000E+01 6.42505E+01
 2.80000E+01 8.31535E+01
 2.90000E+01 1.03508E+02
 3.00000E+01 1.23343E+02
 3.20000E+01 1.65408E+02
 3.40000E+01 2.03139E+02
 3.60000E+01 2.28447E+02
 3.80000E+01 2.43812E+02
 4.00000E+01 2.49438E+02
 4.20000E+01 2.48261E+02
 4.40000E+01 2.52322E+02
 4.60000E+01 2.48860E+02
 4.80000E+01 2.48416E+02
 5.00000E+01 2.42963E+02
 5.20000E+01 2.41927E+02
 5.40000E+01 2.41428E+02
 5.60000E+01 2.33253E+02
 5.80000E+01 2.31266E+02
 6.00000E+01 2.26498E+02
