# p + 124Sn: Production of 124Sb - Ground state
# Q-value    =-1.39476E+00 mass= 123.905937
# E-threshold= 1.40610E+00
# # energies =   103
#     E          xs      Branching
 1.00000E-11 0.00000E+00 0.00000E+00
 2.53000E-08 0.00000E+00 0.00000E+00
 2.00000E-07 0.00000E+00 0.00000E+00
 1.00000E-06 0.00000E+00 0.00000E+00
 1.00000E-05 0.00000E+00 0.00000E+00
 1.00000E-04 0.00000E+00 0.00000E+00
 1.00000E-03 0.00000E+00 0.00000E+00
 2.00000E-03 0.00000E+00 0.00000E+00
 4.00000E-03 0.00000E+00 0.00000E+00
 7.00000E-03 0.00000E+00 0.00000E+00
 1.00000E-02 0.00000E+00 0.00000E+00
 2.00000E-02 0.00000E+00 0.00000E+00
 4.00000E-02 0.00000E+00 0.00000E+00
 7.00000E-02 0.00000E+00 0.00000E+00
 1.00000E-01 0.00000E+00 0.00000E+00
 2.00000E-01 0.00000E+00 0.00000E+00
 3.00000E-01 0.00000E+00 0.00000E+00
 4.00000E-01 0.00000E+00 0.00000E+00
 5.00000E-01 0.00000E+00 0.00000E+00
 6.00000E-01 0.00000E+00 0.00000E+00
 7.00000E-01 0.00000E+00 0.00000E+00
 8.00000E-01 0.00000E+00 0.00000E+00
 9.00000E-01 0.00000E+00 0.00000E+00
 1.00000E+00 0.00000E+00 0.00000E+00
 1.20000E+00 0.00000E+00 0.00000E+00
 1.40000E+00 0.00000E+00 0.00000E+00
 1.60000E+00 0.00000E+00 0.00000E+00
 1.80000E+00 0.00000E+00 0.00000E+00
 2.00000E+00 0.00000E+00 0.00000E+00
 2.20000E+00 1.15972E-03 8.11002E-01
 2.40000E+00 4.31032E-03 8.09865E-01
 2.60000E+00 1.35497E-02 8.08921E-01
 2.80000E+00 3.72076E-02 8.08452E-01
 3.00000E+00 9.12515E-02 8.08224E-01
 3.20000E+00 2.03299E-01 8.07635E-01
 3.40000E+00 4.17037E-01 8.07086E-01
 3.60000E+00 7.96356E-01 8.06407E-01
 3.80000E+00 1.42806E+00 8.05487E-01
 4.00000E+00 2.42267E+00 8.04344E-01
 4.20000E+00 3.91161E+00 8.02973E-01
 4.40000E+00 6.04190E+00 8.01356E-01
 4.60000E+00 8.96640E+00 7.99473E-01
 4.80000E+00 1.28339E+01 7.97320E-01
 5.00000E+00 1.77765E+01 7.94909E-01
 5.20000E+00 2.39015E+01 7.92244E-01
 5.40000E+00 3.12819E+01 7.89360E-01
 5.60000E+00 3.99582E+01 7.86240E-01
 5.80000E+00 4.99356E+01 7.82917E-01
 6.00000E+00 6.11931E+01 7.79349E-01
 6.20000E+00 7.37009E+01 7.75717E-01
 6.40000E+00 8.74082E+01 7.71951E-01
 6.60000E+00 1.02234E+02 7.67928E-01
 6.80000E+00 1.18162E+02 7.63958E-01
 7.00000E+00 1.35084E+02 7.59817E-01
 7.20000E+00 1.52976E+02 7.55726E-01
 7.40000E+00 1.71493E+02 7.50625E-01
 7.60000E+00 1.90956E+02 7.46406E-01
 7.80000E+00 2.11080E+02 7.42289E-01
 8.00000E+00 2.29639E+02 7.38126E-01
 8.50000E+00 2.38454E+02 7.23172E-01
 9.00000E+00 2.15146E+02 7.02789E-01
 9.50000E+00 1.76069E+02 6.74805E-01
 1.00000E+01 1.36880E+02 6.41810E-01
 1.05000E+01 1.03728E+02 6.03097E-01
 1.10000E+01 8.15702E+01 5.63650E-01
 1.15000E+01 6.29604E+01 5.23284E-01
 1.20000E+01 5.11759E+01 4.88778E-01
 1.25000E+01 4.19736E+01 4.55881E-01
 1.30000E+01 3.53987E+01 4.28727E-01
 1.35000E+01 3.03773E+01 4.05800E-01
 1.40000E+01 2.70223E+01 3.89255E-01
 1.45000E+01 2.45936E+01 3.77289E-01
 1.50000E+01 2.31953E+01 3.70829E-01
 1.60000E+01 2.09473E+01 3.60610E-01
 1.70000E+01 1.97347E+01 3.55467E-01
 1.80000E+01 1.88113E+01 3.52011E-01
 1.90000E+01 1.80106E+01 3.50005E-01
 2.00000E+01 1.72630E+01 3.47931E-01
 2.10000E+01 1.68689E+01 3.51603E-01
 2.20000E+01 1.58135E+01 3.46568E-01
 2.30000E+01 1.51673E+01 3.46248E-01
 2.40000E+01 1.46006E+01 3.47700E-01
 2.50000E+01 1.39275E+01 3.46444E-01
 2.60000E+01 1.33885E+01 3.47848E-01
 2.70000E+01 1.32200E+01 3.51622E-01
 2.80000E+01 1.21727E+01 3.45358E-01
 2.90000E+01 1.19381E+01 3.52022E-01
 3.00000E+01 1.14833E+01 3.53039E-01
 3.20000E+01 1.03913E+01 3.50183E-01
 3.40000E+01 9.46333E+00 3.50414E-01
 3.60000E+01 8.78195E+00 3.48430E-01
 3.80000E+01 8.39944E+00 3.60058E-01
 4.00000E+01 7.33190E+00 3.45991E-01
 4.20000E+01 6.98929E+00 3.59143E-01
 4.40000E+01 6.78830E+00 3.65625E-01
 4.60000E+01 5.76305E+00 3.46006E-01
 4.80000E+01 5.39566E+00 3.54647E-01
 5.00000E+01 5.25318E+00 3.61058E-01
 5.20000E+01 5.19871E+00 3.64173E-01
 5.40000E+01 4.40062E+00 3.48133E-01
 5.60000E+01 3.98652E+00 3.58716E-01
 5.80000E+01 3.79742E+00 3.65880E-01
 6.00000E+01 3.72230E+00 3.65794E-01
