# p + 116Sn: Production of 116Sb - Total
# Q-value    =-5.48631E+00 mass= 115.906793
# E-threshold= 5.53399E+00
# # energies =   103
#     E          xs
 1.00000E-11 0.00000E+00
 2.53000E-08 0.00000E+00
 2.00000E-07 0.00000E+00
 1.00000E-06 0.00000E+00
 1.00000E-05 0.00000E+00
 1.00000E-04 0.00000E+00
 1.00000E-03 0.00000E+00
 2.00000E-03 0.00000E+00
 4.00000E-03 0.00000E+00
 7.00000E-03 0.00000E+00
 1.00000E-02 0.00000E+00
 2.00000E-02 0.00000E+00
 4.00000E-02 0.00000E+00
 7.00000E-02 0.00000E+00
 1.00000E-01 0.00000E+00
 2.00000E-01 0.00000E+00
 3.00000E-01 0.00000E+00
 4.00000E-01 0.00000E+00
 5.00000E-01 0.00000E+00
 6.00000E-01 0.00000E+00
 7.00000E-01 0.00000E+00
 8.00000E-01 0.00000E+00
 9.00000E-01 0.00000E+00
 1.00000E+00 0.00000E+00
 1.20000E+00 0.00000E+00
 1.40000E+00 0.00000E+00
 1.60000E+00 0.00000E+00
 1.80000E+00 0.00000E+00
 2.00000E+00 0.00000E+00
 2.20000E+00 0.00000E+00
 2.40000E+00 0.00000E+00
 2.60000E+00 0.00000E+00
 2.80000E+00 0.00000E+00
 3.00000E+00 0.00000E+00
 3.20000E+00 0.00000E+00
 3.40000E+00 0.00000E+00
 3.60000E+00 0.00000E+00
 3.80000E+00 0.00000E+00
 4.00000E+00 0.00000E+00
 4.20000E+00 0.00000E+00
 4.40000E+00 0.00000E+00
 4.60000E+00 0.00000E+00
 4.80000E+00 0.00000E+00
 5.00000E+00 0.00000E+00
 5.20000E+00 0.00000E+00
 5.40000E+00 0.00000E+00
 5.60000E+00 3.73534E+00
 5.80000E+00 3.01441E+01
 6.00000E+00 4.44036E+01
 6.20000E+00 6.58561E+01
 6.40000E+00 8.97231E+01
 6.60000E+00 1.13290E+02
 6.80000E+00 1.37079E+02
 7.00000E+00 1.61219E+02
 7.20000E+00 1.85724E+02
 7.40000E+00 2.10543E+02
 7.60000E+00 2.35656E+02
 7.80000E+00 2.60955E+02
 8.00000E+00 2.86511E+02
 8.50000E+00 3.51090E+02
 9.00000E+00 4.16249E+02
 9.50000E+00 4.81232E+02
 1.00000E+01 5.44515E+02
 1.05000E+01 6.05780E+02
 1.10000E+01 6.64529E+02
 1.15000E+01 7.20186E+02
 1.20000E+01 7.71965E+02
 1.25000E+01 8.18886E+02
 1.30000E+01 8.59702E+02
 1.35000E+01 8.92632E+02
 1.40000E+01 8.45719E+02
 1.45000E+01 7.56580E+02
 1.50000E+01 6.54871E+02
 1.60000E+01 4.71944E+02
 1.70000E+01 3.24576E+02
 1.80000E+01 2.26330E+02
 1.90000E+01 1.66191E+02
 2.00000E+01 1.28720E+02
 2.10000E+01 1.06733E+02
 2.20000E+01 9.24809E+01
 2.30000E+01 8.37164E+01
 2.40000E+01 7.75102E+01
 2.50000E+01 7.27735E+01
 2.60000E+01 6.89742E+01
 2.70000E+01 6.57398E+01
 2.80000E+01 6.26433E+01
 2.90000E+01 5.99783E+01
 3.00000E+01 5.70942E+01
 3.20000E+01 5.22248E+01
 3.40000E+01 4.81040E+01
 3.60000E+01 4.44467E+01
 3.80000E+01 4.07173E+01
 4.00000E+01 3.72611E+01
 4.20000E+01 3.46445E+01
 4.40000E+01 3.16493E+01
 4.60000E+01 2.95422E+01
 4.80000E+01 2.78952E+01
 5.00000E+01 2.54238E+01
 5.20000E+01 2.40814E+01
 5.40000E+01 2.20627E+01
 5.60000E+01 2.07957E+01
 5.80000E+01 1.93102E+01
 6.00000E+01 1.77472E+01
