# p + 122Sn: Production of 121Sn - Total
# Q-value    =-6.59008E+00 mass= 120.904243
# E-threshold= 6.64453E+00
# # energies =   103
#     E          xs
 1.00000E-11 0.00000E+00
 2.53000E-08 0.00000E+00
 2.00000E-07 0.00000E+00
 1.00000E-06 0.00000E+00
 1.00000E-05 0.00000E+00
 1.00000E-04 0.00000E+00
 1.00000E-03 0.00000E+00
 2.00000E-03 0.00000E+00
 4.00000E-03 0.00000E+00
 7.00000E-03 0.00000E+00
 1.00000E-02 0.00000E+00
 2.00000E-02 0.00000E+00
 4.00000E-02 0.00000E+00
 7.00000E-02 0.00000E+00
 1.00000E-01 0.00000E+00
 2.00000E-01 0.00000E+00
 3.00000E-01 0.00000E+00
 4.00000E-01 0.00000E+00
 5.00000E-01 0.00000E+00
 6.00000E-01 0.00000E+00
 7.00000E-01 0.00000E+00
 8.00000E-01 0.00000E+00
 9.00000E-01 0.00000E+00
 1.00000E+00 0.00000E+00
 1.20000E+00 0.00000E+00
 1.40000E+00 0.00000E+00
 1.60000E+00 0.00000E+00
 1.80000E+00 0.00000E+00
 2.00000E+00 0.00000E+00
 2.20000E+00 0.00000E+00
 2.40000E+00 0.00000E+00
 2.60000E+00 0.00000E+00
 2.80000E+00 0.00000E+00
 3.00000E+00 0.00000E+00
 3.20000E+00 0.00000E+00
 3.40000E+00 0.00000E+00
 3.60000E+00 0.00000E+00
 3.80000E+00 0.00000E+00
 4.00000E+00 0.00000E+00
 4.20000E+00 0.00000E+00
 4.40000E+00 0.00000E+00
 4.60000E+00 0.00000E+00
 4.80000E+00 0.00000E+00
 5.00000E+00 0.00000E+00
 5.20000E+00 0.00000E+00
 5.40000E+00 0.00000E+00
 5.60000E+00 0.00000E+00
 5.80000E+00 0.00000E+00
 6.00000E+00 0.00000E+00
 6.20000E+00 0.00000E+00
 6.40000E+00 0.00000E+00
 6.60000E+00 0.00000E+00
 6.80000E+00 0.00000E+00
 7.00000E+00 0.00000E+00
 7.20000E+00 0.00000E+00
 7.40000E+00 0.00000E+00
 7.60000E+00 0.00000E+00
 7.80000E+00 0.00000E+00
 8.00000E+00 0.00000E+00
 8.50000E+00 0.00000E+00
 9.00000E+00 0.00000E+00
 9.50000E+00 0.00000E+00
 1.00000E+01 0.00000E+00
 1.05000E+01 0.00000E+00
 1.10000E+01 1.12575E-03
 1.15000E+01 4.21525E-03
 1.20000E+01 1.30875E-02
 1.25000E+01 4.36846E-02
 1.30000E+01 1.18477E-01
 1.35000E+01 2.49664E-01
 1.40000E+01 5.44257E-01
 1.45000E+01 1.08500E+00
 1.50000E+01 1.99106E+00
 1.60000E+01 5.01364E+00
 1.70000E+01 1.06903E+01
 1.80000E+01 1.86414E+01
 1.90000E+01 2.92227E+01
 2.00000E+01 4.23499E+01
 2.10000E+01 5.69132E+01
 2.20000E+01 7.33548E+01
 2.30000E+01 9.14779E+01
 2.40000E+01 1.07150E+02
 2.50000E+01 1.25252E+02
 2.60000E+01 1.38657E+02
 2.70000E+01 1.53818E+02
 2.80000E+01 1.64119E+02
 2.90000E+01 1.73846E+02
 3.00000E+01 1.82233E+02
 3.20000E+01 1.91672E+02
 3.40000E+01 2.01275E+02
 3.60000E+01 2.00885E+02
 3.80000E+01 2.06615E+02
 4.00000E+01 2.06204E+02
 4.20000E+01 2.01771E+02
 4.40000E+01 2.06206E+02
 4.60000E+01 1.96333E+02
 4.80000E+01 1.93227E+02
 5.00000E+01 1.96901E+02
 5.20000E+01 1.85053E+02
 5.40000E+01 1.83938E+02
 5.60000E+01 1.84800E+02
 5.80000E+01 1.81741E+02
 6.00000E+01 1.71754E+02
