# p + 119Sn: Production of 118Sn - Total
# Q-value    =-4.25889E+00 mass= 117.901607
# E-threshold= 4.29497E+00
# # energies =   103
#     E          xs
 1.00000E-11 0.00000E+00
 2.53000E-08 0.00000E+00
 2.00000E-07 0.00000E+00
 1.00000E-06 0.00000E+00
 1.00000E-05 0.00000E+00
 1.00000E-04 0.00000E+00
 1.00000E-03 0.00000E+00
 2.00000E-03 0.00000E+00
 4.00000E-03 0.00000E+00
 7.00000E-03 0.00000E+00
 1.00000E-02 0.00000E+00
 2.00000E-02 0.00000E+00
 4.00000E-02 0.00000E+00
 7.00000E-02 0.00000E+00
 1.00000E-01 0.00000E+00
 2.00000E-01 0.00000E+00
 3.00000E-01 0.00000E+00
 4.00000E-01 0.00000E+00
 5.00000E-01 0.00000E+00
 6.00000E-01 0.00000E+00
 7.00000E-01 0.00000E+00
 8.00000E-01 0.00000E+00
 9.00000E-01 0.00000E+00
 1.00000E+00 0.00000E+00
 1.20000E+00 0.00000E+00
 1.40000E+00 0.00000E+00
 1.60000E+00 0.00000E+00
 1.80000E+00 0.00000E+00
 2.00000E+00 0.00000E+00
 2.20000E+00 0.00000E+00
 2.40000E+00 0.00000E+00
 2.60000E+00 0.00000E+00
 2.80000E+00 0.00000E+00
 3.00000E+00 0.00000E+00
 3.20000E+00 0.00000E+00
 3.40000E+00 0.00000E+00
 3.60000E+00 0.00000E+00
 3.80000E+00 0.00000E+00
 4.00000E+00 0.00000E+00
 4.20000E+00 0.00000E+00
 4.40000E+00 0.00000E+00
 4.60000E+00 0.00000E+00
 4.80000E+00 0.00000E+00
 5.00000E+00 0.00000E+00
 5.20000E+00 0.00000E+00
 5.40000E+00 0.00000E+00
 5.60000E+00 0.00000E+00
 5.80000E+00 0.00000E+00
 6.00000E+00 0.00000E+00
 6.20000E+00 0.00000E+00
 6.40000E+00 0.00000E+00
 6.60000E+00 0.00000E+00
 6.80000E+00 0.00000E+00
 7.00000E+00 0.00000E+00
 7.20000E+00 0.00000E+00
 7.40000E+00 0.00000E+00
 7.60000E+00 0.00000E+00
 7.80000E+00 0.00000E+00
 8.00000E+00 0.00000E+00
 8.50000E+00 0.00000E+00
 9.00000E+00 8.64281E-03
 9.50000E+00 1.01525E-01
 1.00000E+01 5.70937E-01
 1.05000E+01 2.01411E+00
 1.10000E+01 5.05189E+00
 1.15000E+01 6.96297E+00
 1.20000E+01 6.85318E+00
 1.25000E+01 6.44405E+00
 1.30000E+01 6.22485E+00
 1.35000E+01 6.75370E+00
 1.40000E+01 7.75231E+00
 1.45000E+01 9.54165E+00
 1.50000E+01 1.18215E+01
 1.60000E+01 1.84914E+01
 1.70000E+01 2.75077E+01
 1.80000E+01 3.89307E+01
 1.90000E+01 5.28089E+01
 2.00000E+01 6.87755E+01
 2.10000E+01 8.80384E+01
 2.20000E+01 1.07243E+02
 2.30000E+01 1.26589E+02
 2.40000E+01 1.45150E+02
 2.50000E+01 1.61882E+02
 2.60000E+01 1.77130E+02
 2.70000E+01 1.92354E+02
 2.80000E+01 2.04759E+02
 2.90000E+01 2.16504E+02
 3.00000E+01 2.26467E+02
 3.20000E+01 2.35942E+02
 3.40000E+01 2.45622E+02
 3.60000E+01 2.47814E+02
 3.80000E+01 2.44690E+02
 4.00000E+01 2.44460E+02
 4.20000E+01 2.41741E+02
 4.40000E+01 2.41357E+02
 4.60000E+01 2.34565E+02
 4.80000E+01 2.37372E+02
 5.00000E+01 2.33719E+02
 5.20000E+01 2.23867E+02
 5.40000E+01 2.20489E+02
 5.60000E+01 2.19623E+02
 5.80000E+01 2.14224E+02
 6.00000E+01 2.09468E+02
