# p + 118Sn: Production of 118Sb - Ground state
# Q-value    =-4.43899E+00 mass= 117.905532
# E-threshold= 4.47692E+00
# # energies =   103
#     E          xs      Branching
 1.00000E-11 0.00000E+00 0.00000E+00
 2.53000E-08 0.00000E+00 0.00000E+00
 2.00000E-07 0.00000E+00 0.00000E+00
 1.00000E-06 0.00000E+00 0.00000E+00
 1.00000E-05 0.00000E+00 0.00000E+00
 1.00000E-04 0.00000E+00 0.00000E+00
 1.00000E-03 0.00000E+00 0.00000E+00
 2.00000E-03 0.00000E+00 0.00000E+00
 4.00000E-03 0.00000E+00 0.00000E+00
 7.00000E-03 0.00000E+00 0.00000E+00
 1.00000E-02 0.00000E+00 0.00000E+00
 2.00000E-02 0.00000E+00 0.00000E+00
 4.00000E-02 0.00000E+00 0.00000E+00
 7.00000E-02 0.00000E+00 0.00000E+00
 1.00000E-01 0.00000E+00 0.00000E+00
 2.00000E-01 0.00000E+00 0.00000E+00
 3.00000E-01 0.00000E+00 0.00000E+00
 4.00000E-01 0.00000E+00 0.00000E+00
 5.00000E-01 0.00000E+00 0.00000E+00
 6.00000E-01 0.00000E+00 0.00000E+00
 7.00000E-01 0.00000E+00 0.00000E+00
 8.00000E-01 0.00000E+00 0.00000E+00
 9.00000E-01 0.00000E+00 0.00000E+00
 1.00000E+00 0.00000E+00 0.00000E+00
 1.20000E+00 0.00000E+00 0.00000E+00
 1.40000E+00 0.00000E+00 0.00000E+00
 1.60000E+00 0.00000E+00 0.00000E+00
 1.80000E+00 0.00000E+00 0.00000E+00
 2.00000E+00 0.00000E+00 0.00000E+00
 2.20000E+00 0.00000E+00 0.00000E+00
 2.40000E+00 0.00000E+00 0.00000E+00
 2.60000E+00 0.00000E+00 0.00000E+00
 2.80000E+00 0.00000E+00 0.00000E+00
 3.00000E+00 0.00000E+00 0.00000E+00
 3.20000E+00 0.00000E+00 0.00000E+00
 3.40000E+00 0.00000E+00 0.00000E+00
 3.60000E+00 0.00000E+00 0.00000E+00
 3.80000E+00 0.00000E+00 0.00000E+00
 4.00000E+00 0.00000E+00 0.00000E+00
 4.20000E+00 0.00000E+00 0.00000E+00
 4.40000E+00 0.00000E+00 0.00000E+00
 4.60000E+00 5.18123E+00 1.00000E+00
 4.80000E+00 1.06682E+01 9.99990E-01
 5.00000E+00 1.71361E+01 9.99965E-01
 5.20000E+00 2.48513E+01 9.99913E-01
 5.40000E+00 3.43252E+01 9.99836E-01
 5.60000E+00 4.57725E+01 9.99725E-01
 5.80000E+00 5.92474E+01 9.99581E-01
 6.00000E+00 7.46825E+01 9.99402E-01
 6.20000E+00 9.19635E+01 9.99186E-01
 6.40000E+00 1.10868E+02 9.98928E-01
 6.60000E+00 1.31143E+02 9.98628E-01
 6.80000E+00 1.52634E+02 9.98284E-01
 7.00000E+00 1.75059E+02 9.97840E-01
 7.20000E+00 1.98331E+02 9.97390E-01
 7.40000E+00 2.22316E+02 9.96883E-01
 7.60000E+00 2.46884E+02 9.96322E-01
 7.80000E+00 2.72015E+02 9.95704E-01
 8.00000E+00 2.97578E+02 9.95026E-01
 8.50000E+00 3.62984E+02 9.93049E-01
 9.00000E+00 4.29419E+02 9.90644E-01
 9.50000E+00 4.95304E+02 9.87738E-01
 1.00000E+01 5.59348E+02 9.84270E-01
 1.05000E+01 6.20564E+02 9.80265E-01
 1.10000E+01 6.78208E+02 9.75766E-01
 1.15000E+01 7.31468E+02 9.70842E-01
 1.20000E+01 7.76659E+02 9.65445E-01
 1.25000E+01 7.33615E+02 9.55900E-01
 1.30000E+01 6.38921E+02 9.42011E-01
 1.35000E+01 5.29299E+02 9.23389E-01
 1.40000E+01 4.23811E+02 9.00588E-01
 1.45000E+01 3.35447E+02 8.75155E-01
 1.50000E+01 2.68061E+02 8.49344E-01
 1.60000E+01 1.71160E+02 7.92293E-01
 1.70000E+01 1.16167E+02 7.36904E-01
 1.80000E+01 8.45563E+01 6.89567E-01
 1.90000E+01 6.62555E+01 6.52900E-01
 2.00000E+01 5.54801E+01 6.28313E-01
 2.10000E+01 4.86797E+01 6.11992E-01
 2.20000E+01 4.43912E+01 6.01796E-01
 2.30000E+01 4.13727E+01 5.95884E-01
 2.40000E+01 3.92055E+01 5.92678E-01
 2.50000E+01 3.69390E+01 5.89057E-01
 2.60000E+01 3.47995E+01 5.83848E-01
 2.70000E+01 3.35325E+01 5.85326E-01
 2.80000E+01 3.17439E+01 5.82285E-01
 2.90000E+01 3.04652E+01 5.80977E-01
 3.00000E+01 2.90428E+01 5.80982E-01
 3.20000E+01 2.64819E+01 5.77585E-01
 3.40000E+01 2.81272E+01 6.65832E-01
 3.60000E+01 2.60817E+01 6.67370E-01
 3.80000E+01 2.34692E+01 6.69031E-01
 4.00000E+01 2.18157E+01 6.72905E-01
 4.20000E+01 2.06089E+01 6.91551E-01
 4.40000E+01 1.92698E+01 6.95909E-01
 4.60000E+01 1.84461E+01 7.07523E-01
 4.80000E+01 1.67821E+01 7.03102E-01
 5.00000E+01 1.53880E+01 7.08290E-01
 5.20000E+01 1.47609E+01 7.09867E-01
 5.40000E+01 1.34678E+01 7.06289E-01
 5.60000E+01 1.22716E+01 7.15671E-01
 5.80000E+01 1.16650E+01 7.17013E-01
 6.00000E+01 1.12726E+01 7.15707E-01
