# p + 112Sn: Production of 113Sb - Total
# Q-value    = 3.05089E+00 mass= 112.909375
# E-threshold= 0.00000E+00
# # energies =   103
#     E          xs
 1.00000E-11 0.00000E+00
 2.53000E-08 0.00000E+00
 2.00000E-07 0.00000E+00
 1.00000E-06 0.00000E+00
 1.00000E-05 0.00000E+00
 1.00000E-04 0.00000E+00
 1.00000E-03 0.00000E+00
 2.00000E-03 0.00000E+00
 4.00000E-03 0.00000E+00
 7.00000E-03 0.00000E+00
 1.00000E-02 0.00000E+00
 2.00000E-02 0.00000E+00
 4.00000E-02 0.00000E+00
 7.00000E-02 0.00000E+00
 1.00000E-01 0.00000E+00
 2.00000E-01 0.00000E+00
 3.00000E-01 0.00000E+00
 4.00000E-01 0.00000E+00
 5.00000E-01 0.00000E+00
 6.00000E-01 0.00000E+00
 7.00000E-01 0.00000E+00
 8.00000E-01 0.00000E+00
 9.00000E-01 0.00000E+00
 1.00000E+00 0.00000E+00
 1.20000E+00 0.00000E+00
 1.40000E+00 0.00000E+00
 1.60000E+00 0.00000E+00
 1.80000E+00 1.00000E-07
 2.00000E+00 1.00000E-07
 2.20000E+00 1.00000E-07
 2.40000E+00 2.47300E-03
 2.60000E+00 7.35084E-03
 2.80000E+00 1.86179E-02
 3.00000E+00 4.12332E-02
 3.20000E+00 8.17965E-02
 3.40000E+00 1.48709E-01
 3.60000E+00 2.52529E-01
 3.80000E+00 4.06344E-01
 4.00000E+00 6.26011E-01
 4.20000E+00 9.29955E-01
 4.40000E+00 1.33897E+00
 4.60000E+00 1.87545E+00
 4.80000E+00 2.56317E+00
 5.00000E+00 3.42633E+00
 5.20000E+00 4.48840E+00
 5.40000E+00 5.76011E+00
 5.60000E+00 7.25866E+00
 5.80000E+00 9.04611E+00
 6.00000E+00 1.09913E+01
 6.20000E+00 1.32049E+01
 6.40000E+00 1.55867E+01
 6.60000E+00 1.80435E+01
 6.80000E+00 2.06326E+01
 7.00000E+00 2.31155E+01
 7.20000E+00 2.55318E+01
 7.40000E+00 2.78091E+01
 7.60000E+00 3.33011E+01
 7.80000E+00 3.46398E+01
 8.00000E+00 3.41329E+01
 8.50000E+00 2.36509E+01
 9.00000E+00 1.79005E+01
 9.50000E+00 1.47797E+01
 1.00000E+01 1.27983E+01
 1.05000E+01 1.12848E+01
 1.10000E+01 9.97037E+00
 1.15000E+01 8.75652E+00
 1.20000E+01 7.62792E+00
 1.25000E+01 6.58888E+00
 1.30000E+01 5.65116E+00
 1.35000E+01 4.82452E+00
 1.40000E+01 4.12864E+00
 1.45000E+01 3.55799E+00
 1.50000E+01 3.10719E+00
 1.60000E+01 2.48221E+00
 1.70000E+01 2.11581E+00
 1.80000E+01 1.89586E+00
 1.90000E+01 1.74194E+00
 2.00000E+01 1.60610E+00
 2.10000E+01 1.48298E+00
 2.20000E+01 1.34978E+00
 2.30000E+01 1.20883E+00
 2.40000E+01 1.06108E+00
 2.50000E+01 9.20259E-01
 2.60000E+01 7.91678E-01
 2.70000E+01 6.83826E-01
 2.80000E+01 5.97546E-01
 2.90000E+01 5.27229E-01
 3.00000E+01 4.70334E-01
 3.20000E+01 3.91988E-01
 3.40000E+01 3.38319E-01
 3.60000E+01 2.94850E-01
 3.80000E+01 2.61567E-01
 4.00000E+01 2.34529E-01
 4.20000E+01 2.11128E-01
 4.40000E+01 1.91855E-01
 4.60000E+01 1.76198E-01
 4.80000E+01 1.61282E-01
 5.00000E+01 1.48884E-01
 5.20000E+01 1.40030E-01
 5.40000E+01 1.32108E-01
 5.60000E+01 1.23597E-01
 5.80000E+01 1.17587E-01
 6.00000E+01 1.13663E-01
