# p + 118Sn: Production of 117Sn - Ground state
# Q-value    =-7.10185E+00 mass= 116.902954
# E-threshold= 7.16253E+00
# # energies =   103
#     E          xs      Branching
 1.00000E-11 0.00000E+00 0.00000E+00
 2.53000E-08 0.00000E+00 0.00000E+00
 2.00000E-07 0.00000E+00 0.00000E+00
 1.00000E-06 0.00000E+00 0.00000E+00
 1.00000E-05 0.00000E+00 0.00000E+00
 1.00000E-04 0.00000E+00 0.00000E+00
 1.00000E-03 0.00000E+00 0.00000E+00
 2.00000E-03 0.00000E+00 0.00000E+00
 4.00000E-03 0.00000E+00 0.00000E+00
 7.00000E-03 0.00000E+00 0.00000E+00
 1.00000E-02 0.00000E+00 0.00000E+00
 2.00000E-02 0.00000E+00 0.00000E+00
 4.00000E-02 0.00000E+00 0.00000E+00
 7.00000E-02 0.00000E+00 0.00000E+00
 1.00000E-01 0.00000E+00 0.00000E+00
 2.00000E-01 0.00000E+00 0.00000E+00
 3.00000E-01 0.00000E+00 0.00000E+00
 4.00000E-01 0.00000E+00 0.00000E+00
 5.00000E-01 0.00000E+00 0.00000E+00
 6.00000E-01 0.00000E+00 0.00000E+00
 7.00000E-01 0.00000E+00 0.00000E+00
 8.00000E-01 0.00000E+00 0.00000E+00
 9.00000E-01 0.00000E+00 0.00000E+00
 1.00000E+00 0.00000E+00 0.00000E+00
 1.20000E+00 0.00000E+00 0.00000E+00
 1.40000E+00 0.00000E+00 0.00000E+00
 1.60000E+00 0.00000E+00 0.00000E+00
 1.80000E+00 0.00000E+00 0.00000E+00
 2.00000E+00 0.00000E+00 0.00000E+00
 2.20000E+00 0.00000E+00 0.00000E+00
 2.40000E+00 0.00000E+00 0.00000E+00
 2.60000E+00 0.00000E+00 0.00000E+00
 2.80000E+00 0.00000E+00 0.00000E+00
 3.00000E+00 0.00000E+00 0.00000E+00
 3.20000E+00 0.00000E+00 0.00000E+00
 3.40000E+00 0.00000E+00 0.00000E+00
 3.60000E+00 0.00000E+00 0.00000E+00
 3.80000E+00 0.00000E+00 0.00000E+00
 4.00000E+00 0.00000E+00 0.00000E+00
 4.20000E+00 0.00000E+00 0.00000E+00
 4.40000E+00 0.00000E+00 0.00000E+00
 4.60000E+00 0.00000E+00 0.00000E+00
 4.80000E+00 0.00000E+00 0.00000E+00
 5.00000E+00 0.00000E+00 0.00000E+00
 5.20000E+00 0.00000E+00 0.00000E+00
 5.40000E+00 0.00000E+00 0.00000E+00
 5.60000E+00 0.00000E+00 0.00000E+00
 5.80000E+00 0.00000E+00 0.00000E+00
 6.00000E+00 0.00000E+00 0.00000E+00
 6.20000E+00 0.00000E+00 0.00000E+00
 6.40000E+00 0.00000E+00 0.00000E+00
 6.60000E+00 0.00000E+00 0.00000E+00
 6.80000E+00 0.00000E+00 0.00000E+00
 7.00000E+00 0.00000E+00 0.00000E+00
 7.20000E+00 0.00000E+00 0.00000E+00
 7.40000E+00 0.00000E+00 0.00000E+00
 7.60000E+00 0.00000E+00 0.00000E+00
 7.80000E+00 0.00000E+00 0.00000E+00
 8.00000E+00 0.00000E+00 0.00000E+00
 8.50000E+00 0.00000E+00 0.00000E+00
 9.00000E+00 0.00000E+00 0.00000E+00
 9.50000E+00 0.00000E+00 0.00000E+00
 1.00000E+01 0.00000E+00 0.00000E+00
 1.05000E+01 0.00000E+00 0.00000E+00
 1.10000E+01 0.00000E+00 0.00000E+00
 1.15000E+01 1.01396E-03 6.14541E-01
 1.20000E+01 1.44952E-02 8.64964E-01
 1.25000E+01 5.97453E-02 8.38109E-01
 1.30000E+01 1.65429E-01 7.87417E-01
 1.35000E+01 3.76242E-01 7.21586E-01
 1.40000E+01 7.85532E-01 7.00676E-01
 1.45000E+01 1.42695E+00 6.85459E-01
 1.50000E+01 2.32414E+00 6.68377E-01
 1.60000E+01 4.87586E+00 6.33050E-01
 1.70000E+01 8.18757E+00 6.02258E-01
 1.80000E+01 1.19364E+01 5.61913E-01
 1.90000E+01 1.61811E+01 5.15788E-01
 2.00000E+01 2.10890E+01 4.81548E-01
 2.10000E+01 2.68282E+01 4.56734E-01
 2.20000E+01 3.28455E+01 4.30657E-01
 2.30000E+01 3.86564E+01 4.04357E-01
 2.40000E+01 4.38132E+01 3.81641E-01
 2.50000E+01 4.87249E+01 3.65855E-01
 2.60000E+01 5.27630E+01 3.48951E-01
 2.70000E+01 5.66568E+01 3.39017E-01
 2.80000E+01 5.95823E+01 3.27621E-01
 2.90000E+01 6.27537E+01 3.22898E-01
 3.00000E+01 6.51782E+01 3.19877E-01
 3.20000E+01 6.77944E+01 3.06268E-01
 3.40000E+01 7.00230E+01 3.01713E-01
 3.60000E+01 7.14165E+01 3.01972E-01
 3.80000E+01 7.19088E+01 3.02359E-01
 4.00000E+01 7.13263E+01 3.04478E-01
 4.20000E+01 7.23588E+01 3.04539E-01
 4.40000E+01 7.12388E+01 3.07500E-01
 4.60000E+01 7.03149E+01 3.05770E-01
 4.80000E+01 6.90408E+01 3.15691E-01
 5.00000E+01 8.50565E+01 3.86403E-01
 5.20000E+01 9.46356E+01 4.49857E-01
 5.40000E+01 9.17412E+01 4.40277E-01
 5.60000E+01 9.29643E+01 4.41934E-01
 5.80000E+01 9.00089E+01 4.47154E-01
 6.00000E+01 8.68538E+01 4.44671E-01
