# p + 116Sn: Production of 115Sb - Total
# Q-value    =-1.33762E+01 mass= 114.906598
# E-threshold= 1.34925E+01
# # energies =   103
#     E          xs
 1.00000E-11 0.00000E+00
 2.53000E-08 0.00000E+00
 2.00000E-07 0.00000E+00
 1.00000E-06 0.00000E+00
 1.00000E-05 0.00000E+00
 1.00000E-04 0.00000E+00
 1.00000E-03 0.00000E+00
 2.00000E-03 0.00000E+00
 4.00000E-03 0.00000E+00
 7.00000E-03 0.00000E+00
 1.00000E-02 0.00000E+00
 2.00000E-02 0.00000E+00
 4.00000E-02 0.00000E+00
 7.00000E-02 0.00000E+00
 1.00000E-01 0.00000E+00
 2.00000E-01 0.00000E+00
 3.00000E-01 0.00000E+00
 4.00000E-01 0.00000E+00
 5.00000E-01 0.00000E+00
 6.00000E-01 0.00000E+00
 7.00000E-01 0.00000E+00
 8.00000E-01 0.00000E+00
 9.00000E-01 0.00000E+00
 1.00000E+00 0.00000E+00
 1.20000E+00 0.00000E+00
 1.40000E+00 0.00000E+00
 1.60000E+00 0.00000E+00
 1.80000E+00 0.00000E+00
 2.00000E+00 0.00000E+00
 2.20000E+00 0.00000E+00
 2.40000E+00 0.00000E+00
 2.60000E+00 0.00000E+00
 2.80000E+00 0.00000E+00
 3.00000E+00 0.00000E+00
 3.20000E+00 0.00000E+00
 3.40000E+00 0.00000E+00
 3.60000E+00 0.00000E+00
 3.80000E+00 0.00000E+00
 4.00000E+00 0.00000E+00
 4.20000E+00 0.00000E+00
 4.40000E+00 0.00000E+00
 4.60000E+00 0.00000E+00
 4.80000E+00 0.00000E+00
 5.00000E+00 0.00000E+00
 5.20000E+00 0.00000E+00
 5.40000E+00 0.00000E+00
 5.60000E+00 0.00000E+00
 5.80000E+00 0.00000E+00
 6.00000E+00 0.00000E+00
 6.20000E+00 0.00000E+00
 6.40000E+00 0.00000E+00
 6.60000E+00 0.00000E+00
 6.80000E+00 0.00000E+00
 7.00000E+00 0.00000E+00
 7.20000E+00 0.00000E+00
 7.40000E+00 0.00000E+00
 7.60000E+00 0.00000E+00
 7.80000E+00 0.00000E+00
 8.00000E+00 0.00000E+00
 8.50000E+00 0.00000E+00
 9.00000E+00 0.00000E+00
 9.50000E+00 0.00000E+00
 1.00000E+01 0.00000E+00
 1.05000E+01 0.00000E+00
 1.10000E+01 0.00000E+00
 1.15000E+01 0.00000E+00
 1.20000E+01 0.00000E+00
 1.25000E+01 0.00000E+00
 1.30000E+01 0.00000E+00
 1.35000E+01 2.28142E-01
 1.40000E+01 7.44554E+01
 1.45000E+01 1.86068E+02
 1.50000E+01 3.06227E+02
 1.60000E+01 5.16182E+02
 1.70000E+01 6.86752E+02
 1.80000E+01 8.03804E+02
 1.90000E+01 8.75008E+02
 2.00000E+01 9.13659E+02
 2.10000E+01 9.31961E+02
 2.20000E+01 9.35178E+02
 2.30000E+01 9.28617E+02
 2.40000E+01 9.10152E+02
 2.50000E+01 8.74684E+02
 2.60000E+01 8.03597E+02
 2.70000E+01 6.99478E+02
 2.80000E+01 5.83840E+02
 2.90000E+01 4.75104E+02
 3.00000E+01 3.83920E+02
 3.20000E+01 2.56953E+02
 3.40000E+01 1.87920E+02
 3.60000E+01 1.51137E+02
 3.80000E+01 1.30765E+02
 4.00000E+01 1.17005E+02
 4.20000E+01 1.06736E+02
 4.40000E+01 9.87991E+01
 4.60000E+01 9.11616E+01
 4.80000E+01 8.48458E+01
 5.00000E+01 7.90217E+01
 5.20000E+01 7.36805E+01
 5.40000E+01 6.92294E+01
 5.60000E+01 6.49567E+01
 5.80000E+01 6.06767E+01
 6.00000E+01 5.79408E+01
