# p + 115Sn: Production of 116Sb - Total
# Q-value    = 4.07714E+00 mass= 115.906793
# E-threshold= 0.00000E+00
# # energies =   103
#     E          xs
 1.00000E-11 0.00000E+00
 2.53000E-08 0.00000E+00
 2.00000E-07 0.00000E+00
 1.00000E-06 0.00000E+00
 1.00000E-05 0.00000E+00
 1.00000E-04 0.00000E+00
 1.00000E-03 0.00000E+00
 2.00000E-03 0.00000E+00
 4.00000E-03 0.00000E+00
 7.00000E-03 0.00000E+00
 1.00000E-02 0.00000E+00
 2.00000E-02 0.00000E+00
 4.00000E-02 0.00000E+00
 7.00000E-02 0.00000E+00
 1.00000E-01 0.00000E+00
 2.00000E-01 0.00000E+00
 3.00000E-01 0.00000E+00
 4.00000E-01 0.00000E+00
 5.00000E-01 0.00000E+00
 6.00000E-01 0.00000E+00
 7.00000E-01 0.00000E+00
 8.00000E-01 0.00000E+00
 9.00000E-01 0.00000E+00
 1.00000E+00 0.00000E+00
 1.20000E+00 0.00000E+00
 1.40000E+00 0.00000E+00
 1.60000E+00 0.00000E+00
 1.80000E+00 1.00000E-07
 2.00000E+00 1.00000E-07
 2.20000E+00 1.00000E-07
 2.40000E+00 2.93106E-03
 2.60000E+00 9.23461E-03
 2.80000E+00 2.54385E-02
 3.00000E+00 6.26472E-02
 3.20000E+00 1.40180E-01
 3.40000E+00 2.88620E-01
 3.60000E+00 5.52511E-01
 3.80000E+00 9.92141E-01
 4.00000E+00 8.98025E-01
 4.20000E+00 1.17757E+00
 4.40000E+00 1.66365E+00
 4.60000E+00 2.36770E+00
 4.80000E+00 2.45101E+00
 5.00000E+00 2.97291E+00
 5.20000E+00 3.68022E+00
 5.40000E+00 4.81118E+00
 5.60000E+00 6.17700E+00
 5.80000E+00 7.08466E+00
 6.00000E+00 7.44697E+00
 6.20000E+00 7.63373E+00
 6.40000E+00 7.83822E+00
 6.60000E+00 7.98794E+00
 6.80000E+00 8.03372E+00
 7.00000E+00 8.13243E+00
 7.20000E+00 8.04267E+00
 7.40000E+00 8.08534E+00
 7.60000E+00 7.91810E+00
 7.80000E+00 7.88608E+00
 8.00000E+00 7.66472E+00
 8.50000E+00 7.14503E+00
 9.00000E+00 6.44248E+00
 9.50000E+00 5.63572E+00
 1.00000E+01 4.83595E+00
 1.05000E+01 4.05812E+00
 1.10000E+01 3.34568E+00
 1.15000E+01 2.82122E+00
 1.20000E+01 2.45534E+00
 1.25000E+01 2.11347E+00
 1.30000E+01 1.92040E+00
 1.35000E+01 1.74279E+00
 1.40000E+01 1.64179E+00
 1.45000E+01 1.54665E+00
 1.50000E+01 1.50239E+00
 1.60000E+01 1.41991E+00
 1.70000E+01 1.36179E+00
 1.80000E+01 1.29818E+00
 1.90000E+01 1.21773E+00
 2.00000E+01 1.10572E+00
 2.10000E+01 9.87124E-01
 2.20000E+01 8.51637E-01
 2.30000E+01 7.39430E-01
 2.40000E+01 6.34513E-01
 2.50000E+01 5.53985E-01
 2.60000E+01 4.90570E-01
 2.70000E+01 4.33596E-01
 2.80000E+01 3.93432E-01
 2.90000E+01 3.57593E-01
 3.00000E+01 3.30423E-01
 3.20000E+01 2.86999E-01
 3.40000E+01 2.53287E-01
 3.60000E+01 2.25545E-01
 3.80000E+01 2.02389E-01
 4.00000E+01 1.80755E-01
 4.20000E+01 1.66997E-01
 4.40000E+01 1.51813E-01
 4.60000E+01 1.41190E-01
 4.80000E+01 1.30001E-01
 5.00000E+01 1.20567E-01
 5.20000E+01 1.12375E-01
 5.40000E+01 1.08261E-01
 5.60000E+01 1.04278E-01
 5.80000E+01 9.86380E-02
 6.00000E+01 9.08967E-02
