# p + 117Sn: Production of 118Sb - Level  7     0.25000 MeV
# Q-value    = 4.63743E+00 mass= 117.905532
# E-threshold= 0.00000E+00
# # energies =   103
#     E          xs      Branching
 1.00000E-11 0.00000E+00 0.00000E+00
 2.53000E-08 0.00000E+00 0.00000E+00
 2.00000E-07 0.00000E+00 0.00000E+00
 1.00000E-06 0.00000E+00 0.00000E+00
 1.00000E-05 0.00000E+00 0.00000E+00
 1.00000E-04 0.00000E+00 0.00000E+00
 1.00000E-03 0.00000E+00 0.00000E+00
 2.00000E-03 0.00000E+00 0.00000E+00
 4.00000E-03 0.00000E+00 0.00000E+00
 7.00000E-03 0.00000E+00 0.00000E+00
 1.00000E-02 0.00000E+00 0.00000E+00
 2.00000E-02 0.00000E+00 0.00000E+00
 4.00000E-02 0.00000E+00 0.00000E+00
 7.00000E-02 0.00000E+00 0.00000E+00
 1.00000E-01 0.00000E+00 0.00000E+00
 2.00000E-01 0.00000E+00 0.00000E+00
 3.00000E-01 0.00000E+00 0.00000E+00
 4.00000E-01 0.00000E+00 0.00000E+00
 5.00000E-01 0.00000E+00 0.00000E+00
 6.00000E-01 0.00000E+00 0.00000E+00
 7.00000E-01 0.00000E+00 0.00000E+00
 8.00000E-01 0.00000E+00 0.00000E+00
 9.00000E-01 0.00000E+00 0.00000E+00
 1.00000E+00 0.00000E+00 0.00000E+00
 1.20000E+00 0.00000E+00 0.00000E+00
 1.40000E+00 0.00000E+00 0.00000E+00
 1.60000E+00 0.00000E+00 0.00000E+00
 1.80000E+00 0.00000E+00 0.00000E+00
 2.00000E+00 0.00000E+00 0.00000E+00
 2.20000E+00 4.35211E-11 0.00000E+00
 2.40000E+00 1.97374E-06 5.98546E-04
 2.60000E+00 6.13728E-06 8.28764E-04
 2.80000E+00 1.22334E-05 9.78976E-04
 3.00000E+00 3.14812E-05 1.24518E-03
 3.20000E+00 5.53339E-05 1.15155E-03
 3.40000E+00 1.03726E-04 1.61611E-03
 3.60000E+00 2.10032E-04 2.29812E-03
 3.80000E+00 3.41738E-04 2.34896E-03
 4.00000E+00 4.77286E-04 2.10972E-03
 4.20000E+00 6.47065E-04 2.17520E-03
 4.40000E+00 9.00941E-04 2.28909E-03
 4.60000E+00 1.24565E-03 2.42330E-03
 4.80000E+00 1.68908E-03 2.56510E-03
 5.00000E+00 2.25348E-03 2.69247E-03
 5.20000E+00 2.94284E-03 2.85251E-03
 5.40000E+00 3.75333E-03 3.02315E-03
 5.60000E+00 4.72683E-03 3.19507E-03
 5.80000E+00 5.80501E-03 3.43838E-03
 6.00000E+00 7.05723E-03 3.64603E-03
 6.20000E+00 8.39763E-03 3.98092E-03
 6.40000E+00 9.87247E-03 4.25030E-03
 6.60000E+00 1.14378E-02 4.69622E-03
 6.80000E+00 1.31624E-02 5.10857E-03
 7.00000E+00 1.48196E-02 5.64912E-03
 7.20000E+00 1.67421E-02 6.27625E-03
 7.40000E+00 1.84659E-02 6.88279E-03
 7.60000E+00 2.04253E-02 7.81624E-03
 7.80000E+00 2.24960E-02 8.68475E-03
 8.00000E+00 2.42974E-02 9.81331E-03
 8.50000E+00 2.97158E-02 1.33249E-02
 9.00000E+00 3.60817E-02 1.86065E-02
 9.50000E+00 4.39419E-02 2.67632E-02
 1.00000E+01 5.37572E-02 3.79128E-02
 1.05000E+01 6.57452E-02 5.08292E-02
 1.10000E+01 7.72591E-02 6.94372E-02
 1.15000E+01 9.35885E-02 8.87395E-02
 1.20000E+01 1.11842E-01 1.09536E-01
 1.25000E+01 1.31858E-01 1.29970E-01
 1.30000E+01 1.52941E-01 1.49249E-01
 1.35000E+01 1.75090E-01 1.67562E-01
 1.40000E+01 1.97457E-01 1.86636E-01
 1.45000E+01 2.19767E-01 2.02323E-01
 1.50000E+01 2.41899E-01 2.21398E-01
 1.60000E+01 2.85386E-01 2.49163E-01
 1.70000E+01 3.17883E-01 2.84021E-01
 1.80000E+01 3.37363E-01 3.18863E-01
 1.90000E+01 3.41147E-01 3.47988E-01
 2.00000E+01 3.27875E-01 3.77259E-01
 2.10000E+01 3.02160E-01 3.93798E-01
 2.20000E+01 2.67625E-01 4.04581E-01
 2.30000E+01 1.85450E-01 3.22427E-01
 2.40000E+01 1.57712E-01 3.11359E-01
 2.50000E+01 1.37008E-01 3.09353E-01
 2.60000E+01 1.19805E-01 3.00987E-01
 2.70000E+01 1.04405E-01 2.89939E-01
 2.80000E+01 9.33193E-02 2.86308E-01
 2.90000E+01 8.58971E-02 2.82580E-01
 3.00000E+01 7.90207E-02 2.77710E-01
 3.20000E+01 6.44104E-02 2.58855E-01
 3.40000E+01 5.77152E-02 2.57393E-01
 3.60000E+01 4.97475E-02 2.49715E-01
 3.80000E+01 4.48810E-02 2.53582E-01
 4.00000E+01 3.97172E-02 2.48991E-01
 4.20000E+01 3.65755E-02 2.47949E-01
 4.40000E+01 3.38751E-02 2.48082E-01
 4.60000E+01 2.99127E-02 2.43490E-01
 4.80000E+01 2.76279E-02 2.40204E-01
 5.00000E+01 2.64928E-02 2.41230E-01
 5.20000E+01 2.53336E-02 2.40338E-01
 5.40000E+01 2.29873E-02 2.38215E-01
 5.60000E+01 2.12341E-02 2.34744E-01
 5.80000E+01 2.06075E-02 2.35383E-01
 6.00000E+01 2.03643E-02 2.37954E-01
