# p + 124Sn: Production of 124Sb - Total
# Q-value    =-1.39476E+00 mass= 123.905937
# E-threshold= 1.40610E+00
# # energies =   103
#     E          xs
 1.00000E-11 0.00000E+00
 2.53000E-08 0.00000E+00
 2.00000E-07 0.00000E+00
 1.00000E-06 0.00000E+00
 1.00000E-05 0.00000E+00
 1.00000E-04 0.00000E+00
 1.00000E-03 0.00000E+00
 2.00000E-03 0.00000E+00
 4.00000E-03 0.00000E+00
 7.00000E-03 0.00000E+00
 1.00000E-02 0.00000E+00
 2.00000E-02 0.00000E+00
 4.00000E-02 0.00000E+00
 7.00000E-02 0.00000E+00
 1.00000E-01 0.00000E+00
 2.00000E-01 0.00000E+00
 3.00000E-01 0.00000E+00
 4.00000E-01 0.00000E+00
 5.00000E-01 0.00000E+00
 6.00000E-01 0.00000E+00
 7.00000E-01 0.00000E+00
 8.00000E-01 0.00000E+00
 9.00000E-01 0.00000E+00
 1.00000E+00 0.00000E+00
 1.20000E+00 0.00000E+00
 1.40000E+00 0.00000E+00
 1.60000E+00 0.00000E+00
 1.80000E+00 0.00000E+00
 2.00000E+00 0.00000E+00
 2.20000E+00 1.42998E-03
 2.40000E+00 5.32227E-03
 2.60000E+00 1.67503E-02
 2.80000E+00 4.60233E-02
 3.00000E+00 1.12904E-01
 3.20000E+00 2.51722E-01
 3.40000E+00 5.16720E-01
 3.60000E+00 9.87536E-01
 3.80000E+00 1.77292E+00
 4.00000E+00 3.01198E+00
 4.20000E+00 4.87141E+00
 4.40000E+00 7.53960E+00
 4.60000E+00 1.12154E+01
 4.80000E+00 1.60963E+01
 5.00000E+00 2.23630E+01
 5.20000E+00 3.01693E+01
 5.40000E+00 3.96295E+01
 5.60000E+00 5.08219E+01
 5.80000E+00 6.37815E+01
 6.00000E+00 7.85182E+01
 6.20000E+00 9.50100E+01
 6.40000E+00 1.13230E+02
 6.60000E+00 1.33129E+02
 6.80000E+00 1.54671E+02
 7.00000E+00 1.77785E+02
 7.20000E+00 2.02423E+02
 7.40000E+00 2.28468E+02
 7.60000E+00 2.55833E+02
 7.80000E+00 2.84364E+02
 8.00000E+00 3.11111E+02
 8.50000E+00 3.29734E+02
 9.00000E+00 3.06132E+02
 9.50000E+00 2.60918E+02
 1.00000E+01 2.13271E+02
 1.05000E+01 1.71993E+02
 1.10000E+01 1.44718E+02
 1.15000E+01 1.20318E+02
 1.20000E+01 1.04702E+02
 1.25000E+01 9.20713E+01
 1.30000E+01 8.25670E+01
 1.35000E+01 7.48578E+01
 1.40000E+01 6.94206E+01
 1.45000E+01 6.51850E+01
 1.50000E+01 6.25498E+01
 1.60000E+01 5.80886E+01
 1.70000E+01 5.55179E+01
 1.80000E+01 5.34396E+01
 1.90000E+01 5.14580E+01
 2.00000E+01 4.96160E+01
 2.10000E+01 4.79771E+01
 2.20000E+01 4.56287E+01
 2.30000E+01 4.38048E+01
 2.40000E+01 4.19920E+01
 2.50000E+01 4.02013E+01
 2.60000E+01 3.84895E+01
 2.70000E+01 3.75973E+01
 2.80000E+01 3.52466E+01
 2.90000E+01 3.39128E+01
 3.00000E+01 3.25269E+01
 3.20000E+01 2.96740E+01
 3.40000E+01 2.70061E+01
 3.60000E+01 2.52044E+01
 3.80000E+01 2.33280E+01
 4.00000E+01 2.11911E+01
 4.20000E+01 1.94610E+01
 4.40000E+01 1.85663E+01
 4.60000E+01 1.66559E+01
 4.80000E+01 1.52142E+01
 5.00000E+01 1.45494E+01
 5.20000E+01 1.42754E+01
 5.40000E+01 1.26406E+01
 5.60000E+01 1.11133E+01
 5.80000E+01 1.03789E+01
 6.00000E+01 1.01759E+01
