# p + 117Sn: Production of 117Sn - Level  2     0.31458 MeV
# Q-value    =-3.14580E-01 mass= 116.902954
# E-threshold= 3.17291E-01
# # energies =   103
#     E          xs      Branching
 1.00000E-11 0.00000E+00 0.00000E+00
 2.53000E-08 0.00000E+00 0.00000E+00
 2.00000E-07 0.00000E+00 0.00000E+00
 1.00000E-06 0.00000E+00 0.00000E+00
 1.00000E-05 0.00000E+00 0.00000E+00
 1.00000E-04 0.00000E+00 0.00000E+00
 1.00000E-03 0.00000E+00 0.00000E+00
 2.00000E-03 0.00000E+00 0.00000E+00
 4.00000E-03 0.00000E+00 0.00000E+00
 7.00000E-03 0.00000E+00 0.00000E+00
 1.00000E-02 0.00000E+00 0.00000E+00
 2.00000E-02 0.00000E+00 0.00000E+00
 4.00000E-02 0.00000E+00 0.00000E+00
 7.00000E-02 0.00000E+00 0.00000E+00
 1.00000E-01 0.00000E+00 0.00000E+00
 2.00000E-01 0.00000E+00 0.00000E+00
 3.00000E-01 0.00000E+00 0.00000E+00
 4.00000E-01 0.00000E+00 0.00000E+00
 5.00000E-01 0.00000E+00 0.00000E+00
 6.00000E-01 0.00000E+00 0.00000E+00
 7.00000E-01 0.00000E+00 0.00000E+00
 8.00000E-01 0.00000E+00 0.00000E+00
 9.00000E-01 0.00000E+00 0.00000E+00
 1.00000E+00 0.00000E+00 0.00000E+00
 1.20000E+00 0.00000E+00 0.00000E+00
 1.40000E+00 0.00000E+00 0.00000E+00
 1.60000E+00 0.00000E+00 0.00000E+00
 1.80000E+00 0.00000E+00 0.00000E+00
 2.00000E+00 0.00000E+00 0.00000E+00
 2.20000E+00 0.00000E+00 0.00000E+00
 2.40000E+00 0.00000E+00 0.00000E+00
 2.60000E+00 0.00000E+00 0.00000E+00
 2.80000E+00 0.00000E+00 0.00000E+00
 3.00000E+00 0.00000E+00 0.00000E+00
 3.20000E+00 0.00000E+00 0.00000E+00
 3.40000E+00 0.00000E+00 0.00000E+00
 3.60000E+00 0.00000E+00 0.00000E+00
 3.80000E+00 4.76358E-05 3.28969E-02
 4.00000E+00 1.19607E-04 3.36503E-02
 4.20000E+00 2.47097E-04 3.50900E-02
 4.40000E+00 5.10062E-04 3.74912E-02
 4.60000E+00 1.02262E-03 4.19470E-02
 4.80000E+00 1.96012E-03 4.68210E-02
 5.00000E+00 3.62792E-03 5.22221E-02
 5.20000E+00 6.22180E-03 5.73138E-02
 5.40000E+00 1.05041E-02 6.33991E-02
 5.60000E+00 1.68411E-02 6.97955E-02
 5.80000E+00 2.58576E-02 7.60473E-02
 6.00000E+00 3.84381E-02 8.35837E-02
 6.20000E+00 5.43087E-02 8.99585E-02
 6.40000E+00 7.49876E-02 9.72472E-02
 6.60000E+00 9.98412E-02 1.04428E-01
 6.80000E+00 1.30020E-01 1.11500E-01
 7.00000E+00 1.65709E-01 1.18702E-01
 7.20000E+00 2.07841E-01 1.26006E-01
 7.40000E+00 2.58679E-01 1.33843E-01
 7.60000E+00 3.17667E-01 1.41532E-01
 7.80000E+00 3.91723E-01 1.50648E-01
 8.00000E+00 4.78569E-01 1.59791E-01
 8.50000E+00 7.96213E-01 1.87223E-01
 9.00000E+00 1.30711E+00 2.17894E-01
 9.50000E+00 2.07103E+00 2.48214E-01
 1.00000E+01 3.13833E+00 2.76363E-01
 1.05000E+01 4.54177E+00 3.01943E-01
 1.10000E+01 6.31849E+00 3.25974E-01
 1.15000E+01 8.48263E+00 3.49270E-01
 1.20000E+01 1.10445E+01 3.72453E-01
 1.25000E+01 1.40032E+01 3.95360E-01
 1.30000E+01 1.73030E+01 4.17554E-01
 1.35000E+01 2.08820E+01 4.39330E-01
 1.40000E+01 2.46166E+01 4.59349E-01
 1.45000E+01 2.84675E+01 4.77779E-01
 1.50000E+01 3.23048E+01 4.94144E-01
 1.60000E+01 3.99158E+01 5.23595E-01
 1.70000E+01 4.70214E+01 5.47569E-01
 1.80000E+01 5.34953E+01 5.67296E-01
 1.90000E+01 5.91139E+01 5.83669E-01
 2.00000E+01 6.34777E+01 5.95118E-01
 2.10000E+01 6.66519E+01 6.04898E-01
 2.20000E+01 6.88517E+01 6.12426E-01
 2.30000E+01 6.99799E+01 6.19627E-01
 2.40000E+01 7.05962E+01 6.23487E-01
 2.50000E+01 6.98266E+01 6.24915E-01
 2.60000E+01 6.99809E+01 6.26576E-01
 2.70000E+01 6.89330E+01 6.25689E-01
 2.80000E+01 6.89080E+01 6.26902E-01
 2.90000E+01 6.77620E+01 6.25005E-01
 3.00000E+01 6.69717E+01 6.22986E-01
 3.20000E+01 6.43045E+01 6.23151E-01
 3.40000E+01 6.24285E+01 6.23137E-01
 3.60000E+01 5.75768E+01 6.16212E-01
 3.80000E+01 5.62588E+01 6.16211E-01
 4.00000E+01 5.22206E+01 6.06821E-01
 4.20000E+01 5.09580E+01 6.08548E-01
 4.40000E+01 4.66496E+01 6.12321E-01
 4.60000E+01 4.41616E+01 6.06453E-01
 4.80000E+01 4.03392E+01 5.53919E-01
 5.00000E+01 4.08249E+01 5.57141E-01
 5.20000E+01 3.68555E+01 5.42582E-01
 5.40000E+01 3.51942E+01 5.39541E-01
 5.60000E+01 3.46638E+01 5.41966E-01
 5.80000E+01 3.76257E+01 5.95366E-01
 6.00000E+01 3.66015E+01 5.93602E-01
