# p + 124Sn: Production of 124Sb - Level  1     0.01086 MeV
# Q-value    =-1.40562E+00 mass= 123.905937
# E-threshold= 1.41705E+00
# # energies =   103
#     E          xs      Branching
 1.00000E-11 0.00000E+00 0.00000E+00
 2.53000E-08 0.00000E+00 0.00000E+00
 2.00000E-07 0.00000E+00 0.00000E+00
 1.00000E-06 0.00000E+00 0.00000E+00
 1.00000E-05 0.00000E+00 0.00000E+00
 1.00000E-04 0.00000E+00 0.00000E+00
 1.00000E-03 0.00000E+00 0.00000E+00
 2.00000E-03 0.00000E+00 0.00000E+00
 4.00000E-03 0.00000E+00 0.00000E+00
 7.00000E-03 0.00000E+00 0.00000E+00
 1.00000E-02 0.00000E+00 0.00000E+00
 2.00000E-02 0.00000E+00 0.00000E+00
 4.00000E-02 0.00000E+00 0.00000E+00
 7.00000E-02 0.00000E+00 0.00000E+00
 1.00000E-01 0.00000E+00 0.00000E+00
 2.00000E-01 0.00000E+00 0.00000E+00
 3.00000E-01 0.00000E+00 0.00000E+00
 4.00000E-01 0.00000E+00 0.00000E+00
 5.00000E-01 0.00000E+00 0.00000E+00
 6.00000E-01 0.00000E+00 0.00000E+00
 7.00000E-01 0.00000E+00 0.00000E+00
 8.00000E-01 0.00000E+00 0.00000E+00
 9.00000E-01 0.00000E+00 0.00000E+00
 1.00000E+00 0.00000E+00 0.00000E+00
 1.20000E+00 0.00000E+00 0.00000E+00
 1.40000E+00 0.00000E+00 0.00000E+00
 1.60000E+00 0.00000E+00 0.00000E+00
 1.80000E+00 0.00000E+00 0.00000E+00
 2.00000E+00 0.00000E+00 0.00000E+00
 2.20000E+00 2.69692E-04 1.88599E-01
 2.40000E+00 1.00819E-03 1.89429E-01
 2.60000E+00 3.18131E-03 1.89925E-01
 2.80000E+00 8.74545E-03 1.90022E-01
 3.00000E+00 2.14405E-02 1.89901E-01
 3.20000E+00 4.77993E-02 1.89890E-01
 3.40000E+00 9.81313E-02 1.89912E-01
 3.60000E+00 1.87651E-01 1.90019E-01
 3.80000E+00 3.37400E-01 1.90308E-01
 4.00000E+00 5.74547E-01 1.90754E-01
 4.20000E+00 9.32278E-01 1.91377E-01
 4.40000E+00 1.44908E+00 1.92196E-01
 4.60000E+00 2.16706E+00 1.93222E-01
 4.80000E+00 3.13017E+00 1.94465E-01
 5.00000E+00 4.38110E+00 1.95909E-01
 5.20000E+00 5.95979E+00 1.97545E-01
 5.40000E+00 7.89997E+00 1.99346E-01
 5.60000E+00 1.02307E+01 2.01305E-01
 5.80000E+00 1.29724E+01 2.03389E-01
 6.00000E+00 1.61414E+01 2.05576E-01
 6.20000E+00 1.97470E+01 2.07841E-01
 6.40000E+00 2.37934E+01 2.10133E-01
 6.60000E+00 2.82854E+01 2.12465E-01
 6.80000E+00 3.32177E+01 2.14764E-01
 7.00000E+00 3.85837E+01 2.17024E-01
 7.20000E+00 4.43751E+01 2.19220E-01
 7.40000E+00 5.07901E+01 2.22307E-01
 7.60000E+00 5.73872E+01 2.24315E-01
 7.80000E+00 6.43294E+01 2.26222E-01
 8.00000E+00 7.08774E+01 2.27820E-01
 8.50000E+00 7.65740E+01 2.32230E-01
 9.00000E+00 7.23566E+01 2.36357E-01
 9.50000E+00 6.28099E+01 2.40726E-01
 1.00000E+01 5.16579E+01 2.42217E-01
 1.05000E+01 4.14461E+01 2.40976E-01
 1.10000E+01 3.46268E+01 2.39271E-01
 1.15000E+01 2.79141E+01 2.32002E-01
 1.20000E+01 2.35070E+01 2.24514E-01
 1.25000E+01 1.99504E+01 2.16684E-01
 1.30000E+01 1.71891E+01 2.08183E-01
 1.35000E+01 1.49656E+01 1.99920E-01
 1.40000E+01 1.33802E+01 1.92741E-01
 1.45000E+01 1.22072E+01 1.87270E-01
 1.50000E+01 1.15190E+01 1.84158E-01
 1.60000E+01 1.03065E+01 1.77427E-01
 1.70000E+01 9.67800E+00 1.74322E-01
 1.80000E+01 9.18515E+00 1.71879E-01
 1.90000E+01 8.75750E+00 1.70187E-01
 2.00000E+01 8.36273E+00 1.68549E-01
 2.10000E+01 8.13658E+00 1.69593E-01
 2.20000E+01 7.62793E+00 1.67174E-01
 2.30000E+01 7.29318E+00 1.66493E-01
 2.40000E+01 7.00154E+00 1.66735E-01
 2.50000E+01 6.64759E+00 1.65358E-01
 2.60000E+01 6.38630E+00 1.65923E-01
 2.70000E+01 6.26728E+00 1.66695E-01
 2.80000E+01 5.78708E+00 1.64189E-01
 2.90000E+01 5.63777E+00 1.66243E-01
 3.00000E+01 5.42601E+00 1.66816E-01
 3.20000E+01 4.88386E+00 1.64584E-01
 3.40000E+01 4.41019E+00 1.63303E-01
 3.60000E+01 4.10741E+00 1.62964E-01
 3.80000E+01 3.89157E+00 1.66820E-01
 4.00000E+01 3.41861E+00 1.61324E-01
 4.20000E+01 3.22765E+00 1.65852E-01
 4.40000E+01 3.11345E+00 1.67694E-01
 4.60000E+01 2.67049E+00 1.60333E-01
 4.80000E+01 2.47691E+00 1.62803E-01
 5.00000E+01 2.39177E+00 1.64389E-01
 5.20000E+01 2.34463E+00 1.64243E-01
 5.40000E+01 2.00231E+00 1.58403E-01
 5.60000E+01 1.80207E+00 1.62155E-01
 5.80000E+01 1.71488E+00 1.65228E-01
 6.00000E+01 1.66833E+00 1.63949E-01
