# p + 117Sn: Production of 116Sb - Ground state
# Q-value    =-1.24294E+01 mass= 115.906793
# E-threshold= 1.25365E+01
# # energies =   103
#     E          xs      Branching
 1.00000E-11 0.00000E+00 0.00000E+00
 2.53000E-08 0.00000E+00 0.00000E+00
 2.00000E-07 0.00000E+00 0.00000E+00
 1.00000E-06 0.00000E+00 0.00000E+00
 1.00000E-05 0.00000E+00 0.00000E+00
 1.00000E-04 0.00000E+00 0.00000E+00
 1.00000E-03 0.00000E+00 0.00000E+00
 2.00000E-03 0.00000E+00 0.00000E+00
 4.00000E-03 0.00000E+00 0.00000E+00
 7.00000E-03 0.00000E+00 0.00000E+00
 1.00000E-02 0.00000E+00 0.00000E+00
 2.00000E-02 0.00000E+00 0.00000E+00
 4.00000E-02 0.00000E+00 0.00000E+00
 7.00000E-02 0.00000E+00 0.00000E+00
 1.00000E-01 0.00000E+00 0.00000E+00
 2.00000E-01 0.00000E+00 0.00000E+00
 3.00000E-01 0.00000E+00 0.00000E+00
 4.00000E-01 0.00000E+00 0.00000E+00
 5.00000E-01 0.00000E+00 0.00000E+00
 6.00000E-01 0.00000E+00 0.00000E+00
 7.00000E-01 0.00000E+00 0.00000E+00
 8.00000E-01 0.00000E+00 0.00000E+00
 9.00000E-01 0.00000E+00 0.00000E+00
 1.00000E+00 0.00000E+00 0.00000E+00
 1.20000E+00 0.00000E+00 0.00000E+00
 1.40000E+00 0.00000E+00 0.00000E+00
 1.60000E+00 0.00000E+00 0.00000E+00
 1.80000E+00 0.00000E+00 0.00000E+00
 2.00000E+00 0.00000E+00 0.00000E+00
 2.20000E+00 0.00000E+00 0.00000E+00
 2.40000E+00 0.00000E+00 0.00000E+00
 2.60000E+00 0.00000E+00 0.00000E+00
 2.80000E+00 0.00000E+00 0.00000E+00
 3.00000E+00 0.00000E+00 0.00000E+00
 3.20000E+00 0.00000E+00 0.00000E+00
 3.40000E+00 0.00000E+00 0.00000E+00
 3.60000E+00 0.00000E+00 0.00000E+00
 3.80000E+00 0.00000E+00 0.00000E+00
 4.00000E+00 0.00000E+00 0.00000E+00
 4.20000E+00 0.00000E+00 0.00000E+00
 4.40000E+00 0.00000E+00 0.00000E+00
 4.60000E+00 0.00000E+00 0.00000E+00
 4.80000E+00 0.00000E+00 0.00000E+00
 5.00000E+00 0.00000E+00 0.00000E+00
 5.20000E+00 0.00000E+00 0.00000E+00
 5.40000E+00 0.00000E+00 0.00000E+00
 5.60000E+00 0.00000E+00 0.00000E+00
 5.80000E+00 0.00000E+00 0.00000E+00
 6.00000E+00 0.00000E+00 0.00000E+00
 6.20000E+00 0.00000E+00 0.00000E+00
 6.40000E+00 0.00000E+00 0.00000E+00
 6.60000E+00 0.00000E+00 0.00000E+00
 6.80000E+00 0.00000E+00 0.00000E+00
 7.00000E+00 0.00000E+00 0.00000E+00
 7.20000E+00 0.00000E+00 0.00000E+00
 7.40000E+00 0.00000E+00 0.00000E+00
 7.60000E+00 0.00000E+00 0.00000E+00
 7.80000E+00 0.00000E+00 0.00000E+00
 8.00000E+00 0.00000E+00 0.00000E+00
 8.50000E+00 0.00000E+00 0.00000E+00
 9.00000E+00 0.00000E+00 0.00000E+00
 9.50000E+00 0.00000E+00 0.00000E+00
 1.00000E+01 0.00000E+00 0.00000E+00
 1.05000E+01 0.00000E+00 0.00000E+00
 1.10000E+01 0.00000E+00 0.00000E+00
 1.15000E+01 0.00000E+00 0.00000E+00
 1.20000E+01 0.00000E+00 0.00000E+00
 1.25000E+01 0.00000E+00 0.00000E+00
 1.30000E+01 4.30103E+01 9.98762E-01
 1.35000E+01 1.54130E+02 9.86453E-01
 1.40000E+01 2.92111E+02 9.73626E-01
 1.45000E+01 4.21041E+02 9.61616E-01
 1.50000E+01 5.31133E+02 9.49866E-01
 1.60000E+01 6.79364E+02 9.25286E-01
 1.70000E+01 7.57774E+02 8.97692E-01
 1.80000E+01 7.97619E+02 8.73984E-01
 1.90000E+01 8.07663E+02 8.47626E-01
 2.00000E+01 8.00760E+02 8.22670E-01
 2.10000E+01 7.84703E+02 7.98895E-01
 2.20000E+01 7.37568E+02 7.70664E-01
 2.30000E+01 6.51917E+02 7.33569E-01
 2.40000E+01 5.33609E+02 6.90743E-01
 2.50000E+01 4.14304E+02 6.47841E-01
 2.60000E+01 3.11261E+02 6.06347E-01
 2.70000E+01 2.29088E+02 5.65667E-01
 2.80000E+01 1.72408E+02 5.32551E-01
 2.90000E+01 1.31576E+02 5.02737E-01
 3.00000E+01 1.04108E+02 4.76024E-01
 3.20000E+01 7.50220E+01 4.50326E-01
 3.40000E+01 6.16744E+01 4.44016E-01
 3.60000E+01 5.43163E+01 4.43786E-01
 3.80000E+01 4.92426E+01 4.43926E-01
 4.00000E+01 4.53107E+01 4.48018E-01
 4.20000E+01 4.18314E+01 4.47199E-01
 4.40000E+01 3.84674E+01 4.45654E-01
 4.60000E+01 3.65540E+01 4.53317E-01
 4.80000E+01 3.34066E+01 4.50367E-01
 5.00000E+01 3.16645E+01 4.50480E-01
 5.20000E+01 2.95430E+01 4.50576E-01
 5.40000E+01 3.87324E+01 6.32703E-01
 5.60000E+01 3.66867E+01 6.45982E-01
 5.80000E+01 3.47095E+01 6.37052E-01
 6.00000E+01 3.25121E+01 6.38081E-01
