# p + 114Sn: Production of 114Sb - Total
# Q-value    =-6.84547E+00 mass= 113.909289
# E-threshold= 6.90601E+00
# # energies =   103
#     E          xs
 1.00000E-11 0.00000E+00
 2.53000E-08 0.00000E+00
 2.00000E-07 0.00000E+00
 1.00000E-06 0.00000E+00
 1.00000E-05 0.00000E+00
 1.00000E-04 0.00000E+00
 1.00000E-03 0.00000E+00
 2.00000E-03 0.00000E+00
 4.00000E-03 0.00000E+00
 7.00000E-03 0.00000E+00
 1.00000E-02 0.00000E+00
 2.00000E-02 0.00000E+00
 4.00000E-02 0.00000E+00
 7.00000E-02 0.00000E+00
 1.00000E-01 0.00000E+00
 2.00000E-01 0.00000E+00
 3.00000E-01 0.00000E+00
 4.00000E-01 0.00000E+00
 5.00000E-01 0.00000E+00
 6.00000E-01 0.00000E+00
 7.00000E-01 0.00000E+00
 8.00000E-01 0.00000E+00
 9.00000E-01 0.00000E+00
 1.00000E+00 0.00000E+00
 1.20000E+00 0.00000E+00
 1.40000E+00 0.00000E+00
 1.60000E+00 0.00000E+00
 1.80000E+00 0.00000E+00
 2.00000E+00 0.00000E+00
 2.20000E+00 0.00000E+00
 2.40000E+00 0.00000E+00
 2.60000E+00 0.00000E+00
 2.80000E+00 0.00000E+00
 3.00000E+00 0.00000E+00
 3.20000E+00 0.00000E+00
 3.40000E+00 0.00000E+00
 3.60000E+00 0.00000E+00
 3.80000E+00 0.00000E+00
 4.00000E+00 0.00000E+00
 4.20000E+00 0.00000E+00
 4.40000E+00 0.00000E+00
 4.60000E+00 0.00000E+00
 4.80000E+00 0.00000E+00
 5.00000E+00 0.00000E+00
 5.20000E+00 0.00000E+00
 5.40000E+00 0.00000E+00
 5.60000E+00 0.00000E+00
 5.80000E+00 0.00000E+00
 6.00000E+00 0.00000E+00
 6.20000E+00 0.00000E+00
 6.40000E+00 0.00000E+00
 6.60000E+00 0.00000E+00
 6.80000E+00 0.00000E+00
 7.00000E+00 3.13721E+01
 7.20000E+00 9.58401E+01
 7.40000E+00 1.34279E+02
 7.60000E+00 1.64337E+02
 7.80000E+00 1.90958E+02
 8.00000E+00 2.15883E+02
 8.50000E+00 2.79781E+02
 9.00000E+00 3.34691E+02
 9.50000E+00 3.89671E+02
 1.00000E+01 4.44963E+02
 1.05000E+01 5.00269E+02
 1.10000E+01 5.54897E+02
 1.15000E+01 6.07725E+02
 1.20000E+01 6.57276E+02
 1.25000E+01 7.02570E+02
 1.30000E+01 7.42618E+02
 1.35000E+01 7.75533E+02
 1.40000E+01 7.96670E+02
 1.45000E+01 7.99208E+02
 1.50000E+01 7.79512E+02
 1.60000E+01 6.40753E+02
 1.70000E+01 4.71617E+02
 1.80000E+01 3.38993E+02
 1.90000E+01 2.43464E+02
 2.00000E+01 1.79206E+02
 2.10000E+01 1.38770E+02
 2.20000E+01 1.12919E+02
 2.30000E+01 9.68215E+01
 2.40000E+01 8.59774E+01
 2.50000E+01 7.84761E+01
 2.60000E+01 7.31940E+01
 2.70000E+01 6.90067E+01
 2.80000E+01 6.60405E+01
 2.90000E+01 6.28822E+01
 3.00000E+01 6.01153E+01
 3.20000E+01 5.53076E+01
 3.40000E+01 5.08349E+01
 3.60000E+01 4.68044E+01
 3.80000E+01 4.30327E+01
 4.00000E+01 3.95893E+01
 4.20000E+01 3.68710E+01
 4.40000E+01 3.40037E+01
 4.60000E+01 3.15664E+01
 4.80000E+01 2.90130E+01
 5.00000E+01 2.71386E+01
 5.20000E+01 2.54265E+01
 5.40000E+01 2.33879E+01
 5.60000E+01 2.19224E+01
 5.80000E+01 2.03252E+01
 6.00000E+01 1.93054E+01
