# p + 120Sn: Production of 120Sn - Total
# Q-value    =-1.17127E+00 mass= 119.902203
# E-threshold= 1.18110E+00
# # energies =   103
#     E          xs
 1.00000E-11 0.00000E+00
 2.53000E-08 0.00000E+00
 2.00000E-07 0.00000E+00
 1.00000E-06 0.00000E+00
 1.00000E-05 0.00000E+00
 1.00000E-04 0.00000E+00
 1.00000E-03 0.00000E+00
 2.00000E-03 0.00000E+00
 4.00000E-03 0.00000E+00
 7.00000E-03 0.00000E+00
 1.00000E-02 0.00000E+00
 2.00000E-02 0.00000E+00
 4.00000E-02 0.00000E+00
 7.00000E-02 0.00000E+00
 1.00000E-01 0.00000E+00
 2.00000E-01 0.00000E+00
 3.00000E-01 0.00000E+00
 4.00000E-01 0.00000E+00
 5.00000E-01 0.00000E+00
 6.00000E-01 0.00000E+00
 7.00000E-01 0.00000E+00
 8.00000E-01 0.00000E+00
 9.00000E-01 0.00000E+00
 1.00000E+00 0.00000E+00
 1.20000E+00 0.00000E+00
 1.40000E+00 0.00000E+00
 1.60000E+00 0.00000E+00
 1.80000E+00 0.00000E+00
 2.00000E+00 0.00000E+00
 2.20000E+00 0.00000E+00
 2.40000E+00 0.00000E+00
 2.60000E+00 0.00000E+00
 2.80000E+00 0.00000E+00
 3.00000E+00 0.00000E+00
 3.20000E+00 0.00000E+00
 3.40000E+00 0.00000E+00
 3.60000E+00 0.00000E+00
 3.80000E+00 0.00000E+00
 4.00000E+00 0.00000E+00
 4.20000E+00 0.00000E+00
 4.40000E+00 0.00000E+00
 4.60000E+00 0.00000E+00
 4.80000E+00 1.31926E-03
 5.00000E+00 2.63121E-03
 5.20000E+00 5.07492E-03
 5.40000E+00 9.52985E-03
 5.60000E+00 1.68288E-02
 5.80000E+00 2.86348E-02
 6.00000E+00 4.70944E-02
 6.20000E+00 7.39760E-02
 6.40000E+00 1.12943E-01
 6.60000E+00 1.66385E-01
 6.80000E+00 2.36881E-01
 7.00000E+00 3.28052E-01
 7.20000E+00 4.42529E-01
 7.40000E+00 5.82022E-01
 7.60000E+00 7.53405E-01
 7.80000E+00 9.56499E-01
 8.00000E+00 1.19496E+00
 8.50000E+00 1.99024E+00
 9.00000E+00 3.13283E+00
 9.50000E+00 4.69282E+00
 1.00000E+01 6.70533E+00
 1.05000E+01 9.17881E+00
 1.10000E+01 1.21093E+01
 1.15000E+01 1.55014E+01
 1.20000E+01 1.93519E+01
 1.25000E+01 2.36562E+01
 1.30000E+01 2.83673E+01
 1.35000E+01 3.33954E+01
 1.40000E+01 3.86115E+01
 1.45000E+01 4.39882E+01
 1.50000E+01 4.94188E+01
 1.60000E+01 6.00138E+01
 1.70000E+01 6.99332E+01
 1.80000E+01 7.83045E+01
 1.90000E+01 8.54982E+01
 2.00000E+01 9.11967E+01
 2.10000E+01 9.58771E+01
 2.20000E+01 9.87110E+01
 2.30000E+01 9.90987E+01
 2.40000E+01 9.99610E+01
 2.50000E+01 9.98031E+01
 2.60000E+01 9.95132E+01
 2.70000E+01 9.81081E+01
 2.80000E+01 9.84941E+01
 2.90000E+01 9.59308E+01
 3.00000E+01 9.59721E+01
 3.20000E+01 9.19091E+01
 3.40000E+01 9.05479E+01
 3.60000E+01 8.48613E+01
 3.80000E+01 8.34503E+01
 4.00000E+01 7.80828E+01
 4.20000E+01 7.57105E+01
 4.40000E+01 7.50171E+01
 4.60000E+01 6.99857E+01
 4.80000E+01 6.93816E+01
 5.00000E+01 6.98536E+01
 5.20000E+01 6.85804E+01
 5.40000E+01 6.38114E+01
 5.60000E+01 6.04882E+01
 5.80000E+01 5.90339E+01
 6.00000E+01 5.79956E+01
