# p + 116Sn: Production of 116Sn - Total
# Q-value    =-1.29356E+00 mass= 115.901743
# E-threshold= 1.30480E+00
# # energies =   103
#     E          xs
 1.00000E-11 0.00000E+00
 2.53000E-08 0.00000E+00
 2.00000E-07 0.00000E+00
 1.00000E-06 0.00000E+00
 1.00000E-05 0.00000E+00
 1.00000E-04 0.00000E+00
 1.00000E-03 0.00000E+00
 2.00000E-03 0.00000E+00
 4.00000E-03 0.00000E+00
 7.00000E-03 0.00000E+00
 1.00000E-02 0.00000E+00
 2.00000E-02 0.00000E+00
 4.00000E-02 0.00000E+00
 7.00000E-02 0.00000E+00
 1.00000E-01 0.00000E+00
 2.00000E-01 0.00000E+00
 3.00000E-01 0.00000E+00
 4.00000E-01 0.00000E+00
 5.00000E-01 0.00000E+00
 6.00000E-01 0.00000E+00
 7.00000E-01 0.00000E+00
 8.00000E-01 0.00000E+00
 9.00000E-01 0.00000E+00
 1.00000E+00 0.00000E+00
 1.20000E+00 0.00000E+00
 1.40000E+00 0.00000E+00
 1.60000E+00 0.00000E+00
 1.80000E+00 0.00000E+00
 2.00000E+00 0.00000E+00
 2.20000E+00 0.00000E+00
 2.40000E+00 0.00000E+00
 2.60000E+00 0.00000E+00
 2.80000E+00 0.00000E+00
 3.00000E+00 0.00000E+00
 3.20000E+00 0.00000E+00
 3.40000E+00 0.00000E+00
 3.60000E+00 0.00000E+00
 3.80000E+00 1.34105E-03
 4.00000E+00 4.26234E-03
 4.20000E+00 1.21944E-02
 4.40000E+00 3.17442E-02
 4.60000E+00 7.59475E-02
 4.80000E+00 1.68076E-01
 5.00000E+00 3.46784E-01
 5.20000E+00 6.72129E-01
 5.40000E+00 1.24277E+00
 5.60000E+00 2.02876E+00
 5.80000E+00 1.72822E+00
 6.00000E+00 2.32978E+00
 6.20000E+00 2.69199E+00
 6.40000E+00 2.90747E+00
 6.60000E+00 3.26216E+00
 6.80000E+00 3.68691E+00
 7.00000E+00 4.19980E+00
 7.20000E+00 4.74413E+00
 7.40000E+00 5.34416E+00
 7.60000E+00 5.96535E+00
 7.80000E+00 6.63430E+00
 8.00000E+00 7.32673E+00
 8.50000E+00 9.24773E+00
 9.00000E+00 1.15378E+01
 9.50000E+00 1.43169E+01
 1.00000E+01 1.77031E+01
 1.05000E+01 2.17909E+01
 1.10000E+01 2.66142E+01
 1.15000E+01 3.21800E+01
 1.20000E+01 3.84572E+01
 1.25000E+01 4.53672E+01
 1.30000E+01 5.27854E+01
 1.35000E+01 6.05288E+01
 1.40000E+01 6.82143E+01
 1.45000E+01 7.54878E+01
 1.50000E+01 8.20033E+01
 1.60000E+01 9.23448E+01
 1.70000E+01 9.96268E+01
 1.80000E+01 1.06821E+02
 1.90000E+01 1.13881E+02
 2.00000E+01 1.20298E+02
 2.10000E+01 1.25421E+02
 2.20000E+01 1.29383E+02
 2.30000E+01 1.31870E+02
 2.40000E+01 1.32546E+02
 2.50000E+01 1.33453E+02
 2.60000E+01 1.32926E+02
 2.70000E+01 1.32449E+02
 2.80000E+01 1.30825E+02
 2.90000E+01 1.30622E+02
 3.00000E+01 1.27644E+02
 3.20000E+01 1.24504E+02
 3.40000E+01 1.19516E+02
 3.60000E+01 1.12764E+02
 3.80000E+01 1.10373E+02
 4.00000E+01 1.04562E+02
 4.20000E+01 1.00819E+02
 4.40000E+01 9.70827E+01
 4.60000E+01 9.39515E+01
 4.80000E+01 9.22896E+01
 5.00000E+01 9.09286E+01
 5.20000E+01 8.63673E+01
 5.40000E+01 8.38071E+01
 5.60000E+01 8.01845E+01
 5.80000E+01 7.73087E+01
 6.00000E+01 7.50172E+01
