# p + 112Sn: Production of 112Sb - Total
# Q-value    =-7.83843E+00 mass= 111.912400
# E-threshold= 7.90898E+00
# # energies =   103
#     E          xs
 1.00000E-11 0.00000E+00
 2.53000E-08 0.00000E+00
 2.00000E-07 0.00000E+00
 1.00000E-06 0.00000E+00
 1.00000E-05 0.00000E+00
 1.00000E-04 0.00000E+00
 1.00000E-03 0.00000E+00
 2.00000E-03 0.00000E+00
 4.00000E-03 0.00000E+00
 7.00000E-03 0.00000E+00
 1.00000E-02 0.00000E+00
 2.00000E-02 0.00000E+00
 4.00000E-02 0.00000E+00
 7.00000E-02 0.00000E+00
 1.00000E-01 0.00000E+00
 2.00000E-01 0.00000E+00
 3.00000E-01 0.00000E+00
 4.00000E-01 0.00000E+00
 5.00000E-01 0.00000E+00
 6.00000E-01 0.00000E+00
 7.00000E-01 0.00000E+00
 8.00000E-01 0.00000E+00
 9.00000E-01 0.00000E+00
 1.00000E+00 0.00000E+00
 1.20000E+00 0.00000E+00
 1.40000E+00 0.00000E+00
 1.60000E+00 0.00000E+00
 1.80000E+00 0.00000E+00
 2.00000E+00 0.00000E+00
 2.20000E+00 0.00000E+00
 2.40000E+00 0.00000E+00
 2.60000E+00 0.00000E+00
 2.80000E+00 0.00000E+00
 3.00000E+00 0.00000E+00
 3.20000E+00 0.00000E+00
 3.40000E+00 0.00000E+00
 3.60000E+00 0.00000E+00
 3.80000E+00 0.00000E+00
 4.00000E+00 0.00000E+00
 4.20000E+00 0.00000E+00
 4.40000E+00 0.00000E+00
 4.60000E+00 0.00000E+00
 4.80000E+00 0.00000E+00
 5.00000E+00 0.00000E+00
 5.20000E+00 0.00000E+00
 5.40000E+00 0.00000E+00
 5.60000E+00 0.00000E+00
 5.80000E+00 0.00000E+00
 6.00000E+00 0.00000E+00
 6.20000E+00 0.00000E+00
 6.40000E+00 0.00000E+00
 6.60000E+00 0.00000E+00
 6.80000E+00 0.00000E+00
 7.00000E+00 0.00000E+00
 7.20000E+00 0.00000E+00
 7.40000E+00 0.00000E+00
 7.60000E+00 0.00000E+00
 7.80000E+00 0.00000E+00
 8.00000E+00 1.01052E+01
 8.50000E+00 1.25274E+02
 9.00000E+00 2.11015E+02
 9.50000E+00 2.74634E+02
 1.00000E+01 3.24223E+02
 1.05000E+01 3.64827E+02
 1.10000E+01 3.99397E+02
 1.15000E+01 4.30227E+02
 1.20000E+01 4.58314E+02
 1.25000E+01 4.84688E+02
 1.30000E+01 5.09638E+02
 1.35000E+01 5.33494E+02
 1.40000E+01 5.52305E+02
 1.45000E+01 5.56441E+02
 1.50000E+01 5.35982E+02
 1.60000E+01 4.39191E+02
 1.70000E+01 3.30592E+02
 1.80000E+01 2.41834E+02
 1.90000E+01 1.79124E+02
 2.00000E+01 1.36486E+02
 2.10000E+01 1.08411E+02
 2.20000E+01 9.01219E+01
 2.30000E+01 7.82192E+01
 2.40000E+01 6.99430E+01
 2.50000E+01 6.42683E+01
 2.60000E+01 6.01561E+01
 2.70000E+01 5.68883E+01
 2.80000E+01 5.37962E+01
 2.90000E+01 5.18789E+01
 3.00000E+01 4.96606E+01
 3.20000E+01 4.56312E+01
 3.40000E+01 4.19232E+01
 3.60000E+01 3.87021E+01
 3.80000E+01 3.56770E+01
 4.00000E+01 3.30182E+01
 4.20000E+01 3.05918E+01
 4.40000E+01 2.85148E+01
 4.60000E+01 2.65944E+01
 4.80000E+01 2.47078E+01
 5.00000E+01 2.34836E+01
 5.20000E+01 2.19088E+01
 5.40000E+01 2.04562E+01
 5.60000E+01 1.91983E+01
 5.80000E+01 1.80941E+01
 6.00000E+01 1.68784E+01
