# p + 122Sn: Production of 121Sn - Level  1     0.00631 MeV
# Q-value    =-6.59639E+00 mass= 120.904243
# E-threshold= 6.65089E+00
# # energies =   103
#     E          xs      Branching
 1.00000E-11 0.00000E+00 0.00000E+00
 2.53000E-08 0.00000E+00 0.00000E+00
 2.00000E-07 0.00000E+00 0.00000E+00
 1.00000E-06 0.00000E+00 0.00000E+00
 1.00000E-05 0.00000E+00 0.00000E+00
 1.00000E-04 0.00000E+00 0.00000E+00
 1.00000E-03 0.00000E+00 0.00000E+00
 2.00000E-03 0.00000E+00 0.00000E+00
 4.00000E-03 0.00000E+00 0.00000E+00
 7.00000E-03 0.00000E+00 0.00000E+00
 1.00000E-02 0.00000E+00 0.00000E+00
 2.00000E-02 0.00000E+00 0.00000E+00
 4.00000E-02 0.00000E+00 0.00000E+00
 7.00000E-02 0.00000E+00 0.00000E+00
 1.00000E-01 0.00000E+00 0.00000E+00
 2.00000E-01 0.00000E+00 0.00000E+00
 3.00000E-01 0.00000E+00 0.00000E+00
 4.00000E-01 0.00000E+00 0.00000E+00
 5.00000E-01 0.00000E+00 0.00000E+00
 6.00000E-01 0.00000E+00 0.00000E+00
 7.00000E-01 0.00000E+00 0.00000E+00
 8.00000E-01 0.00000E+00 0.00000E+00
 9.00000E-01 0.00000E+00 0.00000E+00
 1.00000E+00 0.00000E+00 0.00000E+00
 1.20000E+00 0.00000E+00 0.00000E+00
 1.40000E+00 0.00000E+00 0.00000E+00
 1.60000E+00 0.00000E+00 0.00000E+00
 1.80000E+00 0.00000E+00 0.00000E+00
 2.00000E+00 0.00000E+00 0.00000E+00
 2.20000E+00 0.00000E+00 0.00000E+00
 2.40000E+00 0.00000E+00 0.00000E+00
 2.60000E+00 0.00000E+00 0.00000E+00
 2.80000E+00 0.00000E+00 0.00000E+00
 3.00000E+00 0.00000E+00 0.00000E+00
 3.20000E+00 0.00000E+00 0.00000E+00
 3.40000E+00 0.00000E+00 0.00000E+00
 3.60000E+00 0.00000E+00 0.00000E+00
 3.80000E+00 0.00000E+00 0.00000E+00
 4.00000E+00 0.00000E+00 0.00000E+00
 4.20000E+00 0.00000E+00 0.00000E+00
 4.40000E+00 0.00000E+00 0.00000E+00
 4.60000E+00 0.00000E+00 0.00000E+00
 4.80000E+00 0.00000E+00 0.00000E+00
 5.00000E+00 0.00000E+00 0.00000E+00
 5.20000E+00 0.00000E+00 0.00000E+00
 5.40000E+00 0.00000E+00 0.00000E+00
 5.60000E+00 0.00000E+00 0.00000E+00
 5.80000E+00 0.00000E+00 0.00000E+00
 6.00000E+00 0.00000E+00 0.00000E+00
 6.20000E+00 0.00000E+00 0.00000E+00
 6.40000E+00 0.00000E+00 0.00000E+00
 6.60000E+00 0.00000E+00 0.00000E+00
 6.80000E+00 0.00000E+00 0.00000E+00
 7.00000E+00 0.00000E+00 0.00000E+00
 7.20000E+00 0.00000E+00 0.00000E+00
 7.40000E+00 0.00000E+00 0.00000E+00
 7.60000E+00 0.00000E+00 0.00000E+00
 7.80000E+00 0.00000E+00 0.00000E+00
 8.00000E+00 0.00000E+00 0.00000E+00
 8.50000E+00 0.00000E+00 0.00000E+00
 9.00000E+00 0.00000E+00 0.00000E+00
 9.50000E+00 0.00000E+00 0.00000E+00
 1.00000E+01 0.00000E+00 0.00000E+00
 1.05000E+01 0.00000E+00 0.00000E+00
 1.10000E+01 7.12854E-04 6.33228E-01
 1.15000E+01 2.56446E-03 6.08377E-01
 1.20000E+01 7.48904E-03 5.72228E-01
 1.25000E+01 2.32076E-02 5.31254E-01
 1.30000E+01 6.14989E-02 5.19077E-01
 1.35000E+01 1.32392E-01 5.30278E-01
 1.40000E+01 2.96367E-01 5.44535E-01
 1.45000E+01 6.09266E-01 5.61536E-01
 1.50000E+01 1.14923E+00 5.77194E-01
 1.60000E+01 3.00497E+00 5.99360E-01
 1.70000E+01 6.61092E+00 6.18404E-01
 1.80000E+01 1.16959E+01 6.27414E-01
 1.90000E+01 1.85700E+01 6.35466E-01
 2.00000E+01 2.71155E+01 6.40274E-01
 2.10000E+01 3.68883E+01 6.48149E-01
 2.20000E+01 4.79924E+01 6.54251E-01
 2.30000E+01 6.02014E+01 6.58098E-01
 2.40000E+01 6.94990E+01 6.48613E-01
 2.50000E+01 8.13441E+01 6.49444E-01
 2.60000E+01 9.04344E+01 6.52217E-01
 2.70000E+01 1.00318E+02 6.52184E-01
 2.80000E+01 1.07027E+02 6.52126E-01
 2.90000E+01 1.13770E+02 6.54430E-01
 3.00000E+01 1.18168E+02 6.48441E-01
 3.20000E+01 1.24528E+02 6.49694E-01
 3.40000E+01 1.30294E+02 6.47345E-01
 3.60000E+01 1.30502E+02 6.49634E-01
 3.80000E+01 1.34208E+02 6.49555E-01
 4.00000E+01 1.34909E+02 6.54248E-01
 4.20000E+01 1.31360E+02 6.51035E-01
 4.40000E+01 1.34207E+02 6.50838E-01
 4.60000E+01 1.27667E+02 6.50257E-01
 4.80000E+01 1.26748E+02 6.55956E-01
 5.00000E+01 1.29142E+02 6.55873E-01
 5.20000E+01 1.21001E+02 6.53876E-01
 5.40000E+01 1.21275E+02 6.59329E-01
 5.60000E+01 1.22798E+02 6.64493E-01
 5.80000E+01 1.18500E+02 6.52027E-01
 6.00000E+01 1.11011E+02 6.46337E-01
