# p + 118Sn: Production of 118Sb - Total
# Q-value    =-4.43899E+00 mass= 117.905532
# E-threshold= 4.47692E+00
# # energies =   103
#     E          xs
 1.00000E-11 0.00000E+00
 2.53000E-08 0.00000E+00
 2.00000E-07 0.00000E+00
 1.00000E-06 0.00000E+00
 1.00000E-05 0.00000E+00
 1.00000E-04 0.00000E+00
 1.00000E-03 0.00000E+00
 2.00000E-03 0.00000E+00
 4.00000E-03 0.00000E+00
 7.00000E-03 0.00000E+00
 1.00000E-02 0.00000E+00
 2.00000E-02 0.00000E+00
 4.00000E-02 0.00000E+00
 7.00000E-02 0.00000E+00
 1.00000E-01 0.00000E+00
 2.00000E-01 0.00000E+00
 3.00000E-01 0.00000E+00
 4.00000E-01 0.00000E+00
 5.00000E-01 0.00000E+00
 6.00000E-01 0.00000E+00
 7.00000E-01 0.00000E+00
 8.00000E-01 0.00000E+00
 9.00000E-01 0.00000E+00
 1.00000E+00 0.00000E+00
 1.20000E+00 0.00000E+00
 1.40000E+00 0.00000E+00
 1.60000E+00 0.00000E+00
 1.80000E+00 0.00000E+00
 2.00000E+00 0.00000E+00
 2.20000E+00 0.00000E+00
 2.40000E+00 0.00000E+00
 2.60000E+00 0.00000E+00
 2.80000E+00 0.00000E+00
 3.00000E+00 0.00000E+00
 3.20000E+00 0.00000E+00
 3.40000E+00 0.00000E+00
 3.60000E+00 0.00000E+00
 3.80000E+00 0.00000E+00
 4.00000E+00 0.00000E+00
 4.20000E+00 0.00000E+00
 4.40000E+00 0.00000E+00
 4.60000E+00 5.18123E+00
 4.80000E+00 1.06684E+01
 5.00000E+00 1.71367E+01
 5.20000E+00 2.48534E+01
 5.40000E+00 3.43308E+01
 5.60000E+00 4.57851E+01
 5.80000E+00 5.92723E+01
 6.00000E+00 7.47272E+01
 6.20000E+00 9.20384E+01
 6.40000E+00 1.10987E+02
 6.60000E+00 1.31323E+02
 6.80000E+00 1.52897E+02
 7.00000E+00 1.75438E+02
 7.20000E+00 1.98850E+02
 7.40000E+00 2.23011E+02
 7.60000E+00 2.47796E+02
 7.80000E+00 2.73189E+02
 8.00000E+00 2.99066E+02
 8.50000E+00 3.65525E+02
 9.00000E+00 4.33474E+02
 9.50000E+00 5.01453E+02
 1.00000E+01 5.68287E+02
 1.05000E+01 6.33057E+02
 1.10000E+01 6.95052E+02
 1.15000E+01 7.53437E+02
 1.20000E+01 8.04457E+02
 1.25000E+01 7.67460E+02
 1.30000E+01 6.78252E+02
 1.35000E+01 5.73214E+02
 1.40000E+01 4.70593E+02
 1.45000E+01 3.83299E+02
 1.50000E+01 3.15610E+02
 1.60000E+01 2.16032E+02
 1.70000E+01 1.57642E+02
 1.80000E+01 1.22622E+02
 1.90000E+01 1.01479E+02
 2.00000E+01 8.83000E+01
 2.10000E+01 7.95431E+01
 2.20000E+01 7.37646E+01
 2.30000E+01 6.94308E+01
 2.40000E+01 6.61498E+01
 2.50000E+01 6.27088E+01
 2.60000E+01 5.96038E+01
 2.70000E+01 5.72885E+01
 2.80000E+01 5.45162E+01
 2.90000E+01 5.24379E+01
 3.00000E+01 4.99891E+01
 3.20000E+01 4.58493E+01
 3.40000E+01 4.22437E+01
 3.60000E+01 3.90814E+01
 3.80000E+01 3.50794E+01
 4.00000E+01 3.24202E+01
 4.20000E+01 2.98009E+01
 4.40000E+01 2.76902E+01
 4.60000E+01 2.60714E+01
 4.80000E+01 2.38687E+01
 5.00000E+01 2.17255E+01
 5.20000E+01 2.07939E+01
 5.40000E+01 1.90683E+01
 5.60000E+01 1.71470E+01
 5.80000E+01 1.62688E+01
 6.00000E+01 1.57502E+01
