# p + 122Sn: Production of 122Sb - Ground state
# Q-value    =-2.38810E+00 mass= 121.905169
# E-threshold= 2.40783E+00
# # energies =   103
#     E          xs      Branching
 1.00000E-11 0.00000E+00 0.00000E+00
 2.53000E-08 0.00000E+00 0.00000E+00
 2.00000E-07 0.00000E+00 0.00000E+00
 1.00000E-06 0.00000E+00 0.00000E+00
 1.00000E-05 0.00000E+00 0.00000E+00
 1.00000E-04 0.00000E+00 0.00000E+00
 1.00000E-03 0.00000E+00 0.00000E+00
 2.00000E-03 0.00000E+00 0.00000E+00
 4.00000E-03 0.00000E+00 0.00000E+00
 7.00000E-03 0.00000E+00 0.00000E+00
 1.00000E-02 0.00000E+00 0.00000E+00
 2.00000E-02 0.00000E+00 0.00000E+00
 4.00000E-02 0.00000E+00 0.00000E+00
 7.00000E-02 0.00000E+00 0.00000E+00
 1.00000E-01 0.00000E+00 0.00000E+00
 2.00000E-01 0.00000E+00 0.00000E+00
 3.00000E-01 0.00000E+00 0.00000E+00
 4.00000E-01 0.00000E+00 0.00000E+00
 5.00000E-01 0.00000E+00 0.00000E+00
 6.00000E-01 0.00000E+00 0.00000E+00
 7.00000E-01 0.00000E+00 0.00000E+00
 8.00000E-01 0.00000E+00 0.00000E+00
 9.00000E-01 0.00000E+00 0.00000E+00
 1.00000E+00 0.00000E+00 0.00000E+00
 1.20000E+00 0.00000E+00 0.00000E+00
 1.40000E+00 0.00000E+00 0.00000E+00
 1.60000E+00 0.00000E+00 0.00000E+00
 1.80000E+00 0.00000E+00 0.00000E+00
 2.00000E+00 0.00000E+00 0.00000E+00
 2.20000E+00 0.00000E+00 0.00000E+00
 2.40000E+00 0.00000E+00 0.00000E+00
 2.60000E+00 1.14381E-02 1.00000E+00
 2.80000E+00 3.80949E-02 9.99999E-01
 3.00000E+00 9.75700E-02 9.99975E-01
 3.20000E+00 2.21894E-01 9.99936E-01
 3.40000E+00 4.62430E-01 9.99858E-01
 3.60000E+00 8.96041E-01 9.99765E-01
 3.80000E+00 1.63008E+00 9.99652E-01
 4.00000E+00 2.80537E+00 9.99512E-01
 4.20000E+00 4.59542E+00 9.99341E-01
 4.40000E+00 7.20008E+00 9.99139E-01
 4.60000E+00 1.08348E+01 9.98902E-01
 4.80000E+00 1.57176E+01 9.98626E-01
 5.00000E+00 2.20446E+01 9.98302E-01
 5.20000E+00 2.99806E+01 9.97939E-01
 5.40000E+00 3.96375E+01 9.97523E-01
 5.60000E+00 5.10678E+01 9.97054E-01
 5.80000E+00 6.42758E+01 9.96527E-01
 6.00000E+00 7.92040E+01 9.95939E-01
 6.20000E+00 9.57827E+01 9.95284E-01
 6.40000E+00 1.13906E+02 9.94565E-01
 6.60000E+00 1.33480E+02 9.93770E-01
 6.80000E+00 1.54415E+02 9.92900E-01
 7.00000E+00 1.76601E+02 9.91912E-01
 7.20000E+00 2.00005E+02 9.90923E-01
 7.40000E+00 2.24487E+02 9.89838E-01
 7.60000E+00 2.49981E+02 9.88581E-01
 7.80000E+00 2.76399E+02 9.87340E-01
 8.00000E+00 3.03541E+02 9.85918E-01
 8.50000E+00 3.73857E+02 9.82079E-01
 9.00000E+00 4.45410E+02 9.77631E-01
 9.50000E+00 4.90112E+02 9.71339E-01
 1.00000E+01 4.52574E+02 9.59957E-01
 1.05000E+01 3.69308E+02 9.41240E-01
 1.10000E+01 2.90972E+02 9.16318E-01
 1.15000E+01 2.30649E+02 8.87430E-01
 1.20000E+01 1.75435E+02 8.50125E-01
 1.25000E+01 1.40501E+02 8.14530E-01
 1.30000E+01 1.08960E+02 7.71130E-01
 1.35000E+01 8.84064E+01 7.32367E-01
 1.40000E+01 7.34685E+01 6.96662E-01
 1.45000E+01 6.22315E+01 6.64161E-01
 1.50000E+01 5.38896E+01 6.36384E-01
 1.60000E+01 4.41490E+01 5.99833E-01
 1.70000E+01 3.83171E+01 5.75127E-01
 1.80000E+01 3.53628E+01 5.66369E-01
 1.90000E+01 3.32733E+01 5.58307E-01
 2.00000E+01 3.14321E+01 5.53144E-01
 2.10000E+01 2.96645E+01 5.48411E-01
 2.20000E+01 2.80943E+01 5.44774E-01
 2.30000E+01 2.76328E+01 5.47573E-01
 2.40000E+01 2.57392E+01 5.40318E-01
 2.50000E+01 2.45845E+01 5.40839E-01
 2.60000E+01 2.36546E+01 5.39600E-01
 2.70000E+01 2.26238E+01 5.38365E-01
 2.80000E+01 2.15555E+01 5.38660E-01
 2.90000E+01 2.12575E+01 5.44317E-01
 3.00000E+01 1.95307E+01 5.35726E-01
 3.20000E+01 1.87468E+01 5.44245E-01
 3.40000E+01 1.65294E+01 5.36368E-01
 3.60000E+01 1.55207E+01 5.43252E-01
 3.80000E+01 1.39262E+01 5.32050E-01
 4.00000E+01 1.33832E+01 5.44765E-01
 4.20000E+01 1.16794E+01 5.32587E-01
 4.40000E+01 1.11900E+01 5.46889E-01
 4.60000E+01 1.08741E+01 5.55019E-01
 4.80000E+01 9.45072E+00 5.35327E-01
 5.00000E+01 8.67858E+00 5.41079E-01
 5.20000E+01 8.30858E+00 5.45863E-01
 5.40000E+01 8.13826E+00 5.53398E-01
 5.60000E+01 7.62414E+00 5.47727E-01
 5.80000E+01 6.36714E+00 5.41633E-01
 6.00000E+01 6.01225E+00 5.46551E-01
