# p + 124Sn: Production of 123Sb - Total
# Q-value    =-7.86226E+00 mass= 122.904215
# E-threshold= 7.92618E+00
# # energies =   103
#     E          xs
 1.00000E-11 0.00000E+00
 2.53000E-08 0.00000E+00
 2.00000E-07 0.00000E+00
 1.00000E-06 0.00000E+00
 1.00000E-05 0.00000E+00
 1.00000E-04 0.00000E+00
 1.00000E-03 0.00000E+00
 2.00000E-03 0.00000E+00
 4.00000E-03 0.00000E+00
 7.00000E-03 0.00000E+00
 1.00000E-02 0.00000E+00
 2.00000E-02 0.00000E+00
 4.00000E-02 0.00000E+00
 7.00000E-02 0.00000E+00
 1.00000E-01 0.00000E+00
 2.00000E-01 0.00000E+00
 3.00000E-01 0.00000E+00
 4.00000E-01 0.00000E+00
 5.00000E-01 0.00000E+00
 6.00000E-01 0.00000E+00
 7.00000E-01 0.00000E+00
 8.00000E-01 0.00000E+00
 9.00000E-01 0.00000E+00
 1.00000E+00 0.00000E+00
 1.20000E+00 0.00000E+00
 1.40000E+00 0.00000E+00
 1.60000E+00 0.00000E+00
 1.80000E+00 0.00000E+00
 2.00000E+00 0.00000E+00
 2.20000E+00 0.00000E+00
 2.40000E+00 0.00000E+00
 2.60000E+00 0.00000E+00
 2.80000E+00 0.00000E+00
 3.00000E+00 0.00000E+00
 3.20000E+00 0.00000E+00
 3.40000E+00 0.00000E+00
 3.60000E+00 0.00000E+00
 3.80000E+00 0.00000E+00
 4.00000E+00 0.00000E+00
 4.20000E+00 0.00000E+00
 4.40000E+00 0.00000E+00
 4.60000E+00 0.00000E+00
 4.80000E+00 0.00000E+00
 5.00000E+00 0.00000E+00
 5.20000E+00 0.00000E+00
 5.40000E+00 0.00000E+00
 5.60000E+00 0.00000E+00
 5.80000E+00 0.00000E+00
 6.00000E+00 0.00000E+00
 6.20000E+00 0.00000E+00
 6.40000E+00 0.00000E+00
 6.60000E+00 0.00000E+00
 6.80000E+00 0.00000E+00
 7.00000E+00 0.00000E+00
 7.20000E+00 0.00000E+00
 7.40000E+00 0.00000E+00
 7.60000E+00 0.00000E+00
 7.80000E+00 0.00000E+00
 8.00000E+00 2.78599E+00
 8.50000E+00 6.11160E+01
 9.00000E+00 1.63573E+02
 9.50000E+00 2.86544E+02
 1.00000E+01 4.08759E+02
 1.05000E+01 5.20118E+02
 1.10000E+01 6.12069E+02
 1.15000E+01 6.95099E+02
 1.20000E+01 7.62879E+02
 1.25000E+01 8.21193E+02
 1.30000E+01 8.70419E+02
 1.35000E+01 9.12769E+02
 1.40000E+01 9.48840E+02
 1.45000E+01 9.80601E+02
 1.50000E+01 1.00830E+03
 1.60000E+01 1.05722E+03
 1.70000E+01 1.09682E+03
 1.80000E+01 1.09620E+03
 1.90000E+01 9.81059E+02
 2.00000E+01 7.90956E+02
 2.10000E+01 5.99562E+02
 2.20000E+01 4.46860E+02
 2.30000E+01 3.35811E+02
 2.40000E+01 2.63958E+02
 2.50000E+01 2.14518E+02
 2.60000E+01 1.84074E+02
 2.70000E+01 1.63821E+02
 2.80000E+01 1.51311E+02
 2.90000E+01 1.40886E+02
 3.00000E+01 1.34122E+02
 3.20000E+01 1.20623E+02
 3.40000E+01 1.10576E+02
 3.60000E+01 1.01722E+02
 3.80000E+01 9.37147E+01
 4.00000E+01 8.90159E+01
 4.20000E+01 8.07177E+01
 4.40000E+01 7.51559E+01
 4.60000E+01 6.98272E+01
 4.80000E+01 6.67155E+01
 5.00000E+01 5.93678E+01
 5.20000E+01 5.73167E+01
 5.40000E+01 5.37086E+01
 5.60000E+01 4.93833E+01
 5.80000E+01 4.77136E+01
 6.00000E+01 4.56276E+01
