# p + 118Sn: Production of 117Sb - Total
# Q-value    =-1.18670E+01 mass= 116.904842
# E-threshold= 1.19683E+01
# # energies =   103
#     E          xs
 1.00000E-11 0.00000E+00
 2.53000E-08 0.00000E+00
 2.00000E-07 0.00000E+00
 1.00000E-06 0.00000E+00
 1.00000E-05 0.00000E+00
 1.00000E-04 0.00000E+00
 1.00000E-03 0.00000E+00
 2.00000E-03 0.00000E+00
 4.00000E-03 0.00000E+00
 7.00000E-03 0.00000E+00
 1.00000E-02 0.00000E+00
 2.00000E-02 0.00000E+00
 4.00000E-02 0.00000E+00
 7.00000E-02 0.00000E+00
 1.00000E-01 0.00000E+00
 2.00000E-01 0.00000E+00
 3.00000E-01 0.00000E+00
 4.00000E-01 0.00000E+00
 5.00000E-01 0.00000E+00
 6.00000E-01 0.00000E+00
 7.00000E-01 0.00000E+00
 8.00000E-01 0.00000E+00
 9.00000E-01 0.00000E+00
 1.00000E+00 0.00000E+00
 1.20000E+00 0.00000E+00
 1.40000E+00 0.00000E+00
 1.60000E+00 0.00000E+00
 1.80000E+00 0.00000E+00
 2.00000E+00 0.00000E+00
 2.20000E+00 0.00000E+00
 2.40000E+00 0.00000E+00
 2.60000E+00 0.00000E+00
 2.80000E+00 0.00000E+00
 3.00000E+00 0.00000E+00
 3.20000E+00 0.00000E+00
 3.40000E+00 0.00000E+00
 3.60000E+00 0.00000E+00
 3.80000E+00 0.00000E+00
 4.00000E+00 0.00000E+00
 4.20000E+00 0.00000E+00
 4.40000E+00 0.00000E+00
 4.60000E+00 0.00000E+00
 4.80000E+00 0.00000E+00
 5.00000E+00 0.00000E+00
 5.20000E+00 0.00000E+00
 5.40000E+00 0.00000E+00
 5.60000E+00 0.00000E+00
 5.80000E+00 0.00000E+00
 6.00000E+00 0.00000E+00
 6.20000E+00 0.00000E+00
 6.40000E+00 0.00000E+00
 6.60000E+00 0.00000E+00
 6.80000E+00 0.00000E+00
 7.00000E+00 0.00000E+00
 7.20000E+00 0.00000E+00
 7.40000E+00 0.00000E+00
 7.60000E+00 0.00000E+00
 7.80000E+00 0.00000E+00
 8.00000E+00 0.00000E+00
 8.50000E+00 0.00000E+00
 9.00000E+00 0.00000E+00
 9.50000E+00 0.00000E+00
 1.00000E+01 0.00000E+00
 1.05000E+01 0.00000E+00
 1.10000E+01 0.00000E+00
 1.15000E+01 0.00000E+00
 1.20000E+01 2.81931E+00
 1.25000E+01 8.81952E+01
 1.30000E+01 2.19747E+02
 1.35000E+01 3.61125E+02
 1.40000E+01 4.94586E+02
 1.45000E+01 6.08128E+02
 1.50000E+01 6.98404E+02
 1.60000E+01 8.35478E+02
 1.70000E+01 9.24423E+02
 1.80000E+01 9.84088E+02
 1.90000E+01 1.02312E+03
 2.00000E+01 1.04522E+03
 2.10000E+01 1.05822E+03
 2.20000E+01 1.06070E+03
 2.30000E+01 1.04909E+03
 2.40000E+01 9.73386E+02
 2.50000E+01 8.38803E+02
 2.60000E+01 6.84256E+02
 2.70000E+01 5.41604E+02
 2.80000E+01 4.25865E+02
 2.90000E+01 3.37209E+02
 3.00000E+01 2.73324E+02
 3.20000E+01 1.96104E+02
 3.40000E+01 1.57846E+02
 3.60000E+01 1.36351E+02
 3.80000E+01 1.23208E+02
 4.00000E+01 1.12050E+02
 4.20000E+01 1.02982E+02
 4.40000E+01 9.57869E+01
 4.60000E+01 8.79861E+01
 4.80000E+01 8.20481E+01
 5.00000E+01 7.69996E+01
 5.20000E+01 7.11781E+01
 5.40000E+01 6.72867E+01
 5.60000E+01 6.30128E+01
 5.80000E+01 5.94784E+01
 6.00000E+01 5.45902E+01
