# p + 119Sn: Production of 119Sn - Total
# Q-value    =-2.38710E-02 mass= 118.903311
# E-threshold= 2.40732E-02
# # energies =   103
#     E          xs
 1.00000E-11 0.00000E+00
 2.53000E-08 0.00000E+00
 2.00000E-07 0.00000E+00
 1.00000E-06 0.00000E+00
 1.00000E-05 0.00000E+00
 1.00000E-04 0.00000E+00
 1.00000E-03 0.00000E+00
 2.00000E-03 0.00000E+00
 4.00000E-03 0.00000E+00
 7.00000E-03 0.00000E+00
 1.00000E-02 0.00000E+00
 2.00000E-02 0.00000E+00
 4.00000E-02 0.00000E+00
 7.00000E-02 0.00000E+00
 1.00000E-01 0.00000E+00
 2.00000E-01 0.00000E+00
 3.00000E-01 0.00000E+00
 4.00000E-01 0.00000E+00
 5.00000E-01 0.00000E+00
 6.00000E-01 0.00000E+00
 7.00000E-01 0.00000E+00
 8.00000E-01 0.00000E+00
 9.00000E-01 0.00000E+00
 1.00000E+00 0.00000E+00
 1.20000E+00 0.00000E+00
 1.40000E+00 0.00000E+00
 1.60000E+00 0.00000E+00
 1.80000E+00 0.00000E+00
 2.00000E+00 0.00000E+00
 2.20000E+00 0.00000E+00
 2.40000E+00 0.00000E+00
 2.60000E+00 0.00000E+00
 2.80000E+00 0.00000E+00
 3.00000E+00 0.00000E+00
 3.20000E+00 0.00000E+00
 3.40000E+00 0.00000E+00
 3.60000E+00 0.00000E+00
 3.80000E+00 0.00000E+00
 4.00000E+00 0.00000E+00
 4.20000E+00 0.00000E+00
 4.40000E+00 1.94023E-03
 4.60000E+00 3.61661E-03
 4.80000E+00 6.59514E-03
 5.00000E+00 1.11827E-02
 5.20000E+00 1.83272E-02
 5.40000E+00 2.88214E-02
 5.60000E+00 4.36118E-02
 5.80000E+00 6.42746E-02
 6.00000E+00 9.20981E-02
 6.20000E+00 1.29169E-01
 6.40000E+00 1.78021E-01
 6.60000E+00 2.41690E-01
 6.80000E+00 3.22926E-01
 7.00000E+00 4.26638E-01
 7.20000E+00 5.58572E-01
 7.40000E+00 7.17574E-01
 7.60000E+00 9.19723E-01
 7.80000E+00 1.16214E+00
 8.00000E+00 1.45682E+00
 8.50000E+00 2.47463E+00
 9.00000E+00 3.98690E+00
 9.50000E+00 6.07994E+00
 1.00000E+01 8.79091E+00
 1.05000E+01 1.21082E+01
 1.10000E+01 1.59962E+01
 1.15000E+01 2.03943E+01
 1.20000E+01 2.52433E+01
 1.25000E+01 3.04484E+01
 1.30000E+01 3.58821E+01
 1.35000E+01 4.14781E+01
 1.40000E+01 4.70385E+01
 1.45000E+01 5.24776E+01
 1.50000E+01 5.78307E+01
 1.60000E+01 6.77716E+01
 1.70000E+01 7.65656E+01
 1.80000E+01 8.41312E+01
 1.90000E+01 9.01285E+01
 2.00000E+01 9.45726E+01
 2.10000E+01 9.69058E+01
 2.20000E+01 9.82921E+01
 2.30000E+01 9.86279E+01
 2.40000E+01 9.81405E+01
 2.50000E+01 9.77321E+01
 2.60000E+01 9.71112E+01
 2.70000E+01 9.60371E+01
 2.80000E+01 9.54648E+01
 2.90000E+01 9.52431E+01
 3.00000E+01 9.30262E+01
 3.20000E+01 9.24479E+01
 3.40000E+01 8.84019E+01
 3.60000E+01 8.54152E+01
 3.80000E+01 8.00349E+01
 4.00000E+01 7.93632E+01
 4.20000E+01 7.36469E+01
 4.40000E+01 6.70677E+01
 4.60000E+01 6.67168E+01
 4.80000E+01 6.45066E+01
 5.00000E+01 6.23932E+01
 5.20000E+01 6.17010E+01
 5.40000E+01 6.03866E+01
 5.60000E+01 5.93493E+01
 5.80000E+01 5.36602E+01
 6.00000E+01 5.18625E+01
