# p + 120Sn: Production of 119Sn - Level  2     0.08953 MeV
# Q-value    =-6.96904E+00 mass= 118.903311
# E-threshold= 7.02758E+00
# # energies =   103
#     E          xs      Branching
 1.00000E-11 0.00000E+00 0.00000E+00
 2.53000E-08 0.00000E+00 0.00000E+00
 2.00000E-07 0.00000E+00 0.00000E+00
 1.00000E-06 0.00000E+00 0.00000E+00
 1.00000E-05 0.00000E+00 0.00000E+00
 1.00000E-04 0.00000E+00 0.00000E+00
 1.00000E-03 0.00000E+00 0.00000E+00
 2.00000E-03 0.00000E+00 0.00000E+00
 4.00000E-03 0.00000E+00 0.00000E+00
 7.00000E-03 0.00000E+00 0.00000E+00
 1.00000E-02 0.00000E+00 0.00000E+00
 2.00000E-02 0.00000E+00 0.00000E+00
 4.00000E-02 0.00000E+00 0.00000E+00
 7.00000E-02 0.00000E+00 0.00000E+00
 1.00000E-01 0.00000E+00 0.00000E+00
 2.00000E-01 0.00000E+00 0.00000E+00
 3.00000E-01 0.00000E+00 0.00000E+00
 4.00000E-01 0.00000E+00 0.00000E+00
 5.00000E-01 0.00000E+00 0.00000E+00
 6.00000E-01 0.00000E+00 0.00000E+00
 7.00000E-01 0.00000E+00 0.00000E+00
 8.00000E-01 0.00000E+00 0.00000E+00
 9.00000E-01 0.00000E+00 0.00000E+00
 1.00000E+00 0.00000E+00 0.00000E+00
 1.20000E+00 0.00000E+00 0.00000E+00
 1.40000E+00 0.00000E+00 0.00000E+00
 1.60000E+00 0.00000E+00 0.00000E+00
 1.80000E+00 0.00000E+00 0.00000E+00
 2.00000E+00 0.00000E+00 0.00000E+00
 2.20000E+00 0.00000E+00 0.00000E+00
 2.40000E+00 0.00000E+00 0.00000E+00
 2.60000E+00 0.00000E+00 0.00000E+00
 2.80000E+00 0.00000E+00 0.00000E+00
 3.00000E+00 0.00000E+00 0.00000E+00
 3.20000E+00 0.00000E+00 0.00000E+00
 3.40000E+00 0.00000E+00 0.00000E+00
 3.60000E+00 0.00000E+00 0.00000E+00
 3.80000E+00 0.00000E+00 0.00000E+00
 4.00000E+00 0.00000E+00 0.00000E+00
 4.20000E+00 0.00000E+00 0.00000E+00
 4.40000E+00 0.00000E+00 0.00000E+00
 4.60000E+00 0.00000E+00 0.00000E+00
 4.80000E+00 0.00000E+00 0.00000E+00
 5.00000E+00 0.00000E+00 0.00000E+00
 5.20000E+00 0.00000E+00 0.00000E+00
 5.40000E+00 0.00000E+00 0.00000E+00
 5.60000E+00 0.00000E+00 0.00000E+00
 5.80000E+00 0.00000E+00 0.00000E+00
 6.00000E+00 0.00000E+00 0.00000E+00
 6.20000E+00 0.00000E+00 0.00000E+00
 6.40000E+00 0.00000E+00 0.00000E+00
 6.60000E+00 0.00000E+00 0.00000E+00
 6.80000E+00 0.00000E+00 0.00000E+00
 7.00000E+00 0.00000E+00 0.00000E+00
 7.20000E+00 0.00000E+00 0.00000E+00
 7.40000E+00 0.00000E+00 0.00000E+00
 7.60000E+00 0.00000E+00 0.00000E+00
 7.80000E+00 0.00000E+00 0.00000E+00
 8.00000E+00 0.00000E+00 0.00000E+00
 8.50000E+00 0.00000E+00 0.00000E+00
 9.00000E+00 0.00000E+00 0.00000E+00
 9.50000E+00 0.00000E+00 0.00000E+00
 1.00000E+01 0.00000E+00 0.00000E+00
 1.05000E+01 0.00000E+00 0.00000E+00
 1.10000E+01 0.00000E+00 0.00000E+00
 1.15000E+01 1.14522E-03 5.66074E-01
 1.20000E+01 3.74915E-03 5.00340E-01
 1.25000E+01 1.20882E-02 4.83997E-01
 1.30000E+01 3.23972E-02 4.47229E-01
 1.35000E+01 8.23943E-02 4.34203E-01
 1.40000E+01 2.02323E-01 4.52323E-01
 1.45000E+01 4.30418E-01 4.62828E-01
 1.50000E+01 8.07057E-01 4.66511E-01
 1.60000E+01 2.48113E+00 5.11322E-01
 1.70000E+01 5.29187E+00 5.10116E-01
 1.80000E+01 1.00650E+01 5.31393E-01
 1.90000E+01 1.61293E+01 5.38271E-01
 2.00000E+01 2.34592E+01 5.37586E-01
 2.10000E+01 3.16767E+01 5.33418E-01
 2.20000E+01 4.20493E+01 5.44090E-01
 2.30000E+01 5.31448E+01 5.45256E-01
 2.40000E+01 6.26237E+01 5.41204E-01
 2.50000E+01 7.40704E+01 5.47500E-01
 2.60000E+01 8.21261E+01 5.36998E-01
 2.70000E+01 8.97690E+01 5.29180E-01
 2.80000E+01 9.56838E+01 5.24103E-01
 2.90000E+01 1.02457E+02 5.26394E-01
 3.00000E+01 1.07491E+02 5.25115E-01
 3.20000E+01 1.14457E+02 5.19399E-01
 3.40000E+01 1.17307E+02 5.17110E-01
 3.60000E+01 1.22287E+02 5.18556E-01
 3.80000E+01 1.20423E+02 5.14801E-01
 4.00000E+01 1.19384E+02 5.14587E-01
 4.20000E+01 1.21536E+02 5.17435E-01
 4.40000E+01 1.15513E+02 5.12967E-01
 4.60000E+01 1.18553E+02 5.14952E-01
 4.80000E+01 1.11480E+02 5.13902E-01
 5.00000E+01 1.10159E+02 5.19874E-01
 5.20000E+01 1.10815E+02 5.20623E-01
 5.40000E+01 1.03373E+02 5.11372E-01
 5.60000E+01 1.05599E+02 5.18634E-01
 5.80000E+01 1.05604E+02 5.25233E-01
 6.00000E+01 9.93965E+01 5.21036E-01
