# p + 122Sn: Production of 122Sn - Total
# Q-value    =-1.14051E+00 mass= 121.903445
# E-threshold= 1.14993E+00
# # energies =   103
#     E          xs
 1.00000E-11 0.00000E+00
 2.53000E-08 0.00000E+00
 2.00000E-07 0.00000E+00
 1.00000E-06 0.00000E+00
 1.00000E-05 0.00000E+00
 1.00000E-04 0.00000E+00
 1.00000E-03 0.00000E+00
 2.00000E-03 0.00000E+00
 4.00000E-03 0.00000E+00
 7.00000E-03 0.00000E+00
 1.00000E-02 0.00000E+00
 2.00000E-02 0.00000E+00
 4.00000E-02 0.00000E+00
 7.00000E-02 0.00000E+00
 1.00000E-01 0.00000E+00
 2.00000E-01 0.00000E+00
 3.00000E-01 0.00000E+00
 4.00000E-01 0.00000E+00
 5.00000E-01 0.00000E+00
 6.00000E-01 0.00000E+00
 7.00000E-01 0.00000E+00
 8.00000E-01 0.00000E+00
 9.00000E-01 0.00000E+00
 1.00000E+00 0.00000E+00
 1.20000E+00 0.00000E+00
 1.40000E+00 0.00000E+00
 1.60000E+00 0.00000E+00
 1.80000E+00 0.00000E+00
 2.00000E+00 0.00000E+00
 2.20000E+00 0.00000E+00
 2.40000E+00 0.00000E+00
 2.60000E+00 0.00000E+00
 2.80000E+00 0.00000E+00
 3.00000E+00 0.00000E+00
 3.20000E+00 0.00000E+00
 3.40000E+00 0.00000E+00
 3.60000E+00 0.00000E+00
 3.80000E+00 0.00000E+00
 4.00000E+00 0.00000E+00
 4.20000E+00 0.00000E+00
 4.40000E+00 0.00000E+00
 4.60000E+00 0.00000E+00
 4.80000E+00 0.00000E+00
 5.00000E+00 1.14999E-03
 5.20000E+00 2.45400E-03
 5.40000E+00 4.94070E-03
 5.60000E+00 9.29064E-03
 5.80000E+00 1.66130E-02
 6.00000E+00 2.83274E-02
 6.20000E+00 4.61386E-02
 6.40000E+00 7.24590E-02
 6.60000E+00 1.09788E-01
 6.80000E+00 1.61451E-01
 7.00000E+00 2.31353E-01
 7.20000E+00 3.23841E-01
 7.40000E+00 4.45403E-01
 7.60000E+00 6.01291E-01
 7.80000E+00 8.02765E-01
 8.00000E+00 1.05317E+00
 8.50000E+00 1.97198E+00
 9.00000E+00 3.41046E+00
 9.50000E+00 5.46012E+00
 1.00000E+01 8.14545E+00
 1.05000E+01 1.14341E+01
 1.10000E+01 1.52585E+01
 1.15000E+01 1.95404E+01
 1.20000E+01 2.41963E+01
 1.25000E+01 2.91377E+01
 1.30000E+01 3.42709E+01
 1.35000E+01 3.95273E+01
 1.40000E+01 4.47990E+01
 1.45000E+01 5.00405E+01
 1.50000E+01 5.51860E+01
 1.60000E+01 6.53065E+01
 1.70000E+01 7.42955E+01
 1.80000E+01 8.23247E+01
 1.90000E+01 8.88240E+01
 2.00000E+01 9.35061E+01
 2.10000E+01 9.76592E+01
 2.20000E+01 9.99031E+01
 2.30000E+01 1.00211E+02
 2.40000E+01 1.01359E+02
 2.50000E+01 1.00254E+02
 2.60000E+01 1.01846E+02
 2.70000E+01 9.96976E+01
 2.80000E+01 1.00535E+02
 2.90000E+01 1.00087E+02
 3.00000E+01 9.79025E+01
 3.20000E+01 9.80503E+01
 3.40000E+01 9.27962E+01
 3.60000E+01 9.24495E+01
 3.80000E+01 8.70674E+01
 4.00000E+01 8.65256E+01
 4.20000E+01 8.41470E+01
 4.40000E+01 7.86880E+01
 4.60000E+01 7.91759E+01
 4.80000E+01 8.01746E+01
 5.00000E+01 7.72674E+01
 5.20000E+01 7.43905E+01
 5.40000E+01 7.27711E+01
 5.60000E+01 7.15560E+01
 5.80000E+01 6.92435E+01
 6.00000E+01 6.76724E+01
