# p + 119Sn: Production of 118Sb - Level  7     0.25000 MeV
# Q-value    =-1.11725E+01 mass= 117.905532
# E-threshold= 1.12671E+01
# # energies =   103
#     E          xs      Branching
 1.00000E-11 0.00000E+00 0.00000E+00
 2.53000E-08 0.00000E+00 0.00000E+00
 2.00000E-07 0.00000E+00 0.00000E+00
 1.00000E-06 0.00000E+00 0.00000E+00
 1.00000E-05 0.00000E+00 0.00000E+00
 1.00000E-04 0.00000E+00 0.00000E+00
 1.00000E-03 0.00000E+00 0.00000E+00
 2.00000E-03 0.00000E+00 0.00000E+00
 4.00000E-03 0.00000E+00 0.00000E+00
 7.00000E-03 0.00000E+00 0.00000E+00
 1.00000E-02 0.00000E+00 0.00000E+00
 2.00000E-02 0.00000E+00 0.00000E+00
 4.00000E-02 0.00000E+00 0.00000E+00
 7.00000E-02 0.00000E+00 0.00000E+00
 1.00000E-01 0.00000E+00 0.00000E+00
 2.00000E-01 0.00000E+00 0.00000E+00
 3.00000E-01 0.00000E+00 0.00000E+00
 4.00000E-01 0.00000E+00 0.00000E+00
 5.00000E-01 0.00000E+00 0.00000E+00
 6.00000E-01 0.00000E+00 0.00000E+00
 7.00000E-01 0.00000E+00 0.00000E+00
 8.00000E-01 0.00000E+00 0.00000E+00
 9.00000E-01 0.00000E+00 0.00000E+00
 1.00000E+00 0.00000E+00 0.00000E+00
 1.20000E+00 0.00000E+00 0.00000E+00
 1.40000E+00 0.00000E+00 0.00000E+00
 1.60000E+00 0.00000E+00 0.00000E+00
 1.80000E+00 0.00000E+00 0.00000E+00
 2.00000E+00 0.00000E+00 0.00000E+00
 2.20000E+00 0.00000E+00 0.00000E+00
 2.40000E+00 0.00000E+00 0.00000E+00
 2.60000E+00 0.00000E+00 0.00000E+00
 2.80000E+00 0.00000E+00 0.00000E+00
 3.00000E+00 0.00000E+00 0.00000E+00
 3.20000E+00 0.00000E+00 0.00000E+00
 3.40000E+00 0.00000E+00 0.00000E+00
 3.60000E+00 0.00000E+00 0.00000E+00
 3.80000E+00 0.00000E+00 0.00000E+00
 4.00000E+00 0.00000E+00 0.00000E+00
 4.20000E+00 0.00000E+00 0.00000E+00
 4.40000E+00 0.00000E+00 0.00000E+00
 4.60000E+00 0.00000E+00 0.00000E+00
 4.80000E+00 0.00000E+00 0.00000E+00
 5.00000E+00 0.00000E+00 0.00000E+00
 5.20000E+00 0.00000E+00 0.00000E+00
 5.40000E+00 0.00000E+00 0.00000E+00
 5.60000E+00 0.00000E+00 0.00000E+00
 5.80000E+00 0.00000E+00 0.00000E+00
 6.00000E+00 0.00000E+00 0.00000E+00
 6.20000E+00 0.00000E+00 0.00000E+00
 6.40000E+00 0.00000E+00 0.00000E+00
 6.60000E+00 0.00000E+00 0.00000E+00
 6.80000E+00 0.00000E+00 0.00000E+00
 7.00000E+00 0.00000E+00 0.00000E+00
 7.20000E+00 0.00000E+00 0.00000E+00
 7.40000E+00 0.00000E+00 0.00000E+00
 7.60000E+00 0.00000E+00 0.00000E+00
 7.80000E+00 0.00000E+00 0.00000E+00
 8.00000E+00 0.00000E+00 0.00000E+00
 8.50000E+00 0.00000E+00 0.00000E+00
 9.00000E+00 0.00000E+00 0.00000E+00
 9.50000E+00 0.00000E+00 0.00000E+00
 1.00000E+01 0.00000E+00 0.00000E+00
 1.05000E+01 0.00000E+00 0.00000E+00
 1.10000E+01 0.00000E+00 0.00000E+00
 1.15000E+01 1.37709E-01 2.12119E-03
 1.20000E+01 1.92588E+00 9.44308E-03
 1.25000E+01 6.40838E+00 1.78787E-02
 1.30000E+01 1.33487E+01 2.65901E-02
 1.35000E+01 2.24553E+01 3.64363E-02
 1.40000E+01 3.22551E+01 4.53423E-02
 1.45000E+01 4.25198E+01 5.42179E-02
 1.50000E+01 5.33715E+01 6.34595E-02
 1.60000E+01 7.63340E+01 8.26593E-02
 1.70000E+01 1.00241E+02 1.02459E-01
 1.80000E+01 1.24702E+02 1.22889E-01
 1.90000E+01 1.48380E+02 1.43488E-01
 2.00000E+01 1.70554E+02 1.69605E-01
 2.10000E+01 1.88145E+02 2.06286E-01
 2.20000E+01 1.95284E+02 2.49543E-01
 2.30000E+01 1.90588E+02 2.98460E-01
 2.40000E+01 1.76678E+02 3.47046E-01
 2.50000E+01 1.58985E+02 3.92561E-01
 2.60000E+01 1.40861E+02 4.35722E-01
 2.70000E+01 1.24404E+02 4.70477E-01
 2.80000E+01 1.10451E+02 4.95627E-01
 2.90000E+01 9.95565E+01 5.13919E-01
 3.00000E+01 9.08334E+01 5.25192E-01
 3.20000E+01 7.80704E+01 5.32410E-01
 3.40000E+01 6.88294E+01 5.34545E-01
 3.60000E+01 6.24201E+01 5.36286E-01
 3.80000E+01 5.72035E+01 5.32198E-01
 4.00000E+01 3.96360E+01 4.00735E-01
 4.20000E+01 3.69870E+01 4.00605E-01
 4.40000E+01 3.35918E+01 4.00678E-01
 4.60000E+01 3.10843E+01 3.96145E-01
 4.80000E+01 2.69419E+01 3.66208E-01
 5.00000E+01 2.47882E+01 3.64115E-01
 5.20000E+01 2.20956E+01 3.45109E-01
 5.40000E+01 2.12806E+01 3.49725E-01
 5.60000E+01 1.95317E+01 3.48985E-01
 5.80000E+01 1.82127E+01 3.49143E-01
 6.00000E+01 1.69076E+01 3.43719E-01
