# p + 120Sn: Production of 119Sb - Total
# Q-value    =-1.04759E+01 mass= 118.903944
# E-threshold= 1.05639E+01
# # energies =   103
#     E          xs
 1.00000E-11 0.00000E+00
 2.53000E-08 0.00000E+00
 2.00000E-07 0.00000E+00
 1.00000E-06 0.00000E+00
 1.00000E-05 0.00000E+00
 1.00000E-04 0.00000E+00
 1.00000E-03 0.00000E+00
 2.00000E-03 0.00000E+00
 4.00000E-03 0.00000E+00
 7.00000E-03 0.00000E+00
 1.00000E-02 0.00000E+00
 2.00000E-02 0.00000E+00
 4.00000E-02 0.00000E+00
 7.00000E-02 0.00000E+00
 1.00000E-01 0.00000E+00
 2.00000E-01 0.00000E+00
 3.00000E-01 0.00000E+00
 4.00000E-01 0.00000E+00
 5.00000E-01 0.00000E+00
 6.00000E-01 0.00000E+00
 7.00000E-01 0.00000E+00
 8.00000E-01 0.00000E+00
 9.00000E-01 0.00000E+00
 1.00000E+00 0.00000E+00
 1.20000E+00 0.00000E+00
 1.40000E+00 0.00000E+00
 1.60000E+00 0.00000E+00
 1.80000E+00 0.00000E+00
 2.00000E+00 0.00000E+00
 2.20000E+00 0.00000E+00
 2.40000E+00 0.00000E+00
 2.60000E+00 0.00000E+00
 2.80000E+00 0.00000E+00
 3.00000E+00 0.00000E+00
 3.20000E+00 0.00000E+00
 3.40000E+00 0.00000E+00
 3.60000E+00 0.00000E+00
 3.80000E+00 0.00000E+00
 4.00000E+00 0.00000E+00
 4.20000E+00 0.00000E+00
 4.40000E+00 0.00000E+00
 4.60000E+00 0.00000E+00
 4.80000E+00 0.00000E+00
 5.00000E+00 0.00000E+00
 5.20000E+00 0.00000E+00
 5.40000E+00 0.00000E+00
 5.60000E+00 0.00000E+00
 5.80000E+00 0.00000E+00
 6.00000E+00 0.00000E+00
 6.20000E+00 0.00000E+00
 6.40000E+00 0.00000E+00
 6.60000E+00 0.00000E+00
 6.80000E+00 0.00000E+00
 7.00000E+00 0.00000E+00
 7.20000E+00 0.00000E+00
 7.40000E+00 0.00000E+00
 7.60000E+00 0.00000E+00
 7.80000E+00 0.00000E+00
 8.00000E+00 0.00000E+00
 8.50000E+00 0.00000E+00
 9.00000E+00 0.00000E+00
 9.50000E+00 0.00000E+00
 1.00000E+01 0.00000E+00
 1.05000E+01 0.00000E+00
 1.10000E+01 7.20493E+01
 1.15000E+01 2.14867E+02
 1.20000E+01 3.66028E+02
 1.25000E+01 5.10016E+02
 1.30000E+01 6.33170E+02
 1.35000E+01 7.26396E+02
 1.40000E+01 8.09586E+02
 1.45000E+01 8.72533E+02
 1.50000E+01 9.23340E+02
 1.60000E+01 1.00041E+03
 1.70000E+01 1.05510E+03
 1.80000E+01 1.09343E+03
 1.90000E+01 1.12064E+03
 2.00000E+01 1.13647E+03
 2.10000E+01 1.13445E+03
 2.20000E+01 1.05012E+03
 2.30000E+01 8.89605E+02
 2.40000E+01 7.03873E+02
 2.50000E+01 5.39894E+02
 2.60000E+01 4.13449E+02
 2.70000E+01 3.21643E+02
 2.80000E+01 2.59155E+02
 2.90000E+01 2.16720E+02
 3.00000E+01 1.88408E+02
 3.20000E+01 1.55692E+02
 3.40000E+01 1.35744E+02
 3.60000E+01 1.23841E+02
 3.80000E+01 1.13672E+02
 4.00000E+01 1.05257E+02
 4.20000E+01 9.70436E+01
 4.40000E+01 8.88917E+01
 4.60000E+01 8.43671E+01
 4.80000E+01 7.66798E+01
 5.00000E+01 7.21593E+01
 5.20000E+01 6.71956E+01
 5.40000E+01 6.46304E+01
 5.60000E+01 5.82039E+01
 5.80000E+01 5.41892E+01
 6.00000E+01 5.33720E+01
