# p + 117Sn: Production of 116Sn - Total
# Q-value    =-4.71851E+00 mass= 115.901743
# E-threshold= 4.75917E+00
# # energies =   103
#     E          xs
 1.00000E-11 0.00000E+00
 2.53000E-08 0.00000E+00
 2.00000E-07 0.00000E+00
 1.00000E-06 0.00000E+00
 1.00000E-05 0.00000E+00
 1.00000E-04 0.00000E+00
 1.00000E-03 0.00000E+00
 2.00000E-03 0.00000E+00
 4.00000E-03 0.00000E+00
 7.00000E-03 0.00000E+00
 1.00000E-02 0.00000E+00
 2.00000E-02 0.00000E+00
 4.00000E-02 0.00000E+00
 7.00000E-02 0.00000E+00
 1.00000E-01 0.00000E+00
 2.00000E-01 0.00000E+00
 3.00000E-01 0.00000E+00
 4.00000E-01 0.00000E+00
 5.00000E-01 0.00000E+00
 6.00000E-01 0.00000E+00
 7.00000E-01 0.00000E+00
 8.00000E-01 0.00000E+00
 9.00000E-01 0.00000E+00
 1.00000E+00 0.00000E+00
 1.20000E+00 0.00000E+00
 1.40000E+00 0.00000E+00
 1.60000E+00 0.00000E+00
 1.80000E+00 0.00000E+00
 2.00000E+00 0.00000E+00
 2.20000E+00 0.00000E+00
 2.40000E+00 0.00000E+00
 2.60000E+00 0.00000E+00
 2.80000E+00 0.00000E+00
 3.00000E+00 0.00000E+00
 3.20000E+00 0.00000E+00
 3.40000E+00 0.00000E+00
 3.60000E+00 0.00000E+00
 3.80000E+00 0.00000E+00
 4.00000E+00 0.00000E+00
 4.20000E+00 0.00000E+00
 4.40000E+00 0.00000E+00
 4.60000E+00 0.00000E+00
 4.80000E+00 0.00000E+00
 5.00000E+00 0.00000E+00
 5.20000E+00 0.00000E+00
 5.40000E+00 0.00000E+00
 5.60000E+00 0.00000E+00
 5.80000E+00 0.00000E+00
 6.00000E+00 0.00000E+00
 6.20000E+00 0.00000E+00
 6.40000E+00 0.00000E+00
 6.60000E+00 0.00000E+00
 6.80000E+00 0.00000E+00
 7.00000E+00 0.00000E+00
 7.20000E+00 0.00000E+00
 7.40000E+00 0.00000E+00
 7.60000E+00 0.00000E+00
 7.80000E+00 0.00000E+00
 8.00000E+00 0.00000E+00
 8.50000E+00 0.00000E+00
 9.00000E+00 0.00000E+00
 9.50000E+00 4.01152E-02
 1.00000E+01 4.23852E-01
 1.05000E+01 2.18646E+00
 1.10000E+01 6.91411E+00
 1.15000E+01 1.55457E+01
 1.20000E+01 2.75820E+01
 1.25000E+01 4.16028E+01
 1.30000E+01 5.00154E+01
 1.35000E+01 4.86749E+01
 1.40000E+01 4.38415E+01
 1.45000E+01 3.95798E+01
 1.50000E+01 3.65489E+01
 1.60000E+01 3.73796E+01
 1.70000E+01 4.45537E+01
 1.80000E+01 5.59801E+01
 1.90000E+01 7.06044E+01
 2.00000E+01 8.78023E+01
 2.10000E+01 1.08556E+02
 2.20000E+01 1.30048E+02
 2.30000E+01 1.51688E+02
 2.40000E+01 1.70686E+02
 2.50000E+01 1.88465E+02
 2.60000E+01 2.01489E+02
 2.70000E+01 2.13974E+02
 2.80000E+01 2.22196E+02
 2.90000E+01 2.31376E+02
 3.00000E+01 2.40082E+02
 3.20000E+01 2.53371E+02
 3.40000E+01 2.59517E+02
 3.60000E+01 2.66083E+02
 3.80000E+01 2.63097E+02
 4.00000E+01 2.63310E+02
 4.20000E+01 2.61443E+02
 4.40000E+01 2.56349E+02
 4.60000E+01 2.55229E+02
 4.80000E+01 2.48789E+02
 5.00000E+01 2.42131E+02
 5.20000E+01 2.39431E+02
 5.40000E+01 2.33297E+02
 5.60000E+01 2.29459E+02
 5.80000E+01 2.22864E+02
 6.00000E+01 2.18384E+02
