# p + 117Sn: Production of 117Sn - Ground state
# Q-value    = 0.00000E+00 mass= 116.902954
# E-threshold= 0.00000E+00
# # energies =   103
#     E          xs      Branching
 1.00000E-11 0.00000E+00 0.00000E+00
 2.53000E-08 0.00000E+00 0.00000E+00
 2.00000E-07 0.00000E+00 0.00000E+00
 1.00000E-06 0.00000E+00 0.00000E+00
 1.00000E-05 0.00000E+00 0.00000E+00
 1.00000E-04 0.00000E+00 0.00000E+00
 1.00000E-03 0.00000E+00 0.00000E+00
 2.00000E-03 0.00000E+00 0.00000E+00
 4.00000E-03 0.00000E+00 0.00000E+00
 7.00000E-03 0.00000E+00 0.00000E+00
 1.00000E-02 0.00000E+00 0.00000E+00
 2.00000E-02 0.00000E+00 0.00000E+00
 4.00000E-02 0.00000E+00 0.00000E+00
 7.00000E-02 0.00000E+00 0.00000E+00
 1.00000E-01 0.00000E+00 0.00000E+00
 2.00000E-01 0.00000E+00 0.00000E+00
 3.00000E-01 0.00000E+00 0.00000E+00
 4.00000E-01 0.00000E+00 0.00000E+00
 5.00000E-01 0.00000E+00 0.00000E+00
 6.00000E-01 0.00000E+00 0.00000E+00
 7.00000E-01 0.00000E+00 0.00000E+00
 8.00000E-01 0.00000E+00 0.00000E+00
 9.00000E-01 0.00000E+00 0.00000E+00
 1.00000E+00 0.00000E+00 0.00000E+00
 1.20000E+00 0.00000E+00 0.00000E+00
 1.40000E+00 0.00000E+00 0.00000E+00
 1.60000E+00 0.00000E+00 0.00000E+00
 1.80000E+00 0.00000E+00 0.00000E+00
 2.00000E+00 0.00000E+00 0.00000E+00
 2.20000E+00 0.00000E+00 0.00000E+00
 2.40000E+00 0.00000E+00 0.00000E+00
 2.60000E+00 0.00000E+00 0.00000E+00
 2.80000E+00 0.00000E+00 0.00000E+00
 3.00000E+00 0.00000E+00 0.00000E+00
 3.20000E+00 0.00000E+00 0.00000E+00
 3.40000E+00 0.00000E+00 0.00000E+00
 3.60000E+00 0.00000E+00 0.00000E+00
 3.80000E+00 1.40040E-03 9.67103E-01
 4.00000E+00 3.43481E-03 9.66350E-01
 4.20000E+00 6.79470E-03 9.64910E-01
 4.40000E+00 1.30948E-02 9.62509E-01
 4.60000E+00 2.33562E-02 9.58053E-01
 4.80000E+00 3.99040E-02 9.53179E-01
 5.00000E+00 6.58430E-02 9.47778E-01
 5.20000E+00 1.02335E-01 9.42686E-01
 5.40000E+00 1.55177E-01 9.36601E-01
 5.60000E+00 2.24451E-01 9.30204E-01
 5.80000E+00 3.14162E-01 9.23953E-01
 6.00000E+00 4.21438E-01 9.16416E-01
 6.20000E+00 5.49400E-01 9.10042E-01
 6.40000E+00 6.96115E-01 9.02753E-01
 6.60000E+00 8.56232E-01 8.95572E-01
 6.80000E+00 1.03608E+00 8.88500E-01
 7.00000E+00 1.23030E+00 8.81298E-01
 7.20000E+00 1.44161E+00 8.73994E-01
 7.40000E+00 1.67402E+00 8.66157E-01
 7.60000E+00 1.92682E+00 8.58468E-01
 7.80000E+00 2.20854E+00 8.49352E-01
 8.00000E+00 2.51640E+00 8.40209E-01
 8.50000E+00 3.45655E+00 8.12777E-01
 9.00000E+00 4.69173E+00 7.82106E-01
 9.50000E+00 6.27269E+00 7.51786E-01
 1.00000E+01 8.21750E+00 7.23637E-01
 1.05000E+01 1.05000E+01 6.98057E-01
 1.10000E+01 1.30649E+01 6.74026E-01
 1.15000E+01 1.58041E+01 6.50730E-01
 1.20000E+01 1.86089E+01 6.27547E-01
 1.25000E+01 2.14157E+01 6.04640E-01
 1.30000E+01 2.41359E+01 5.82446E-01
 1.35000E+01 2.66495E+01 5.60670E-01
 1.40000E+01 2.89737E+01 5.40651E-01
 1.45000E+01 3.11154E+01 5.22221E-01
 1.50000E+01 3.30705E+01 5.05856E-01
 1.60000E+01 3.63183E+01 4.76405E-01
 1.70000E+01 3.88516E+01 4.52431E-01
 1.80000E+01 4.08034E+01 4.32704E-01
 1.90000E+01 4.21660E+01 4.16331E-01
 2.00000E+01 4.31864E+01 4.04882E-01
 2.10000E+01 4.35351E+01 3.95102E-01
 2.20000E+01 4.35728E+01 3.87574E-01
 2.30000E+01 4.29588E+01 3.80373E-01
 2.40000E+01 4.26318E+01 3.76513E-01
 2.50000E+01 4.19111E+01 3.75085E-01
 2.60000E+01 4.17068E+01 3.73424E-01
 2.70000E+01 4.12383E+01 3.74311E-01
 2.80000E+01 4.10103E+01 3.73098E-01
 2.90000E+01 4.06563E+01 3.74995E-01
 3.00000E+01 4.05294E+01 3.77014E-01
 3.20000E+01 3.88879E+01 3.76849E-01
 3.40000E+01 3.77557E+01 3.76863E-01
 3.60000E+01 3.58599E+01 3.83788E-01
 3.80000E+01 3.50391E+01 3.83789E-01
 4.00000E+01 3.38354E+01 3.93179E-01
 4.20000E+01 3.27790E+01 3.91452E-01
 4.40000E+01 2.95353E+01 3.87679E-01
 4.60000E+01 2.86578E+01 3.93547E-01
 4.80000E+01 3.24859E+01 4.46081E-01
 5.00000E+01 3.24508E+01 4.42859E-01
 5.20000E+01 3.10706E+01 4.57418E-01
 5.40000E+01 3.00357E+01 4.60459E-01
 5.60000E+01 2.92956E+01 4.58034E-01
 5.80000E+01 2.55719E+01 4.04634E-01
 6.00000E+01 2.50585E+01 4.06398E-01
