# p + 118Sn Total cross sections
# 
# 
# # energies =   103
#     E      Non-elastic    Elastic     Total     Comp. el.   Shape el.   Reaction   Comp. nonel   Direct    Pre-equil.  Dir. Capt.
 1.00000E-11 0.00000E+00 0.00000E+00 0.00000E+00 0.00000E+00 0.00000E+00 0.00000E+00 0.00000E+00 0.00000E+00 0.00000E+00 0.00000E+00
 2.53000E-08 0.00000E+00 0.00000E+00 0.00000E+00 0.00000E+00 0.00000E+00 0.00000E+00 0.00000E+00 0.00000E+00 0.00000E+00 0.00000E+00
 2.00000E-07 0.00000E+00 0.00000E+00 0.00000E+00 0.00000E+00 0.00000E+00 0.00000E+00 0.00000E+00 0.00000E+00 0.00000E+00 0.00000E+00
 1.00000E-06 0.00000E+00 0.00000E+00 0.00000E+00 0.00000E+00 0.00000E+00 0.00000E+00 0.00000E+00 0.00000E+00 0.00000E+00 0.00000E+00
 1.00000E-05 0.00000E+00 0.00000E+00 0.00000E+00 0.00000E+00 0.00000E+00 0.00000E+00 0.00000E+00 0.00000E+00 0.00000E+00 0.00000E+00
 1.00000E-04 0.00000E+00 0.00000E+00 0.00000E+00 0.00000E+00 0.00000E+00 0.00000E+00 0.00000E+00 0.00000E+00 0.00000E+00 0.00000E+00
 1.00000E-03 0.00000E+00 0.00000E+00 0.00000E+00 0.00000E+00 0.00000E+00 0.00000E+00 0.00000E+00 0.00000E+00 0.00000E+00 0.00000E+00
 2.00000E-03 0.00000E+00 0.00000E+00 0.00000E+00 0.00000E+00 0.00000E+00 0.00000E+00 0.00000E+00 0.00000E+00 0.00000E+00 0.00000E+00
 4.00000E-03 0.00000E+00 0.00000E+00 0.00000E+00 0.00000E+00 0.00000E+00 0.00000E+00 0.00000E+00 0.00000E+00 0.00000E+00 0.00000E+00
 7.00000E-03 0.00000E+00 0.00000E+00 0.00000E+00 0.00000E+00 0.00000E+00 0.00000E+00 0.00000E+00 0.00000E+00 0.00000E+00 0.00000E+00
 1.00000E-02 0.00000E+00 0.00000E+00 0.00000E+00 0.00000E+00 0.00000E+00 0.00000E+00 0.00000E+00 0.00000E+00 0.00000E+00 0.00000E+00
 2.00000E-02 0.00000E+00 0.00000E+00 0.00000E+00 0.00000E+00 0.00000E+00 0.00000E+00 0.00000E+00 0.00000E+00 0.00000E+00 0.00000E+00
 4.00000E-02 0.00000E+00 0.00000E+00 0.00000E+00 0.00000E+00 0.00000E+00 0.00000E+00 0.00000E+00 0.00000E+00 0.00000E+00 0.00000E+00
 7.00000E-02 0.00000E+00 0.00000E+00 0.00000E+00 0.00000E+00 0.00000E+00 0.00000E+00 0.00000E+00 0.00000E+00 0.00000E+00 0.00000E+00
 1.00000E-01 0.00000E+00 0.00000E+00 0.00000E+00 0.00000E+00 0.00000E+00 0.00000E+00 0.00000E+00 0.00000E+00 0.00000E+00 0.00000E+00
 2.00000E-01 0.00000E+00 0.00000E+00 0.00000E+00 0.00000E+00 0.00000E+00 1.24033E-36 0.00000E+00 0.00000E+00 0.00000E+00 0.00000E+00
 3.00000E-01 0.00000E+00 0.00000E+00 0.00000E+00 0.00000E+00 0.00000E+00 5.67599E-28 0.00000E+00 0.00000E+00 0.00000E+00 0.00000E+00
 4.00000E-01 0.00000E+00 0.00000E+00 0.00000E+00 0.00000E+00 0.00000E+00 1.77284E-22 0.00000E+00 0.00000E+00 0.00000E+00 0.00000E+00
 5.00000E-01 0.00000E+00 0.00000E+00 0.00000E+00 0.00000E+00 0.00000E+00 5.56874E-19 0.00000E+00 0.00000E+00 0.00000E+00 0.00000E+00
 6.00000E-01 0.00000E+00 0.00000E+00 0.00000E+00 0.00000E+00 0.00000E+00 2.08081E-16 0.00000E+00 0.00000E+00 0.00000E+00 0.00000E+00
 7.00000E-01 0.00000E+00 0.00000E+00 0.00000E+00 0.00000E+00 0.00000E+00 2.04684E-14 0.00000E+00 0.00000E+00 0.00000E+00 0.00000E+00
 8.00000E-01 0.00000E+00 0.00000E+00 0.00000E+00 0.00000E+00 0.00000E+00 8.17534E-13 0.00000E+00 0.00000E+00 0.00000E+00 0.00000E+00
 9.00000E-01 0.00000E+00 0.00000E+00 0.00000E+00 0.00000E+00 0.00000E+00 1.71818E-11 0.00000E+00 0.00000E+00 0.00000E+00 0.00000E+00
 1.00000E+00 0.00000E+00 0.00000E+00 0.00000E+00 0.00000E+00 0.00000E+00 2.24243E-10 0.00000E+00 0.00000E+00 0.00000E+00 0.00000E+00
 1.20000E+00 0.00000E+00 0.00000E+00 0.00000E+00 0.00000E+00 0.00000E+00 1.38196E-08 0.00000E+00 0.00000E+00 0.00000E+00 0.00000E+00
 1.40000E+00 0.00000E+00 0.00000E+00 0.00000E+00 0.00000E+00 0.00000E+00 3.34257E-07 0.00000E+00 0.00000E+00 0.00000E+00 0.00000E+00
 1.60000E+00 0.00000E+00 0.00000E+00 0.00000E+00 0.00000E+00 0.00000E+00 4.30102E-06 0.00000E+00 0.00000E+00 0.00000E+00 0.00000E+00
 1.80000E+00 3.53030E-05 9.14492E-10 0.00000E+00 9.14492E-10 0.00000E+00 3.53039E-05 3.53030E-05 7.87678E-27 0.00000E+00 0.00000E+00
 2.00000E+00 2.07586E-04 2.27686E-08 0.00000E+00 2.27686E-08 0.00000E+00 2.07609E-04 2.07586E-04 5.11635E-22 0.00000E+00 0.00000E+00
 2.20000E+00 9.45255E-04 3.53543E-07 0.00000E+00 3.53543E-07 0.00000E+00 9.45609E-04 9.45255E-04 1.13634E-18 0.00000E+00 0.00000E+00
 2.40000E+00 3.51913E-03 3.92438E-06 0.00000E+00 3.92438E-06 0.00000E+00 3.52305E-03 3.51913E-03 3.75390E-16 0.00000E+00 0.00000E+00
 2.60000E+00 1.11375E-02 3.12365E-05 0.00000E+00 3.12365E-05 0.00000E+00 1.11687E-02 1.11375E-02 3.69084E-14 0.00000E+00 0.00000E+00
 2.80000E+00 3.08331E-02 1.90387E-04 0.00000E+00 1.90387E-04 0.00000E+00 3.10235E-02 3.08331E-02 1.57730E-12 0.00000E+00 0.00000E+00
 3.00000E+00 7.62805E-02 9.23847E-04 0.00000E+00 9.23847E-04 0.00000E+00 7.72043E-02 7.62784E-02 2.09602E-06 0.00000E+00 0.00000E+00
 3.20000E+00 1.71425E-01 3.69295E-03 0.00000E+00 3.69295E-03 0.00000E+00 1.75118E-01 1.71423E-01 2.41610E-06 0.00000E+00 0.00000E+00
 3.40000E+00 3.54494E-01 1.24783E-02 0.00000E+00 1.24783E-02 0.00000E+00 3.66972E-01 3.54489E-01 4.37045E-06 0.00000E+00 0.00000E+00
 3.60000E+00 6.81749E-01 3.63988E-02 0.00000E+00 3.63988E-02 0.00000E+00 7.18148E-01 6.81740E-01 8.75424E-06 0.00000E+00 0.00000E+00
 3.80000E+00 1.23049E+00 9.33832E-02 0.00000E+00 9.33832E-02 0.00000E+00 1.32387E+00 1.23047E+00 1.60406E-05 0.00000E+00 0.00000E+00
 4.00000E+00 2.10077E+00 2.14000E-01 0.00000E+00 2.14000E-01 0.00000E+00 2.31477E+00 2.10074E+00 3.04849E-05 0.00000E+00 0.00000E+00
 4.20000E+00 3.41679E+00 4.44064E-01 0.00000E+00 4.44064E-01 0.00000E+00 3.86085E+00 3.41673E+00 5.89488E-05 0.00000E+00 0.00000E+00
 4.40000E+00 5.32685E+00 8.44291E-01 0.00000E+00 8.44291E-01 0.00000E+00 6.17114E+00 5.32674E+00 1.12960E-04 0.00000E+00 0.00000E+00
 4.60000E+00 8.83888E+00 6.49174E-01 0.00000E+00 6.49174E-01 0.00000E+00 9.48805E+00 8.83850E+00 2.31367E-04 1.41452E-04 0.00000E+00
 4.80000E+00 1.35191E+01 5.55701E-01 0.00000E+00 5.55701E-01 0.00000E+00 1.40748E+01 1.35184E+01 4.53406E-04 2.25801E-04 0.00000E+00
 5.00000E+00 1.96567E+01 5.38631E-01 0.00000E+00 5.38631E-01 0.00000E+00 2.01953E+01 1.96553E+01 9.39379E-04 3.77286E-04 0.00000E+00
 5.20000E+00 2.74899E+01 5.98176E-01 0.00000E+00 5.98176E-01 0.00000E+00 2.80881E+01 2.74863E+01 1.95762E-03 1.62678E-03 0.00000E+00
 5.40000E+00 3.72528E+01 6.84870E-01 0.00000E+00 6.84870E-01 0.00000E+00 3.79377E+01 3.72444E+01 3.96419E-03 4.45988E-03 0.00000E+00
 5.60000E+00 4.90712E+01 7.77364E-01 0.00000E+00 7.77364E-01 0.00000E+00 4.98486E+01 4.90505E+01 7.79652E-03 1.29594E-02 0.00000E+00
 5.80000E+00 6.29674E+01 8.62357E-01 0.00000E+00 8.62357E-01 0.00000E+00 6.38298E+01 6.29231E+01 1.46169E-02 2.96974E-02 0.00000E+00
 6.00000E+00 7.88656E+01 9.28186E-01 0.00000E+00 9.28186E-01 0.00000E+00 7.97938E+01 7.87802E+01 2.62751E-02 5.91653E-02 0.00000E+00
 6.20000E+00 9.66068E+01 9.65283E-01 0.00000E+00 9.65283E-01 0.00000E+00 9.75721E+01 9.64555E+01 4.51750E-02 1.06155E-01 0.00000E+00
 6.40000E+00 1.15976E+02 9.67981E-01 0.00000E+00 9.67981E-01 0.00000E+00 1.16944E+02 1.15725E+02 7.37789E-02 1.76777E-01 0.00000E+00
 6.60000E+00 1.36737E+02 9.36432E-01 0.00000E+00 9.36432E-01 0.00000E+00 1.37673E+02 1.36343E+02 1.16519E-01 2.77015E-01 0.00000E+00
 6.80000E+00 1.58658E+02 8.75900E-01 0.00000E+00 8.75900E-01 0.00000E+00 1.59534E+02 1.58072E+02 1.75745E-01 4.10440E-01 0.00000E+00
 7.00000E+00 1.81544E+02 7.94719E-01 0.00000E+00 7.94719E-01 0.00000E+00 1.82339E+02 1.80703E+02 2.55865E-01 5.85487E-01 0.00000E+00
 7.20000E+00 2.05240E+02 7.01925E-01 0.00000E+00 7.01925E-01 0.00000E+00 2.05942E+02 2.04079E+02 3.60801E-01 7.99985E-01 0.00000E+00
 7.40000E+00 2.29635E+02 6.05718E-01 0.00000E+00 6.05718E-01 0.00000E+00 2.30241E+02 2.28066E+02 4.92767E-01 1.07590E+00 0.00000E+00
 7.60000E+00 2.54649E+02 5.12474E-01 0.00000E+00 5.12474E-01 0.00000E+00 2.55161E+02 2.52573E+02 6.59414E-01 1.41445E+00 0.00000E+00
 7.80000E+00 2.80223E+02 4.26465E-01 0.00000E+00 4.26465E-01 0.00000E+00 2.80649E+02 2.77537E+02 8.60608E-01 1.82185E+00 0.00000E+00
 8.00000E+00 3.06306E+02 3.50050E-01 0.00000E+00 3.50050E-01 0.00000E+00 3.06656E+02 3.02898E+02 1.10278E+00 2.29999E+00 0.00000E+00
 8.50000E+00 3.73363E+02 2.04207E-01 0.00000E+00 2.04207E-01 0.00000E+00 3.73567E+02 3.67510E+02 1.91509E+00 3.92349E+00 0.00000E+00
 9.00000E+00 4.42216E+02 1.14588E-01 0.00000E+00 1.14588E-01 0.00000E+00 4.42331E+02 4.33004E+02 3.06749E+00 6.11223E+00 0.00000E+00
 9.50000E+00 5.11632E+02 6.32060E-02 0.00000E+00 6.32060E-02 0.00000E+00 5.11695E+02 4.97958E+02 4.57975E+00 9.02986E+00 0.00000E+00
 1.00000E+01 5.80527E+02 1.63056E-02 0.00000E+00 1.63056E-02 0.00000E+00 5.80543E+02 5.61110E+02 6.42149E+00 1.28840E+01 0.00000E+00
 1.05000E+01 6.48016E+02 8.92380E-03 0.00000E+00 8.92380E-03 0.00000E+00 6.48025E+02 6.21646E+02 8.52611E+00 1.76680E+01 0.00000E+00
 1.10000E+01 7.13402E+02 4.89741E-03 0.00000E+00 4.89741E-03 0.00000E+00 7.13407E+02 6.78910E+02 1.08096E+01 2.34139E+01 0.00000E+00
 1.15000E+01 7.75841E+02 2.70212E-03 0.00000E+00 2.70212E-03 0.00000E+00 7.75844E+02 7.32132E+02 1.31813E+01 3.01171E+01 0.00000E+00
 1.20000E+01 8.34340E+02 1.50070E-03 0.00000E+00 1.50070E-03 0.00000E+00 8.34342E+02 7.80416E+02 1.55529E+01 3.77360E+01 0.00000E+00
 1.25000E+01 8.87963E+02 8.39028E-04 0.00000E+00 8.39028E-04 0.00000E+00 8.87964E+02 8.22953E+02 1.78458E+01 4.61916E+01 0.00000E+00
 1.30000E+01 9.36132E+02 4.71924E-04 0.00000E+00 4.71924E-04 0.00000E+00 9.36132E+02 8.59315E+02 1.99986E+01 5.53961E+01 0.00000E+00
 1.35000E+01 9.78804E+02 2.66831E-04 0.00000E+00 2.66831E-04 0.00000E+00 9.78804E+02 8.89616E+02 2.19716E+01 6.52684E+01 0.00000E+00
 1.40000E+01 1.01645E+03 1.51661E-04 0.00000E+00 1.51661E-04 0.00000E+00 1.01645E+03 9.14452E+02 2.37436E+01 7.57571E+01 0.00000E+00
 1.45000E+01 1.04990E+03 8.66904E-05 0.00000E+00 8.66904E-05 0.00000E+00 1.04990E+03 9.34725E+02 2.53130E+01 8.68336E+01 0.00000E+00
 1.50000E+01 1.08008E+03 4.98749E-05 0.00000E+00 4.98749E-05 0.00000E+00 1.08008E+03 9.51306E+02 2.66864E+01 9.85626E+01 0.00000E+00
 1.60000E+01 1.13388E+03 1.69129E-05 0.00000E+00 1.69129E-05 0.00000E+00 1.13388E+03 9.76454E+02 2.89023E+01 1.24105E+02 0.00000E+00
 1.70000E+01 1.18221E+03 5.97319E-06 0.00000E+00 5.97319E-06 0.00000E+00 1.18221E+03 9.93841E+02 3.05359E+01 1.52618E+02 0.00000E+00
 1.80000E+01 1.22628E+03 2.22466E-06 0.00000E+00 2.22466E-06 0.00000E+00 1.22628E+03 1.00459E+03 3.17433E+01 1.84013E+02 0.00000E+00
 1.90000E+01 1.26579E+03 8.93306E-07 0.00000E+00 8.93306E-07 0.00000E+00 1.26579E+03 1.00812E+03 3.26432E+01 2.18425E+02 0.00000E+00
 2.00000E+01 1.30044E+03 4.04025E-07 0.00000E+00 4.04025E-07 0.00000E+00 1.30044E+03 1.00285E+03 3.32869E+01 2.57086E+02 0.00000E+00
 2.10000E+01 1.33041E+03 2.19909E-07 0.00000E+00 2.19909E-07 0.00000E+00 1.33041E+03 9.95164E+02 3.37112E+01 2.93735E+02 0.00000E+00
 2.20000E+01 1.35617E+03 1.48428E-07 0.00000E+00 1.48428E-07 0.00000E+00 1.35617E+03 9.83025E+02 3.39554E+01 3.30827E+02 0.00000E+00
 2.30000E+01 1.37840E+03 1.20143E-07 0.00000E+00 1.20143E-07 0.00000E+00 1.37840E+03 9.74210E+02 3.40687E+01 3.61216E+02 0.00000E+00
 2.40000E+01 1.39782E+03 1.08537E-07 0.00000E+00 1.08537E-07 0.00000E+00 1.39782E+03 9.60222E+02 3.40952E+01 3.94071E+02 0.00000E+00
 2.50000E+01 1.41518E+03 1.03685E-07 0.00000E+00 1.03685E-07 0.00000E+00 1.41518E+03 9.42563E+02 3.40875E+01 4.28581E+02 0.00000E+00
 2.60000E+01 1.43109E+03 1.01621E-07 0.00000E+00 1.01621E-07 0.00000E+00 1.43109E+03 9.23762E+02 3.40655E+01 4.62807E+02 0.00000E+00
 2.70000E+01 1.44592E+03 1.00726E-07 0.00000E+00 1.00726E-07 0.00000E+00 1.44592E+03 9.04103E+02 3.40401E+01 4.96848E+02 0.00000E+00
 2.80000E+01 1.45979E+03 1.00331E-07 0.00000E+00 1.00331E-07 0.00000E+00 1.45979E+03 8.83895E+02 3.40184E+01 5.30528E+02 0.00000E+00
 2.90000E+01 1.47252E+03 1.00153E-07 0.00000E+00 1.00153E-07 0.00000E+00 1.47252E+03 8.61970E+02 3.43398E+01 5.64492E+02 0.00000E+00
 3.00000E+01 1.48376E+03 1.00072E-07 0.00000E+00 1.00072E-07 0.00000E+00 1.48376E+03 8.40532E+02 3.43326E+01 5.96824E+02 0.00000E+00
 3.20000E+01 1.50065E+03 1.00016E-07 0.00000E+00 1.00016E-07 0.00000E+00 1.50065E+03 7.95536E+02 3.42309E+01 6.58005E+02 0.00000E+00
 3.40000E+01 1.51028E+03 1.00004E-07 0.00000E+00 1.00004E-07 0.00000E+00 1.51028E+03 7.48560E+02 3.40788E+01 7.13764E+02 0.00000E+00
 3.60000E+01 1.51532E+03 1.00001E-07 0.00000E+00 1.00001E-07 0.00000E+00 1.51532E+03 7.01840E+02 3.39041E+01 7.64639E+02 0.00000E+00
 3.80000E+01 1.51814E+03 1.00000E-07 0.00000E+00 1.00000E-07 0.00000E+00 1.51814E+03 6.57100E+02 3.37908E+01 8.11263E+02 0.00000E+00
 4.00000E+01 1.51924E+03 1.00000E-07 0.00000E+00 1.00000E-07 0.00000E+00 1.51924E+03 6.14492E+02 3.36854E+01 8.54120E+02 0.00000E+00
 4.20000E+01 1.51814E+03 1.00000E-07 0.00000E+00 1.00000E-07 0.00000E+00 1.51814E+03 5.74394E+02 3.36026E+01 8.92343E+02 0.00000E+00
 4.40000E+01 1.51468E+03 1.00000E-07 0.00000E+00 1.00000E-07 0.00000E+00 1.51468E+03 5.35475E+02 3.38559E+01 9.26737E+02 0.00000E+00
 4.60000E+01 1.50934E+03 1.00000E-07 0.00000E+00 1.00000E-07 0.00000E+00 1.50934E+03 4.99124E+02 3.36819E+01 9.57150E+02 0.00000E+00
 4.80000E+01 1.50277E+03 1.00000E-07 0.00000E+00 1.00000E-07 0.00000E+00 1.50277E+03 4.65106E+02 3.33222E+01 9.84265E+02 0.00000E+00
 5.00000E+01 1.49540E+03 1.00000E-07 0.00000E+00 1.00000E-07 0.00000E+00 1.49540E+03 4.34539E+02 3.28918E+01 1.00733E+03 0.00000E+00
 5.20000E+01 1.48743E+03 1.00000E-07 0.00000E+00 1.00000E-07 0.00000E+00 1.48743E+03 4.04882E+02 3.24695E+01 1.02902E+03 0.00000E+00
 5.40000E+01 1.47891E+03 1.00000E-07 0.00000E+00 1.00000E-07 0.00000E+00 1.47891E+03 3.77255E+02 3.19841E+01 1.04831E+03 0.00000E+00
 5.60000E+01 1.46993E+03 1.00000E-07 0.00000E+00 1.00000E-07 0.00000E+00 1.46993E+03 3.51506E+02 3.14500E+01 1.06540E+03 0.00000E+00
 5.80000E+01 1.46062E+03 1.00000E-07 0.00000E+00 1.00000E-07 0.00000E+00 1.46062E+03 3.27480E+02 3.08698E+01 1.08057E+03 0.00000E+00
 6.00000E+01 1.45109E+03 1.00000E-07 0.00000E+00 1.00000E-07 0.00000E+00 1.45109E+03 3.05089E+02 3.02487E+01 1.09403E+03 0.00000E+00
