# p + 115Sn Total cross sections
# 
# 
# # energies =   103
#     E      Non-elastic    Elastic     Total     Comp. el.   Shape el.   Reaction   Comp. nonel   Direct    Pre-equil.  Dir. Capt.
 1.00000E-11 0.00000E+00 0.00000E+00 0.00000E+00 0.00000E+00 0.00000E+00 0.00000E+00 0.00000E+00 0.00000E+00 0.00000E+00 0.00000E+00
 2.53000E-08 0.00000E+00 0.00000E+00 0.00000E+00 0.00000E+00 0.00000E+00 0.00000E+00 0.00000E+00 0.00000E+00 0.00000E+00 0.00000E+00
 2.00000E-07 0.00000E+00 0.00000E+00 0.00000E+00 0.00000E+00 0.00000E+00 0.00000E+00 0.00000E+00 0.00000E+00 0.00000E+00 0.00000E+00
 1.00000E-06 0.00000E+00 0.00000E+00 0.00000E+00 0.00000E+00 0.00000E+00 0.00000E+00 0.00000E+00 0.00000E+00 0.00000E+00 0.00000E+00
 1.00000E-05 0.00000E+00 0.00000E+00 0.00000E+00 0.00000E+00 0.00000E+00 0.00000E+00 0.00000E+00 0.00000E+00 0.00000E+00 0.00000E+00
 1.00000E-04 0.00000E+00 0.00000E+00 0.00000E+00 0.00000E+00 0.00000E+00 0.00000E+00 0.00000E+00 0.00000E+00 0.00000E+00 0.00000E+00
 1.00000E-03 0.00000E+00 0.00000E+00 0.00000E+00 0.00000E+00 0.00000E+00 0.00000E+00 0.00000E+00 0.00000E+00 0.00000E+00 0.00000E+00
 2.00000E-03 0.00000E+00 0.00000E+00 0.00000E+00 0.00000E+00 0.00000E+00 0.00000E+00 0.00000E+00 0.00000E+00 0.00000E+00 0.00000E+00
 4.00000E-03 0.00000E+00 0.00000E+00 0.00000E+00 0.00000E+00 0.00000E+00 0.00000E+00 0.00000E+00 0.00000E+00 0.00000E+00 0.00000E+00
 7.00000E-03 0.00000E+00 0.00000E+00 0.00000E+00 0.00000E+00 0.00000E+00 0.00000E+00 0.00000E+00 0.00000E+00 0.00000E+00 0.00000E+00
 1.00000E-02 0.00000E+00 0.00000E+00 0.00000E+00 0.00000E+00 0.00000E+00 0.00000E+00 0.00000E+00 0.00000E+00 0.00000E+00 0.00000E+00
 2.00000E-02 0.00000E+00 0.00000E+00 0.00000E+00 0.00000E+00 0.00000E+00 0.00000E+00 0.00000E+00 0.00000E+00 0.00000E+00 0.00000E+00
 4.00000E-02 0.00000E+00 0.00000E+00 0.00000E+00 0.00000E+00 0.00000E+00 0.00000E+00 0.00000E+00 0.00000E+00 0.00000E+00 0.00000E+00
 7.00000E-02 0.00000E+00 0.00000E+00 0.00000E+00 0.00000E+00 0.00000E+00 0.00000E+00 0.00000E+00 0.00000E+00 0.00000E+00 0.00000E+00
 1.00000E-01 0.00000E+00 0.00000E+00 0.00000E+00 0.00000E+00 0.00000E+00 0.00000E+00 0.00000E+00 0.00000E+00 0.00000E+00 0.00000E+00
 2.00000E-01 0.00000E+00 0.00000E+00 0.00000E+00 0.00000E+00 0.00000E+00 1.35488E-36 0.00000E+00 0.00000E+00 0.00000E+00 0.00000E+00
 3.00000E-01 0.00000E+00 0.00000E+00 0.00000E+00 0.00000E+00 0.00000E+00 6.12629E-28 0.00000E+00 0.00000E+00 0.00000E+00 0.00000E+00
 4.00000E-01 0.00000E+00 0.00000E+00 0.00000E+00 0.00000E+00 0.00000E+00 1.66512E-22 0.00000E+00 0.00000E+00 0.00000E+00 0.00000E+00
 5.00000E-01 0.00000E+00 0.00000E+00 0.00000E+00 0.00000E+00 0.00000E+00 5.18337E-19 0.00000E+00 0.00000E+00 0.00000E+00 0.00000E+00
 6.00000E-01 0.00000E+00 0.00000E+00 0.00000E+00 0.00000E+00 0.00000E+00 1.92018E-16 0.00000E+00 0.00000E+00 0.00000E+00 0.00000E+00
 7.00000E-01 0.00000E+00 0.00000E+00 0.00000E+00 0.00000E+00 0.00000E+00 1.87330E-14 0.00000E+00 0.00000E+00 0.00000E+00 0.00000E+00
 8.00000E-01 0.00000E+00 0.00000E+00 0.00000E+00 0.00000E+00 0.00000E+00 7.42340E-13 0.00000E+00 0.00000E+00 0.00000E+00 0.00000E+00
 9.00000E-01 0.00000E+00 0.00000E+00 0.00000E+00 0.00000E+00 0.00000E+00 1.54842E-11 0.00000E+00 0.00000E+00 0.00000E+00 0.00000E+00
 1.00000E+00 0.00000E+00 0.00000E+00 0.00000E+00 0.00000E+00 0.00000E+00 2.00637E-10 0.00000E+00 0.00000E+00 0.00000E+00 0.00000E+00
 1.20000E+00 0.00000E+00 0.00000E+00 0.00000E+00 0.00000E+00 0.00000E+00 1.21995E-08 0.00000E+00 0.00000E+00 0.00000E+00 0.00000E+00
 1.40000E+00 0.00000E+00 0.00000E+00 0.00000E+00 0.00000E+00 0.00000E+00 2.91482E-07 0.00000E+00 0.00000E+00 0.00000E+00 0.00000E+00
 1.60000E+00 0.00000E+00 0.00000E+00 0.00000E+00 0.00000E+00 0.00000E+00 3.70917E-06 0.00000E+00 0.00000E+00 0.00000E+00 0.00000E+00
 1.80000E+00 3.01459E-05 1.14986E-09 0.00000E+00 1.14986E-09 0.00000E+00 3.01470E-05 3.01459E-05 1.07499E-33 0.00000E+00 0.00000E+00
 2.00000E+00 1.75708E-04 2.74936E-08 0.00000E+00 2.74936E-08 0.00000E+00 1.75735E-04 1.75708E-04 4.31731E-26 0.00000E+00 0.00000E+00
 2.20000E+00 7.93936E-04 4.15139E-07 0.00000E+00 4.15139E-07 0.00000E+00 7.94351E-04 7.93936E-04 1.71256E-21 0.00000E+00 0.00000E+00
 2.40000E+00 2.93588E-03 4.54742E-06 0.00000E+00 4.54742E-06 0.00000E+00 2.94043E-03 2.93337E-03 2.50347E-06 7.44394E-09 0.00000E+00
 2.60000E+00 9.23811E-03 3.44347E-05 0.00000E+00 3.44347E-05 0.00000E+00 9.27254E-03 9.23587E-03 2.20778E-06 2.72354E-08 0.00000E+00
 2.80000E+00 2.54479E-02 2.03698E-04 0.00000E+00 2.03698E-04 0.00000E+00 2.56516E-02 2.54456E-02 2.23779E-06 8.84758E-08 0.00000E+00
 3.00000E+00 6.26924E-02 9.63900E-04 0.00000E+00 9.63900E-04 0.00000E+00 6.36563E-02 6.26899E-02 2.29049E-06 2.39440E-07 0.00000E+00
 3.20000E+00 1.40399E-01 3.76965E-03 0.00000E+00 3.76965E-03 0.00000E+00 1.44169E-01 1.40396E-01 2.29641E-06 6.51845E-07 0.00000E+00
 3.40000E+00 2.89575E-01 1.24942E-02 0.00000E+00 1.24942E-02 0.00000E+00 3.02069E-01 2.89570E-01 2.82428E-06 1.48500E-06 0.00000E+00
 3.60000E+00 5.56029E-01 3.58612E-02 0.00000E+00 3.58612E-02 0.00000E+00 5.91890E-01 5.56022E-01 3.07669E-06 3.32526E-06 0.00000E+00
 3.80000E+00 1.00336E+00 9.08007E-02 0.00000E+00 9.08007E-02 0.00000E+00 1.09416E+00 1.00335E+00 5.01739E-06 7.19133E-06 0.00000E+00
 4.00000E+00 1.80112E+00 1.20415E-01 0.00000E+00 1.20415E-01 0.00000E+00 1.92154E+00 1.80101E+00 9.85228E-05 1.36744E-05 0.00000E+00
 4.20000E+00 3.02051E+00 2.03998E-01 0.00000E+00 2.03998E-01 0.00000E+00 3.22451E+00 3.01966E+00 8.26643E-04 2.72264E-05 0.00000E+00
 4.40000E+00 4.84027E+00 3.54339E-01 0.00000E+00 3.54339E-01 0.00000E+00 5.19461E+00 4.83741E+00 2.81843E-03 4.72237E-05 0.00000E+00
 4.60000E+00 7.45940E+00 6.04828E-01 0.00000E+00 6.04828E-01 0.00000E+00 8.06423E+00 7.45216E+00 7.16061E-03 8.35380E-05 0.00000E+00
 4.80000E+00 1.14404E+01 6.60469E-01 0.00000E+00 6.60469E-01 0.00000E+00 1.21009E+01 1.14251E+01 1.51565E-02 1.44440E-04 0.00000E+00
 5.00000E+00 1.67233E+01 8.71034E-01 0.00000E+00 8.71034E-01 0.00000E+00 1.75943E+01 1.66920E+01 3.10286E-02 2.22396E-04 0.00000E+00
 5.20000E+00 2.36783E+01 1.15689E+00 0.00000E+00 1.15689E+00 0.00000E+00 2.48352E+01 2.36220E+01 5.59284E-02 3.68759E-04 0.00000E+00
 5.40000E+00 3.24305E+01 1.65558E+00 0.00000E+00 1.65558E+00 0.00000E+00 3.40861E+01 3.23355E+01 9.44463E-02 5.49718E-04 0.00000E+00
 5.60000E+00 4.33462E+01 2.20101E+00 0.00000E+00 2.20101E+00 0.00000E+00 4.55472E+01 4.31948E+01 1.50529E-01 8.36072E-04 0.00000E+00
 5.80000E+00 5.67029E+01 2.62068E+00 0.00000E+00 2.62068E+00 0.00000E+00 5.93236E+01 5.64721E+01 2.27321E-01 3.42740E-03 0.00000E+00
 6.00000E+00 7.26075E+01 2.79387E+00 0.00000E+00 2.79387E+00 0.00000E+00 7.54014E+01 7.22714E+01 3.22210E-01 1.37625E-02 0.00000E+00
 6.20000E+00 9.07792E+01 2.86290E+00 0.00000E+00 2.86290E+00 0.00000E+00 9.36421E+01 9.03034E+01 4.41825E-01 3.36989E-02 0.00000E+00
 6.40000E+00 1.10943E+02 2.85471E+00 0.00000E+00 2.85471E+00 0.00000E+00 1.13798E+02 1.10297E+02 5.79499E-01 6.61360E-02 0.00000E+00
 6.60000E+00 1.32777E+02 2.77142E+00 0.00000E+00 2.77142E+00 0.00000E+00 1.35548E+02 1.31909E+02 7.49311E-01 1.16984E-01 0.00000E+00
 6.80000E+00 1.55926E+02 2.61933E+00 0.00000E+00 2.61933E+00 0.00000E+00 1.58545E+02 1.54791E+02 9.41152E-01 1.91074E-01 0.00000E+00
 7.00000E+00 1.80046E+02 2.41263E+00 0.00000E+00 2.41263E+00 0.00000E+00 1.82459E+02 1.78584E+02 1.16302E+00 2.94063E-01 0.00000E+00
 7.20000E+00 2.04843E+02 2.17029E+00 0.00000E+00 2.17029E+00 0.00000E+00 2.07013E+02 2.02990E+02 1.41117E+00 4.31221E-01 0.00000E+00
 7.40000E+00 2.30084E+02 1.91089E+00 0.00000E+00 1.91089E+00 0.00000E+00 2.31995E+02 2.27756E+02 1.70126E+00 6.10124E-01 0.00000E+00
 7.60000E+00 2.55613E+02 1.65150E+00 0.00000E+00 1.65150E+00 0.00000E+00 2.57264E+02 2.52731E+02 2.01144E+00 8.42181E-01 0.00000E+00
 7.80000E+00 2.81324E+02 1.40494E+00 0.00000E+00 1.40494E+00 0.00000E+00 2.82729E+02 2.77807E+02 2.37494E+00 1.09728E+00 0.00000E+00
 8.00000E+00 3.07159E+02 1.17919E+00 0.00000E+00 1.17919E+00 0.00000E+00 3.08338E+02 3.02873E+02 2.77686E+00 1.44003E+00 0.00000E+00
 8.50000E+00 3.72047E+02 7.28201E-01 0.00000E+00 7.28201E-01 0.00000E+00 3.72775E+02 3.65309E+02 3.94290E+00 2.61974E+00 0.00000E+00
 9.00000E+00 4.37198E+02 2.55625E-01 0.00000E+00 2.55625E-01 0.00000E+00 4.37454E+02 4.27197E+02 5.28349E+00 4.34452E+00 0.00000E+00
 9.50000E+00 5.01671E+02 1.47583E-01 0.00000E+00 1.47583E-01 0.00000E+00 5.01819E+02 4.87415E+02 6.80205E+00 6.77243E+00 0.00000E+00
 1.00000E+01 5.65286E+02 8.33804E-02 0.00000E+00 8.33804E-02 0.00000E+00 5.65369E+02 5.45791E+02 8.45080E+00 9.94543E+00 0.00000E+00
 1.05000E+01 6.27740E+02 4.64927E-02 0.00000E+00 4.64927E-02 0.00000E+00 6.27786E+02 6.01753E+02 1.02320E+01 1.41489E+01 0.00000E+00
 1.10000E+01 6.88801E+02 2.58153E-02 0.00000E+00 2.58153E-02 0.00000E+00 6.88827E+02 6.55202E+02 1.20873E+01 1.93191E+01 0.00000E+00
 1.15000E+01 7.48065E+02 1.43639E-02 0.00000E+00 1.43639E-02 0.00000E+00 7.48079E+02 7.05676E+02 1.39886E+01 2.55372E+01 0.00000E+00
 1.20000E+01 8.04806E+02 8.03805E-03 0.00000E+00 8.03805E-03 0.00000E+00 8.04814E+02 7.52477E+02 1.58869E+01 3.28044E+01 0.00000E+00
 1.25000E+01 8.58076E+02 4.52887E-03 0.00000E+00 4.52887E-03 0.00000E+00 8.58080E+02 7.94670E+02 1.77840E+01 4.10756E+01 0.00000E+00
 1.30000E+01 9.06987E+02 2.56832E-03 0.00000E+00 2.56832E-03 0.00000E+00 9.06990E+02 8.31493E+02 1.96262E+01 5.02686E+01 0.00000E+00
 1.35000E+01 9.51008E+02 1.46471E-03 0.00000E+00 1.46471E-03 0.00000E+00 9.51009E+02 8.62564E+02 2.13784E+01 6.02952E+01 0.00000E+00
 1.40000E+01 9.90098E+02 8.39239E-04 0.00000E+00 8.39239E-04 0.00000E+00 9.90099E+02 8.88023E+02 2.30050E+01 7.10867E+01 0.00000E+00
 1.45000E+01 1.02468E+03 4.82941E-04 0.00000E+00 4.82941E-04 0.00000E+00 1.02468E+03 9.08398E+02 2.45343E+01 8.25790E+01 0.00000E+00
 1.50000E+01 1.05547E+03 2.79250E-04 0.00000E+00 2.79250E-04 0.00000E+00 1.05547E+03 9.24483E+02 2.58780E+01 9.48305E+01 0.00000E+00
 1.60000E+01 1.10889E+03 9.49983E-05 0.00000E+00 9.49983E-05 0.00000E+00 1.10889E+03 9.47034E+02 2.80378E+01 1.21583E+02 0.00000E+00
 1.70000E+01 1.15564E+03 3.32678E-05 0.00000E+00 3.32678E-05 0.00000E+00 1.15564E+03 9.60929E+02 2.95027E+01 1.51328E+02 0.00000E+00
 1.80000E+01 1.19828E+03 1.20575E-05 0.00000E+00 1.20575E-05 0.00000E+00 1.19828E+03 9.68585E+02 3.04418E+01 1.83973E+02 0.00000E+00
 1.90000E+01 1.23723E+03 4.54181E-06 0.00000E+00 4.54181E-06 0.00000E+00 1.23723E+03 9.69784E+02 3.09949E+01 2.19960E+02 0.00000E+00
 2.00000E+01 1.27218E+03 1.79051E-06 0.00000E+00 1.79051E-06 0.00000E+00 1.27218E+03 9.61542E+02 3.12815E+01 2.61802E+02 0.00000E+00
 2.10000E+01 1.30299E+03 7.63197E-07 0.00000E+00 7.63197E-07 0.00000E+00 1.30299E+03 9.52947E+02 3.13310E+01 3.00207E+02 0.00000E+00
 2.20000E+01 1.32974E+03 3.66611E-07 0.00000E+00 3.66611E-07 0.00000E+00 1.32974E+03 9.40331E+02 3.12371E+01 3.38813E+02 0.00000E+00
 2.30000E+01 1.35269E+03 2.10832E-07 0.00000E+00 2.10832E-07 0.00000E+00 1.35269E+03 9.34635E+02 2.96098E+01 3.68318E+02 0.00000E+00
 2.40000E+01 1.37228E+03 1.46896E-07 0.00000E+00 1.46896E-07 0.00000E+00 1.37228E+03 9.22632E+02 2.93037E+01 3.99527E+02 0.00000E+00
 2.50000E+01 1.38915E+03 1.20156E-07 0.00000E+00 1.20156E-07 0.00000E+00 1.38915E+03 9.05322E+02 2.89583E+01 4.33419E+02 0.00000E+00
 2.60000E+01 1.40403E+03 1.08823E-07 0.00000E+00 1.08823E-07 0.00000E+00 1.40403E+03 8.86267E+02 2.86252E+01 4.67088E+02 0.00000E+00
 2.70000E+01 1.41758E+03 1.03923E-07 0.00000E+00 1.03923E-07 0.00000E+00 1.41758E+03 8.65911E+02 2.82968E+01 5.00758E+02 0.00000E+00
 2.80000E+01 1.43022E+03 1.01773E-07 0.00000E+00 1.01773E-07 0.00000E+00 1.43022E+03 8.45161E+02 2.80046E+01 5.33924E+02 0.00000E+00
 2.90000E+01 1.44206E+03 1.00815E-07 0.00000E+00 1.00815E-07 0.00000E+00 1.44206E+03 8.24915E+02 2.77567E+01 5.65794E+02 0.00000E+00
 3.00000E+01 1.45293E+03 1.00379E-07 0.00000E+00 1.00379E-07 0.00000E+00 1.45293E+03 8.03435E+02 2.75636E+01 5.97905E+02 0.00000E+00
 3.20000E+01 1.47039E+03 1.00086E-07 0.00000E+00 1.00086E-07 0.00000E+00 1.47039E+03 7.59218E+02 2.70966E+01 6.59138E+02 0.00000E+00
 3.40000E+01 1.48093E+03 1.00020E-07 0.00000E+00 1.00020E-07 0.00000E+00 1.48093E+03 7.13227E+02 2.66359E+01 7.15055E+02 0.00000E+00
 3.60000E+01 1.48585E+03 1.00005E-07 0.00000E+00 1.00005E-07 0.00000E+00 1.48585E+03 6.67001E+02 2.61708E+01 7.65540E+02 0.00000E+00
 3.80000E+01 1.48774E+03 1.00001E-07 0.00000E+00 1.00001E-07 0.00000E+00 1.48774E+03 6.22566E+02 2.57082E+01 8.11228E+02 0.00000E+00
 4.00000E+01 1.48799E+03 1.00000E-07 0.00000E+00 1.00000E-07 0.00000E+00 1.48799E+03 5.80214E+02 2.53684E+01 8.53162E+02 0.00000E+00
 4.20000E+01 1.48658E+03 1.00000E-07 0.00000E+00 1.00000E-07 0.00000E+00 1.48658E+03 5.40445E+02 2.50745E+01 8.90950E+02 0.00000E+00
 4.40000E+01 1.48321E+03 1.00000E-07 0.00000E+00 1.00000E-07 0.00000E+00 1.48321E+03 5.02298E+02 2.47833E+01 9.25271E+02 0.00000E+00
 4.60000E+01 1.47798E+03 1.00000E-07 0.00000E+00 1.00000E-07 0.00000E+00 1.47798E+03 4.66909E+02 2.44470E+01 9.55106E+02 0.00000E+00
 4.80000E+01 1.47140E+03 1.00000E-07 0.00000E+00 1.00000E-07 0.00000E+00 1.47140E+03 4.33355E+02 2.40724E+01 9.81891E+02 0.00000E+00
 5.00000E+01 1.46396E+03 1.00000E-07 0.00000E+00 1.00000E-07 0.00000E+00 1.46396E+03 4.03242E+02 2.37795E+01 1.00443E+03 0.00000E+00
 5.20000E+01 1.45594E+03 1.00000E-07 0.00000E+00 1.00000E-07 0.00000E+00 1.45594E+03 3.74181E+02 2.34027E+01 1.02559E+03 0.00000E+00
 5.40000E+01 1.44746E+03 1.00000E-07 0.00000E+00 1.00000E-07 0.00000E+00 1.44746E+03 3.47119E+02 2.30404E+01 1.04444E+03 0.00000E+00
 5.60000E+01 1.43859E+03 1.00000E-07 0.00000E+00 1.00000E-07 0.00000E+00 1.43859E+03 3.22021E+02 2.25936E+01 1.06114E+03 0.00000E+00
 5.80000E+01 1.42942E+03 1.00000E-07 0.00000E+00 1.00000E-07 0.00000E+00 1.42942E+03 2.98519E+02 2.22542E+01 1.07594E+03 0.00000E+00
 6.00000E+01 1.42006E+03 1.00000E-07 0.00000E+00 1.00000E-07 0.00000E+00 1.42006E+03 2.76754E+02 2.17564E+01 1.08908E+03 0.00000E+00
