# p + 119Sn Total cross sections
# 
# 
# # energies =   103
#     E      Non-elastic    Elastic     Total     Comp. el.   Shape el.   Reaction   Comp. nonel   Direct    Pre-equil.  Dir. Capt.
 1.00000E-11 0.00000E+00 0.00000E+00 0.00000E+00 0.00000E+00 0.00000E+00 0.00000E+00 0.00000E+00 0.00000E+00 0.00000E+00 0.00000E+00
 2.53000E-08 0.00000E+00 0.00000E+00 0.00000E+00 0.00000E+00 0.00000E+00 0.00000E+00 0.00000E+00 0.00000E+00 0.00000E+00 0.00000E+00
 2.00000E-07 0.00000E+00 0.00000E+00 0.00000E+00 0.00000E+00 0.00000E+00 0.00000E+00 0.00000E+00 0.00000E+00 0.00000E+00 0.00000E+00
 1.00000E-06 0.00000E+00 0.00000E+00 0.00000E+00 0.00000E+00 0.00000E+00 0.00000E+00 0.00000E+00 0.00000E+00 0.00000E+00 0.00000E+00
 1.00000E-05 0.00000E+00 0.00000E+00 0.00000E+00 0.00000E+00 0.00000E+00 0.00000E+00 0.00000E+00 0.00000E+00 0.00000E+00 0.00000E+00
 1.00000E-04 0.00000E+00 0.00000E+00 0.00000E+00 0.00000E+00 0.00000E+00 0.00000E+00 0.00000E+00 0.00000E+00 0.00000E+00 0.00000E+00
 1.00000E-03 0.00000E+00 0.00000E+00 0.00000E+00 0.00000E+00 0.00000E+00 0.00000E+00 0.00000E+00 0.00000E+00 0.00000E+00 0.00000E+00
 2.00000E-03 0.00000E+00 0.00000E+00 0.00000E+00 0.00000E+00 0.00000E+00 0.00000E+00 0.00000E+00 0.00000E+00 0.00000E+00 0.00000E+00
 4.00000E-03 0.00000E+00 0.00000E+00 0.00000E+00 0.00000E+00 0.00000E+00 0.00000E+00 0.00000E+00 0.00000E+00 0.00000E+00 0.00000E+00
 7.00000E-03 0.00000E+00 0.00000E+00 0.00000E+00 0.00000E+00 0.00000E+00 0.00000E+00 0.00000E+00 0.00000E+00 0.00000E+00 0.00000E+00
 1.00000E-02 0.00000E+00 0.00000E+00 0.00000E+00 0.00000E+00 0.00000E+00 0.00000E+00 0.00000E+00 0.00000E+00 0.00000E+00 0.00000E+00
 2.00000E-02 0.00000E+00 0.00000E+00 0.00000E+00 0.00000E+00 0.00000E+00 0.00000E+00 0.00000E+00 0.00000E+00 0.00000E+00 0.00000E+00
 4.00000E-02 0.00000E+00 0.00000E+00 0.00000E+00 0.00000E+00 0.00000E+00 0.00000E+00 0.00000E+00 0.00000E+00 0.00000E+00 0.00000E+00
 7.00000E-02 0.00000E+00 0.00000E+00 0.00000E+00 0.00000E+00 0.00000E+00 0.00000E+00 0.00000E+00 0.00000E+00 0.00000E+00 0.00000E+00
 1.00000E-01 0.00000E+00 0.00000E+00 0.00000E+00 0.00000E+00 0.00000E+00 0.00000E+00 0.00000E+00 0.00000E+00 0.00000E+00 0.00000E+00
 2.00000E-01 0.00000E+00 0.00000E+00 0.00000E+00 0.00000E+00 0.00000E+00 1.23887E-36 0.00000E+00 0.00000E+00 0.00000E+00 0.00000E+00
 3.00000E-01 0.00000E+00 0.00000E+00 0.00000E+00 0.00000E+00 0.00000E+00 5.68643E-28 0.00000E+00 0.00000E+00 0.00000E+00 0.00000E+00
 4.00000E-01 0.00000E+00 0.00000E+00 0.00000E+00 0.00000E+00 0.00000E+00 1.84843E-22 0.00000E+00 0.00000E+00 0.00000E+00 0.00000E+00
 5.00000E-01 0.00000E+00 0.00000E+00 0.00000E+00 0.00000E+00 0.00000E+00 5.81883E-19 0.00000E+00 0.00000E+00 0.00000E+00 0.00000E+00
 6.00000E-01 0.00000E+00 0.00000E+00 0.00000E+00 0.00000E+00 0.00000E+00 2.17880E-16 0.00000E+00 0.00000E+00 0.00000E+00 0.00000E+00
 7.00000E-01 0.00000E+00 0.00000E+00 0.00000E+00 0.00000E+00 0.00000E+00 2.14751E-14 0.00000E+00 0.00000E+00 0.00000E+00 0.00000E+00
 8.00000E-01 0.00000E+00 0.00000E+00 0.00000E+00 0.00000E+00 0.00000E+00 8.59380E-13 0.00000E+00 0.00000E+00 0.00000E+00 0.00000E+00
 9.00000E-01 0.00000E+00 0.00000E+00 0.00000E+00 0.00000E+00 0.00000E+00 1.80940E-11 0.00000E+00 0.00000E+00 0.00000E+00 0.00000E+00
 1.00000E+00 0.00000E+00 0.00000E+00 0.00000E+00 0.00000E+00 0.00000E+00 2.36556E-10 0.00000E+00 0.00000E+00 0.00000E+00 0.00000E+00
 1.20000E+00 0.00000E+00 0.00000E+00 0.00000E+00 0.00000E+00 0.00000E+00 1.46248E-08 0.00000E+00 0.00000E+00 0.00000E+00 0.00000E+00
 1.40000E+00 0.00000E+00 0.00000E+00 0.00000E+00 0.00000E+00 0.00000E+00 3.54728E-07 0.00000E+00 0.00000E+00 0.00000E+00 0.00000E+00
 1.60000E+00 0.00000E+00 0.00000E+00 0.00000E+00 0.00000E+00 0.00000E+00 4.57564E-06 0.00000E+00 0.00000E+00 0.00000E+00 0.00000E+00
 1.80000E+00 3.76358E-05 3.01072E-11 0.00000E+00 3.01072E-11 0.00000E+00 3.76358E-05 3.76358E-05 3.78433E-26 0.00000E+00 0.00000E+00
 2.00000E+00 2.21594E-04 1.00614E-07 0.00000E+00 1.00614E-07 0.00000E+00 2.21695E-04 2.18608E-04 2.98527E-06 1.48709E-09 0.00000E+00
 2.20000E+00 1.01096E-03 1.03078E-07 0.00000E+00 1.03078E-07 0.00000E+00 1.01106E-03 1.00679E-03 4.16348E-06 7.72083E-09 0.00000E+00
 2.40000E+00 3.77006E-03 1.25806E-07 0.00000E+00 1.25806E-07 0.00000E+00 3.77019E-03 3.76011E-03 9.91739E-06 3.44944E-08 0.00000E+00
 2.60000E+00 1.19571E-02 2.96842E-07 0.00000E+00 2.96842E-07 0.00000E+00 1.19574E-02 1.19249E-02 3.20864E-05 1.07423E-07 0.00000E+00
 2.80000E+00 3.32130E-02 1.17036E-06 0.00000E+00 1.17036E-06 0.00000E+00 3.32142E-02 3.31075E-02 1.04867E-04 6.40009E-07 0.00000E+00
 3.00000E+00 8.26137E-02 4.10212E-06 0.00000E+00 4.10212E-06 0.00000E+00 8.26178E-02 8.23006E-02 3.02087E-04 1.09872E-05 0.00000E+00
 3.20000E+00 1.87207E-01 1.33783E-05 0.00000E+00 1.33783E-05 0.00000E+00 1.87220E-01 1.86375E-01 7.66599E-04 6.45858E-05 0.00000E+00
 3.40000E+00 3.91724E-01 3.94938E-05 0.00000E+00 3.94938E-05 0.00000E+00 3.91763E-01 3.89736E-01 1.74652E-03 2.40651E-04 0.00000E+00
 3.60000E+00 7.65040E-01 1.05548E-04 0.00000E+00 1.05548E-04 0.00000E+00 7.65146E-01 7.60697E-01 3.63890E-03 7.04960E-04 0.00000E+00
 3.80000E+00 1.40669E+00 2.56690E-04 0.00000E+00 2.56690E-04 0.00000E+00 1.40695E+00 1.39781E+00 7.08509E-03 1.79378E-03 0.00000E+00
 4.00000E+00 2.45188E+00 5.71209E-04 0.00000E+00 5.71209E-04 0.00000E+00 2.45245E+00 2.43498E+00 1.27696E-02 4.12720E-03 0.00000E+00
 4.20000E+00 4.07437E+00 1.17002E-03 0.00000E+00 1.17002E-03 0.00000E+00 4.07554E+00 4.04374E+00 2.18507E-02 8.77639E-03 0.00000E+00
 4.40000E+00 6.48464E+00 2.21821E-03 0.00000E+00 2.21821E-03 0.00000E+00 6.48686E+00 6.43160E+00 3.55994E-02 1.74402E-02 0.00000E+00
 4.60000E+00 9.92234E+00 3.91021E-03 0.00000E+00 3.91021E-03 0.00000E+00 9.92625E+00 9.83432E+00 5.55254E-02 3.24949E-02 0.00000E+00
 4.80000E+00 1.46419E+01 6.43234E-03 0.00000E+00 6.43234E-03 0.00000E+00 1.46483E+01 1.45024E+01 8.34385E-02 5.59824E-02 0.00000E+00
 5.00000E+00 2.08915E+01 9.90412E-03 0.00000E+00 9.90412E-03 0.00000E+00 2.09014E+01 2.06771E+01 1.20645E-01 9.37652E-02 0.00000E+00
 5.20000E+00 2.88882E+01 1.43100E-02 0.00000E+00 1.43100E-02 0.00000E+00 2.89025E+01 2.85664E+01 1.70059E-01 1.51745E-01 0.00000E+00
 5.40000E+00 3.87911E+01 1.94512E-02 0.00000E+00 1.94512E-02 0.00000E+00 3.88106E+01 3.83244E+01 2.31696E-01 2.35032E-01 0.00000E+00
 5.60000E+00 5.06824E+01 2.49315E-02 0.00000E+00 2.49315E-02 0.00000E+00 5.07073E+01 5.00224E+01 3.08163E-01 3.51756E-01 0.00000E+00
 5.80000E+00 6.45559E+01 3.02151E-02 0.00000E+00 3.02151E-02 0.00000E+00 6.45861E+01 6.36510E+01 3.94685E-01 5.09979E-01 0.00000E+00
 6.00000E+00 8.03231E+01 3.47226E-02 0.00000E+00 3.47226E-02 0.00000E+00 8.03578E+01 7.91070E+01 4.98857E-01 7.16663E-01 0.00000E+00
 6.20000E+00 9.78306E+01 3.79682E-02 0.00000E+00 3.79682E-02 0.00000E+00 9.78686E+01 9.62296E+01 6.21434E-01 9.78466E-01 0.00000E+00
 6.40000E+00 1.16887E+02 3.96575E-02 0.00000E+00 3.96575E-02 0.00000E+00 1.16927E+02 1.14820E+02 7.59716E-01 1.30480E+00 0.00000E+00
 6.60000E+00 1.37296E+02 3.97339E-02 0.00000E+00 3.97339E-02 0.00000E+00 1.37336E+02 1.34670E+02 9.21864E-01 1.69892E+00 0.00000E+00
 6.80000E+00 1.58876E+02 3.83725E-02 0.00000E+00 3.83725E-02 0.00000E+00 1.58914E+02 1.55648E+02 1.07021E+00 2.14749E+00 0.00000E+00
 7.00000E+00 1.81474E+02 3.58506E-02 0.00000E+00 3.58506E-02 0.00000E+00 1.81510E+02 1.77470E+02 1.25047E+00 2.73654E+00 0.00000E+00
 7.20000E+00 2.04976E+02 3.25992E-02 0.00000E+00 3.25992E-02 0.00000E+00 2.05009E+02 2.00182E+02 1.45774E+00 3.30716E+00 0.00000E+00
 7.40000E+00 2.29297E+02 2.89591E-02 0.00000E+00 2.89591E-02 0.00000E+00 2.29326E+02 2.23506E+02 1.68070E+00 4.06088E+00 0.00000E+00
 7.60000E+00 2.54372E+02 2.52575E-02 0.00000E+00 2.52575E-02 0.00000E+00 2.54397E+02 2.47456E+02 1.91551E+00 4.92002E+00 0.00000E+00
 7.80000E+00 2.80142E+02 2.17150E-02 0.00000E+00 2.17150E-02 0.00000E+00 2.80164E+02 2.72009E+02 2.17703E+00 5.83305E+00 0.00000E+00
 8.00000E+00 3.06550E+02 1.84557E-02 0.00000E+00 1.84557E-02 0.00000E+00 3.06568E+02 2.96928E+02 2.44261E+00 6.99534E+00 0.00000E+00
 8.50000E+00 3.74879E+02 1.18996E-02 0.00000E+00 1.18996E-02 0.00000E+00 3.74891E+02 3.61016E+02 3.21399E+00 1.02110E+01 0.00000E+00
 9.00000E+00 4.45426E+02 7.46020E-03 0.00000E+00 7.46020E-03 0.00000E+00 4.45433E+02 4.26152E+02 4.11840E+00 1.42757E+01 0.00000E+00
 9.50000E+00 5.16668E+02 4.59906E-03 0.00000E+00 4.59906E-03 0.00000E+00 5.16673E+02 4.90729E+02 5.15912E+00 1.92436E+01 0.00000E+00
 1.00000E+01 5.87279E+02 2.80187E-03 0.00000E+00 2.80187E-03 0.00000E+00 5.87282E+02 5.53405E+02 6.31879E+00 2.51449E+01 0.00000E+00
 1.05000E+01 6.56251E+02 1.01848E-03 0.00000E+00 1.01848E-03 0.00000E+00 6.56252E+02 6.13210E+02 7.56084E+00 3.19947E+01 0.00000E+00
 1.10000E+01 7.22723E+02 6.14363E-04 0.00000E+00 6.14363E-04 0.00000E+00 7.22724E+02 6.69350E+02 8.83991E+00 3.97891E+01 0.00000E+00
 1.15000E+01 7.85771E+02 3.69329E-04 0.00000E+00 3.69329E-04 0.00000E+00 7.85771E+02 7.20998E+02 1.01110E+01 4.84923E+01 0.00000E+00
 1.20000E+01 8.44389E+02 2.21743E-04 0.00000E+00 2.21743E-04 0.00000E+00 8.44389E+02 7.67271E+02 1.13400E+01 5.80326E+01 0.00000E+00
 1.25000E+01 8.97730E+02 1.33076E-04 0.00000E+00 1.33076E-04 0.00000E+00 8.97730E+02 8.07478E+02 1.24751E+01 6.83238E+01 0.00000E+00
 1.30000E+01 9.45376E+02 7.98516E-05 0.00000E+00 7.98516E-05 0.00000E+00 9.45376E+02 8.41364E+02 1.34906E+01 7.92727E+01 0.00000E+00
 1.35000E+01 9.87470E+02 4.79222E-05 0.00000E+00 4.79222E-05 0.00000E+00 9.87470E+02 8.69174E+02 1.43634E+01 9.08688E+01 0.00000E+00
 1.40000E+01 1.02464E+03 2.87849E-05 0.00000E+00 2.87849E-05 0.00000E+00 1.02464E+03 8.91615E+02 1.50778E+01 1.03121E+02 0.00000E+00
 1.45000E+01 1.05780E+03 1.73302E-05 0.00000E+00 1.73302E-05 0.00000E+00 1.05780E+03 9.09628E+02 1.56386E+01 1.16043E+02 0.00000E+00
 1.50000E+01 1.08792E+03 1.04796E-05 0.00000E+00 1.04796E-05 0.00000E+00 1.08792E+03 9.24272E+02 1.59754E+01 1.29638E+02 0.00000E+00
 1.60000E+01 1.14209E+03 3.91711E-06 0.00000E+00 3.91711E-06 0.00000E+00 1.14209E+03 9.45859E+02 1.65082E+01 1.58965E+02 0.00000E+00
 1.70000E+01 1.19103E+03 1.53785E-06 0.00000E+00 1.53785E-06 0.00000E+00 1.19103E+03 9.60195E+02 1.67780E+01 1.91024E+02 0.00000E+00
 1.80000E+01 1.23550E+03 6.55939E-07 0.00000E+00 6.55939E-07 0.00000E+00 1.23550E+03 9.67789E+02 1.69253E+01 2.25859E+02 0.00000E+00
 1.90000E+01 1.27506E+03 3.19885E-07 0.00000E+00 3.19885E-07 0.00000E+00 1.27506E+03 9.66659E+02 1.70650E+01 2.64831E+02 0.00000E+00
 2.00000E+01 1.30951E+03 1.88834E-07 0.00000E+00 1.88834E-07 0.00000E+00 1.30951E+03 9.58193E+02 1.69895E+01 3.06500E+02 0.00000E+00
 2.10000E+01 1.33917E+03 1.36810E-07 0.00000E+00 1.36810E-07 0.00000E+00 1.33917E+03 9.48790E+02 1.68217E+01 3.44613E+02 0.00000E+00
 2.20000E+01 1.36468E+03 1.15634E-07 0.00000E+00 1.15634E-07 0.00000E+00 1.36468E+03 9.39901E+02 1.66028E+01 3.78281E+02 0.00000E+00
 2.30000E+01 1.38681E+03 1.06793E-07 0.00000E+00 1.06793E-07 0.00000E+00 1.38681E+03 9.31412E+02 1.67120E+01 4.07969E+02 0.00000E+00
 2.40000E+01 1.40635E+03 1.02994E-07 0.00000E+00 1.02994E-07 0.00000E+00 1.40635E+03 9.17149E+02 1.64411E+01 4.41313E+02 0.00000E+00
 2.50000E+01 1.42402E+03 1.01341E-07 0.00000E+00 1.01341E-07 0.00000E+00 1.42402E+03 9.00762E+02 1.61532E+01 4.74984E+02 0.00000E+00
 2.60000E+01 1.44033E+03 1.00610E-07 0.00000E+00 1.00610E-07 0.00000E+00 1.44033E+03 8.82984E+02 1.58554E+01 5.08740E+02 0.00000E+00
 2.70000E+01 1.45558E+03 1.00281E-07 0.00000E+00 1.00281E-07 0.00000E+00 1.45558E+03 8.63104E+02 1.67276E+01 5.42423E+02 0.00000E+00
 2.80000E+01 1.46977E+03 1.00132E-07 0.00000E+00 1.00132E-07 0.00000E+00 1.46977E+03 8.44126E+02 1.64496E+01 5.75362E+02 0.00000E+00
 2.90000E+01 1.48266E+03 1.00062E-07 0.00000E+00 1.00062E-07 0.00000E+00 1.48266E+03 8.21951E+02 1.87133E+01 6.07711E+02 0.00000E+00
 3.00000E+01 1.49389E+03 1.00030E-07 0.00000E+00 1.00030E-07 0.00000E+00 1.49389E+03 8.01664E+02 1.83812E+01 6.39125E+02 0.00000E+00
 3.20000E+01 1.51043E+03 1.00007E-07 0.00000E+00 1.00007E-07 0.00000E+00 1.51043E+03 7.58924E+02 1.77017E+01 6.98125E+02 0.00000E+00
 3.40000E+01 1.51984E+03 1.00002E-07 0.00000E+00 1.00002E-07 0.00000E+00 1.51984E+03 7.14356E+02 1.70282E+01 7.51673E+02 0.00000E+00
 3.60000E+01 1.52507E+03 1.00000E-07 0.00000E+00 1.00000E-07 0.00000E+00 1.52507E+03 6.70240E+02 1.64139E+01 8.00512E+02 0.00000E+00
 3.80000E+01 1.52826E+03 1.00000E-07 0.00000E+00 1.00000E-07 0.00000E+00 1.52826E+03 6.33561E+02 1.24967E+01 8.43215E+02 0.00000E+00
 4.00000E+01 1.52961E+03 1.00000E-07 0.00000E+00 1.00000E-07 0.00000E+00 1.52961E+03 5.92951E+02 1.22302E+01 8.84478E+02 0.00000E+00
 4.20000E+01 1.52854E+03 1.00000E-07 0.00000E+00 1.00000E-07 0.00000E+00 1.52854E+03 5.54647E+02 1.20029E+01 9.21103E+02 0.00000E+00
 4.40000E+01 1.52503E+03 1.00000E-07 0.00000E+00 1.00000E-07 0.00000E+00 1.52503E+03 5.17562E+02 1.18071E+01 9.54135E+02 0.00000E+00
 4.60000E+01 1.51966E+03 1.00000E-07 0.00000E+00 1.00000E-07 0.00000E+00 1.51966E+03 4.82738E+02 1.15693E+01 9.83196E+02 0.00000E+00
 4.80000E+01 1.51312E+03 1.00000E-07 0.00000E+00 1.00000E-07 0.00000E+00 1.51312E+03 4.46218E+02 1.38400E+01 1.01042E+03 0.00000E+00
 5.00000E+01 1.50580E+03 1.00000E-07 0.00000E+00 1.00000E-07 0.00000E+00 1.50580E+03 4.15758E+02 1.35275E+01 1.03357E+03 0.00000E+00
 5.20000E+01 1.49784E+03 1.00000E-07 0.00000E+00 1.00000E-07 0.00000E+00 1.49784E+03 3.87334E+02 1.32237E+01 1.05421E+03 0.00000E+00
 5.40000E+01 1.48931E+03 1.00000E-07 0.00000E+00 1.00000E-07 0.00000E+00 1.48931E+03 3.60840E+02 1.29202E+01 1.07250E+03 0.00000E+00
 5.60000E+01 1.48029E+03 1.00000E-07 0.00000E+00 1.00000E-07 0.00000E+00 1.48029E+03 3.36072E+02 1.26166E+01 1.08870E+03 0.00000E+00
 5.80000E+01 1.47092E+03 1.00000E-07 0.00000E+00 1.00000E-07 0.00000E+00 1.47092E+03 3.12975E+02 1.23114E+01 1.10300E+03 0.00000E+00
 6.00000E+01 1.46135E+03 1.00000E-07 0.00000E+00 1.00000E-07 0.00000E+00 1.46135E+03 2.91418E+02 1.20047E+01 1.11570E+03 0.00000E+00
