# p + 114Sn Total cross sections
# 
# 
# # energies =   103
#     E      Non-elastic    Elastic     Total     Comp. el.   Shape el.   Reaction   Comp. nonel   Direct    Pre-equil.  Dir. Capt.
 1.00000E-11 0.00000E+00 0.00000E+00 0.00000E+00 0.00000E+00 0.00000E+00 0.00000E+00 0.00000E+00 0.00000E+00 0.00000E+00 0.00000E+00
 2.53000E-08 0.00000E+00 0.00000E+00 0.00000E+00 0.00000E+00 0.00000E+00 0.00000E+00 0.00000E+00 0.00000E+00 0.00000E+00 0.00000E+00
 2.00000E-07 0.00000E+00 0.00000E+00 0.00000E+00 0.00000E+00 0.00000E+00 0.00000E+00 0.00000E+00 0.00000E+00 0.00000E+00 0.00000E+00
 1.00000E-06 0.00000E+00 0.00000E+00 0.00000E+00 0.00000E+00 0.00000E+00 0.00000E+00 0.00000E+00 0.00000E+00 0.00000E+00 0.00000E+00
 1.00000E-05 0.00000E+00 0.00000E+00 0.00000E+00 0.00000E+00 0.00000E+00 0.00000E+00 0.00000E+00 0.00000E+00 0.00000E+00 0.00000E+00
 1.00000E-04 0.00000E+00 0.00000E+00 0.00000E+00 0.00000E+00 0.00000E+00 0.00000E+00 0.00000E+00 0.00000E+00 0.00000E+00 0.00000E+00
 1.00000E-03 0.00000E+00 0.00000E+00 0.00000E+00 0.00000E+00 0.00000E+00 0.00000E+00 0.00000E+00 0.00000E+00 0.00000E+00 0.00000E+00
 2.00000E-03 0.00000E+00 0.00000E+00 0.00000E+00 0.00000E+00 0.00000E+00 0.00000E+00 0.00000E+00 0.00000E+00 0.00000E+00 0.00000E+00
 4.00000E-03 0.00000E+00 0.00000E+00 0.00000E+00 0.00000E+00 0.00000E+00 0.00000E+00 0.00000E+00 0.00000E+00 0.00000E+00 0.00000E+00
 7.00000E-03 0.00000E+00 0.00000E+00 0.00000E+00 0.00000E+00 0.00000E+00 0.00000E+00 0.00000E+00 0.00000E+00 0.00000E+00 0.00000E+00
 1.00000E-02 0.00000E+00 0.00000E+00 0.00000E+00 0.00000E+00 0.00000E+00 0.00000E+00 0.00000E+00 0.00000E+00 0.00000E+00 0.00000E+00
 2.00000E-02 0.00000E+00 0.00000E+00 0.00000E+00 0.00000E+00 0.00000E+00 0.00000E+00 0.00000E+00 0.00000E+00 0.00000E+00 0.00000E+00
 4.00000E-02 0.00000E+00 0.00000E+00 0.00000E+00 0.00000E+00 0.00000E+00 0.00000E+00 0.00000E+00 0.00000E+00 0.00000E+00 0.00000E+00
 7.00000E-02 0.00000E+00 0.00000E+00 0.00000E+00 0.00000E+00 0.00000E+00 0.00000E+00 0.00000E+00 0.00000E+00 0.00000E+00 0.00000E+00
 1.00000E-01 0.00000E+00 0.00000E+00 0.00000E+00 0.00000E+00 0.00000E+00 0.00000E+00 0.00000E+00 0.00000E+00 0.00000E+00 0.00000E+00
 2.00000E-01 0.00000E+00 0.00000E+00 0.00000E+00 0.00000E+00 0.00000E+00 1.44336E-36 0.00000E+00 0.00000E+00 0.00000E+00 0.00000E+00
 3.00000E-01 0.00000E+00 0.00000E+00 0.00000E+00 0.00000E+00 0.00000E+00 6.49298E-28 0.00000E+00 0.00000E+00 0.00000E+00 0.00000E+00
 4.00000E-01 0.00000E+00 0.00000E+00 0.00000E+00 0.00000E+00 0.00000E+00 1.67433E-22 0.00000E+00 0.00000E+00 0.00000E+00 0.00000E+00
 5.00000E-01 0.00000E+00 0.00000E+00 0.00000E+00 0.00000E+00 0.00000E+00 5.19067E-19 0.00000E+00 0.00000E+00 0.00000E+00 0.00000E+00
 6.00000E-01 0.00000E+00 0.00000E+00 0.00000E+00 0.00000E+00 0.00000E+00 1.91537E-16 0.00000E+00 0.00000E+00 0.00000E+00 0.00000E+00
 7.00000E-01 0.00000E+00 0.00000E+00 0.00000E+00 0.00000E+00 0.00000E+00 1.86163E-14 0.00000E+00 0.00000E+00 0.00000E+00 0.00000E+00
 8.00000E-01 0.00000E+00 0.00000E+00 0.00000E+00 0.00000E+00 0.00000E+00 7.35086E-13 0.00000E+00 0.00000E+00 0.00000E+00 0.00000E+00
 9.00000E-01 0.00000E+00 0.00000E+00 0.00000E+00 0.00000E+00 0.00000E+00 1.52807E-11 0.00000E+00 0.00000E+00 0.00000E+00 0.00000E+00
 1.00000E+00 0.00000E+00 0.00000E+00 0.00000E+00 0.00000E+00 0.00000E+00 1.97354E-10 0.00000E+00 0.00000E+00 0.00000E+00 0.00000E+00
 1.20000E+00 0.00000E+00 0.00000E+00 0.00000E+00 0.00000E+00 0.00000E+00 1.19269E-08 0.00000E+00 0.00000E+00 0.00000E+00 0.00000E+00
 1.40000E+00 0.00000E+00 0.00000E+00 0.00000E+00 0.00000E+00 0.00000E+00 2.83382E-07 0.00000E+00 0.00000E+00 0.00000E+00 0.00000E+00
 1.60000E+00 0.00000E+00 0.00000E+00 0.00000E+00 0.00000E+00 0.00000E+00 3.58775E-06 0.00000E+00 0.00000E+00 0.00000E+00 0.00000E+00
 1.80000E+00 2.90132E-05 1.12287E-08 0.00000E+00 1.12287E-08 0.00000E+00 2.90244E-05 2.90132E-05 6.02712E-29 0.00000E+00 0.00000E+00
 2.00000E+00 1.68222E-04 2.52799E-07 0.00000E+00 2.52799E-07 0.00000E+00 1.68475E-04 1.68222E-04 2.33953E-23 0.00000E+00 0.00000E+00
 2.20000E+00 7.54940E-04 3.67447E-06 0.00000E+00 3.67447E-06 0.00000E+00 7.58615E-04 7.54940E-04 1.24087E-19 0.00000E+00 0.00000E+00
 2.40000E+00 2.76073E-03 3.77438E-05 0.00000E+00 3.77438E-05 0.00000E+00 2.79847E-03 2.76073E-03 6.74394E-17 0.00000E+00 0.00000E+00
 2.60000E+00 8.52273E-03 2.75125E-04 0.00000E+00 2.75125E-04 0.00000E+00 8.79786E-03 8.52273E-03 9.08749E-15 0.00000E+00 0.00000E+00
 2.80000E+00 2.27632E-02 1.51006E-03 0.00000E+00 1.51006E-03 0.00000E+00 2.42733E-02 2.27632E-02 4.81226E-13 0.00000E+00 0.00000E+00
 3.00000E+00 5.36317E-02 6.46641E-03 0.00000E+00 6.46641E-03 0.00000E+00 6.00981E-02 5.36317E-02 1.31003E-11 0.00000E+00 0.00000E+00
 3.20000E+00 1.13416E-01 2.24367E-02 0.00000E+00 2.24367E-02 0.00000E+00 1.35853E-01 1.13414E-01 2.05823E-06 0.00000E+00 0.00000E+00
 3.40000E+00 2.19002E-01 6.52210E-02 0.00000E+00 6.52210E-02 0.00000E+00 2.84223E-01 2.19000E-01 2.41247E-06 0.00000E+00 0.00000E+00
 3.60000E+00 3.92461E-01 1.63874E-01 0.00000E+00 1.63874E-01 0.00000E+00 5.56335E-01 3.92457E-01 3.98092E-06 0.00000E+00 0.00000E+00
 3.80000E+00 6.62174E-01 3.65596E-01 0.00000E+00 3.65596E-01 0.00000E+00 1.02777E+00 6.62166E-01 7.58902E-06 0.00000E+00 0.00000E+00
 4.00000E+00 1.06462E+00 7.40204E-01 0.00000E+00 7.40204E-01 0.00000E+00 1.80482E+00 1.06460E+00 1.39346E-05 0.00000E+00 0.00000E+00
 4.20000E+00 1.64660E+00 1.38326E+00 0.00000E+00 1.38326E+00 0.00000E+00 3.02986E+00 1.64657E+00 2.85290E-05 0.00000E+00 0.00000E+00
 4.40000E+00 2.46842E+00 2.41731E+00 0.00000E+00 2.41731E+00 0.00000E+00 4.88573E+00 2.46834E+00 5.64202E-05 2.35559E-05 0.00000E+00
 4.60000E+00 3.60717E+00 3.98941E+00 0.00000E+00 3.98941E+00 0.00000E+00 7.59658E+00 3.60702E+00 1.15565E-04 4.13428E-05 0.00000E+00
 4.80000E+00 5.16189E+00 6.26241E+00 0.00000E+00 6.26241E+00 0.00000E+00 1.14243E+01 5.16157E+00 2.55094E-04 7.23202E-05 0.00000E+00
 5.00000E+00 7.25873E+00 9.39967E+00 0.00000E+00 9.39967E+00 0.00000E+00 1.66584E+01 7.25805E+00 5.60767E-04 1.09827E-04 0.00000E+00
 5.20000E+00 1.00565E+01 1.35413E+01 0.00000E+00 1.35413E+01 0.00000E+00 2.35978E+01 1.00551E+01 1.26619E-03 1.81582E-04 0.00000E+00
 5.40000E+00 1.37591E+01 1.87654E+01 0.00000E+00 1.87654E+01 0.00000E+00 3.25245E+01 1.37561E+01 2.73359E-03 2.76986E-04 0.00000E+00
 5.60000E+00 1.86303E+01 2.50391E+01 0.00000E+00 2.50391E+01 0.00000E+00 4.36694E+01 1.86242E+01 5.72447E-03 4.13103E-04 0.00000E+00
 5.80000E+00 2.48824E+01 3.22952E+01 0.00000E+00 3.22952E+01 0.00000E+00 5.71776E+01 2.48703E+01 1.14915E-02 6.29560E-04 0.00000E+00
 6.00000E+00 3.29550E+01 4.01230E+01 0.00000E+00 4.01230E+01 0.00000E+00 7.30780E+01 3.29322E+01 2.18979E-02 8.48412E-04 0.00000E+00
 6.20000E+00 4.31293E+01 4.81388E+01 0.00000E+00 4.81388E+01 0.00000E+00 9.12681E+01 4.30882E+01 3.99162E-02 1.23064E-03 0.00000E+00
 6.40000E+00 5.56991E+01 5.58209E+01 0.00000E+00 5.58209E+01 0.00000E+00 1.11520E+02 5.56283E+01 6.90651E-02 1.71989E-03 0.00000E+00
 6.60000E+00 7.11590E+01 6.23520E+01 0.00000E+00 6.23520E+01 0.00000E+00 1.33511E+02 7.10425E+01 1.14141E-01 2.37467E-03 0.00000E+00
 6.80000E+00 8.94770E+01 6.73910E+01 0.00000E+00 6.73910E+01 0.00000E+00 1.56868E+02 8.92930E+01 1.80527E-01 3.48100E-03 0.00000E+00
 7.00000E+00 1.21068E+02 6.01490E+01 0.00000E+00 6.01490E+01 0.00000E+00 1.81217E+02 1.20790E+02 2.73437E-01 4.87077E-03 0.00000E+00
 7.20000E+00 1.65845E+02 4.03835E+01 0.00000E+00 4.03835E+01 0.00000E+00 2.06228E+02 1.65438E+02 3.98833E-01 7.34195E-03 0.00000E+00
 7.40000E+00 2.00656E+02 3.09857E+01 0.00000E+00 3.09857E+01 0.00000E+00 2.31642E+02 2.00084E+02 5.60350E-01 1.08411E-02 0.00000E+00
 7.60000E+00 2.31941E+02 2.53322E+01 0.00000E+00 2.53322E+01 0.00000E+00 2.57273E+02 2.31159E+02 7.62065E-01 1.85583E-02 0.00000E+00
 7.80000E+00 2.61959E+02 2.10418E+01 0.00000E+00 2.10418E+01 0.00000E+00 2.83001E+02 2.60905E+02 1.00672E+00 4.51971E-02 0.00000E+00
 8.00000E+00 2.91255E+02 1.75045E+01 0.00000E+00 1.75045E+01 0.00000E+00 3.08759E+02 2.89859E+02 1.29478E+00 9.74208E-02 0.00000E+00
 8.50000E+00 3.67811E+02 5.24479E+00 0.00000E+00 5.24479E+00 0.00000E+00 3.73056E+02 3.65215E+02 2.21445E+00 3.70717E-01 0.00000E+00
 9.00000E+00 4.33911E+02 3.02030E+00 0.00000E+00 3.02030E+00 0.00000E+00 4.36931E+02 4.29490E+02 3.42464E+00 9.68373E-01 0.00000E+00
 9.50000E+00 4.98329E+02 1.68513E+00 0.00000E+00 1.68513E+00 0.00000E+00 5.00014E+02 4.91274E+02 4.92629E+00 2.06950E+00 0.00000E+00
 1.00000E+01 5.61059E+02 9.16464E-01 0.00000E+00 9.16464E-01 0.00000E+00 5.61975E+02 5.50515E+02 6.69749E+00 3.73797E+00 0.00000E+00
 1.05000E+01 6.22185E+02 4.87009E-01 0.00000E+00 4.87009E-01 0.00000E+00 6.22672E+02 6.07078E+02 8.69430E+00 6.23571E+00 0.00000E+00
 1.10000E+01 6.81792E+02 2.53700E-01 0.00000E+00 2.53700E-01 0.00000E+00 6.82046E+02 6.61170E+02 1.08636E+01 9.48693E+00 0.00000E+00
 1.15000E+01 7.39741E+02 1.30849E-01 0.00000E+00 1.30849E-01 0.00000E+00 7.39872E+02 7.12165E+02 1.33458E+01 1.38209E+01 0.00000E+00
 1.20000E+01 7.95507E+02 6.76190E-02 0.00000E+00 6.76190E-02 0.00000E+00 7.95575E+02 7.60132E+02 1.57155E+01 1.90380E+01 0.00000E+00
 1.25000E+01 8.48251E+02 3.52105E-02 0.00000E+00 3.52105E-02 0.00000E+00 8.48286E+02 8.03968E+02 1.80594E+01 2.52741E+01 0.00000E+00
 1.30000E+01 8.97070E+02 1.85224E-02 0.00000E+00 1.85224E-02 0.00000E+00 8.97089E+02 8.42825E+02 2.03216E+01 3.25044E+01 0.00000E+00
 1.35000E+01 9.41322E+02 9.84349E-03 0.00000E+00 9.84349E-03 0.00000E+00 9.41332E+02 8.76173E+02 2.24693E+01 4.06617E+01 0.00000E+00
 1.40000E+01 9.80809E+02 5.28226E-03 0.00000E+00 5.28226E-03 0.00000E+00 9.80814E+02 9.04029E+02 2.44282E+01 4.96642E+01 0.00000E+00
 1.45000E+01 1.01580E+03 2.86233E-03 0.00000E+00 2.86233E-03 0.00000E+00 1.01580E+03 9.27320E+02 2.59455E+01 5.91768E+01 0.00000E+00
 1.50000E+01 1.04689E+03 1.56448E-03 0.00000E+00 1.56448E-03 0.00000E+00 1.04689E+03 9.45723E+02 2.75066E+01 6.96865E+01 0.00000E+00
 1.60000E+01 1.10042E+03 4.80875E-04 0.00000E+00 4.80875E-04 0.00000E+00 1.10042E+03 9.72618E+02 3.00463E+01 9.27473E+01 0.00000E+00
 1.70000E+01 1.14676E+03 1.54013E-04 0.00000E+00 1.54013E-04 0.00000E+00 1.14676E+03 9.90323E+02 3.19253E+01 1.18682E+02 0.00000E+00
 1.80000E+01 1.18889E+03 5.15006E-05 0.00000E+00 5.15006E-05 0.00000E+00 1.18889E+03 1.00144E+03 3.32836E+01 1.47642E+02 0.00000E+00
 1.90000E+01 1.22752E+03 1.79671E-05 0.00000E+00 1.79671E-05 0.00000E+00 1.22752E+03 1.00636E+03 3.42686E+01 1.79736E+02 0.00000E+00
 2.00000E+01 1.26244E+03 6.52745E-06 0.00000E+00 6.52745E-06 0.00000E+00 1.26244E+03 1.00364E+03 3.49314E+01 2.16112E+02 0.00000E+00
 2.10000E+01 1.29344E+03 2.49074E-06 0.00000E+00 2.49074E-06 0.00000E+00 1.29344E+03 9.96573E+02 3.53401E+01 2.53178E+02 0.00000E+00
 2.20000E+01 1.32052E+03 1.01566E-06 0.00000E+00 1.01566E-06 0.00000E+00 1.32052E+03 9.85552E+02 3.55803E+01 2.90453E+02 0.00000E+00
 2.30000E+01 1.34383E+03 4.61879E-07 0.00000E+00 4.61879E-07 0.00000E+00 1.34383E+03 9.75251E+02 3.56726E+01 3.23403E+02 0.00000E+00
 2.40000E+01 1.36365E+03 2.46712E-07 0.00000E+00 2.46712E-07 0.00000E+00 1.36365E+03 9.62612E+02 3.56658E+01 3.55331E+02 0.00000E+00
 2.50000E+01 1.38053E+03 1.60658E-07 0.00000E+00 1.60658E-07 0.00000E+00 1.38053E+03 9.44471E+02 3.56091E+01 3.89897E+02 0.00000E+00
 2.60000E+01 1.39519E+03 1.25604E-07 0.00000E+00 1.25604E-07 0.00000E+00 1.39519E+03 9.24416E+02 3.55318E+01 4.24193E+02 0.00000E+00
 2.70000E+01 1.40836E+03 1.11030E-07 0.00000E+00 1.11030E-07 0.00000E+00 1.40836E+03 9.03141E+02 3.54590E+01 4.58230E+02 0.00000E+00
 2.80000E+01 1.42055E+03 1.04838E-07 0.00000E+00 1.04838E-07 0.00000E+00 1.42055E+03 8.80915E+02 3.57515E+01 4.91906E+02 0.00000E+00
 2.90000E+01 1.43199E+03 1.02162E-07 0.00000E+00 1.02162E-07 0.00000E+00 1.43199E+03 8.58741E+02 3.56613E+01 5.25207E+02 0.00000E+00
 3.00000E+01 1.44258E+03 1.00981E-07 0.00000E+00 1.00981E-07 0.00000E+00 1.44258E+03 8.34694E+02 3.64152E+01 5.58716E+02 0.00000E+00
 3.20000E+01 1.46001E+03 1.00212E-07 0.00000E+00 1.00212E-07 0.00000E+00 1.46001E+03 7.88685E+02 3.63074E+01 6.21469E+02 0.00000E+00
 3.40000E+01 1.47087E+03 1.00048E-07 0.00000E+00 1.00048E-07 0.00000E+00 1.47087E+03 7.40960E+02 3.61373E+01 6.79245E+02 0.00000E+00
 3.60000E+01 1.47590E+03 1.00011E-07 0.00000E+00 1.00011E-07 0.00000E+00 1.47590E+03 6.92342E+02 3.64617E+01 7.31496E+02 0.00000E+00
 3.80000E+01 1.47757E+03 1.00003E-07 0.00000E+00 1.00003E-07 0.00000E+00 1.47757E+03 6.45949E+02 3.61685E+01 7.78768E+02 0.00000E+00
 4.00000E+01 1.47752E+03 1.00001E-07 0.00000E+00 1.00001E-07 0.00000E+00 1.47752E+03 6.01784E+02 3.59073E+01 8.22109E+02 0.00000E+00
 4.20000E+01 1.47595E+03 1.00000E-07 0.00000E+00 1.00000E-07 0.00000E+00 1.47595E+03 5.60681E+02 3.56533E+01 8.60982E+02 0.00000E+00
 4.40000E+01 1.47256E+03 1.00000E-07 0.00000E+00 1.00000E-07 0.00000E+00 1.47256E+03 5.21851E+02 3.53702E+01 8.95896E+02 0.00000E+00
 4.60000E+01 1.46738E+03 1.00000E-07 0.00000E+00 1.00000E-07 0.00000E+00 1.46738E+03 4.84811E+02 3.50288E+01 9.27355E+02 0.00000E+00
 4.80000E+01 1.46083E+03 1.00000E-07 0.00000E+00 1.00000E-07 0.00000E+00 1.46083E+03 4.50293E+02 3.46049E+01 9.55071E+02 0.00000E+00
 5.00000E+01 1.45337E+03 1.00000E-07 0.00000E+00 1.00000E-07 0.00000E+00 1.45337E+03 4.17748E+02 3.51739E+01 9.79015E+02 0.00000E+00
 5.20000E+01 1.44534E+03 1.00000E-07 0.00000E+00 1.00000E-07 0.00000E+00 1.44534E+03 3.87682E+02 3.46268E+01 1.00117E+03 0.00000E+00
 5.40000E+01 1.43687E+03 1.00000E-07 0.00000E+00 1.00000E-07 0.00000E+00 1.43687E+03 3.59797E+02 3.40206E+01 1.02092E+03 0.00000E+00
 5.60000E+01 1.42805E+03 1.00000E-07 0.00000E+00 1.00000E-07 0.00000E+00 1.42805E+03 3.33901E+02 3.33643E+01 1.03849E+03 0.00000E+00
 5.80000E+01 1.41893E+03 1.00000E-07 0.00000E+00 1.00000E-07 0.00000E+00 1.41893E+03 3.09827E+02 3.26695E+01 1.05406E+03 0.00000E+00
 6.00000E+01 1.40962E+03 1.00000E-07 0.00000E+00 1.00000E-07 0.00000E+00 1.40962E+03 2.87422E+02 3.19410E+01 1.06790E+03 0.00000E+00
