# p + 122Sn Total cross sections
# 
# 
# # energies =   103
#     E      Non-elastic    Elastic     Total     Comp. el.   Shape el.   Reaction   Comp. nonel   Direct    Pre-equil.  Dir. Capt.
 1.00000E-11 0.00000E+00 0.00000E+00 0.00000E+00 0.00000E+00 0.00000E+00 0.00000E+00 0.00000E+00 0.00000E+00 0.00000E+00 0.00000E+00
 2.53000E-08 0.00000E+00 0.00000E+00 0.00000E+00 0.00000E+00 0.00000E+00 0.00000E+00 0.00000E+00 0.00000E+00 0.00000E+00 0.00000E+00
 2.00000E-07 0.00000E+00 0.00000E+00 0.00000E+00 0.00000E+00 0.00000E+00 0.00000E+00 0.00000E+00 0.00000E+00 0.00000E+00 0.00000E+00
 1.00000E-06 0.00000E+00 0.00000E+00 0.00000E+00 0.00000E+00 0.00000E+00 0.00000E+00 0.00000E+00 0.00000E+00 0.00000E+00 0.00000E+00
 1.00000E-05 0.00000E+00 0.00000E+00 0.00000E+00 0.00000E+00 0.00000E+00 0.00000E+00 0.00000E+00 0.00000E+00 0.00000E+00 0.00000E+00
 1.00000E-04 0.00000E+00 0.00000E+00 0.00000E+00 0.00000E+00 0.00000E+00 0.00000E+00 0.00000E+00 0.00000E+00 0.00000E+00 0.00000E+00
 1.00000E-03 0.00000E+00 0.00000E+00 0.00000E+00 0.00000E+00 0.00000E+00 0.00000E+00 0.00000E+00 0.00000E+00 0.00000E+00 0.00000E+00
 2.00000E-03 0.00000E+00 0.00000E+00 0.00000E+00 0.00000E+00 0.00000E+00 0.00000E+00 0.00000E+00 0.00000E+00 0.00000E+00 0.00000E+00
 4.00000E-03 0.00000E+00 0.00000E+00 0.00000E+00 0.00000E+00 0.00000E+00 0.00000E+00 0.00000E+00 0.00000E+00 0.00000E+00 0.00000E+00
 7.00000E-03 0.00000E+00 0.00000E+00 0.00000E+00 0.00000E+00 0.00000E+00 0.00000E+00 0.00000E+00 0.00000E+00 0.00000E+00 0.00000E+00
 1.00000E-02 0.00000E+00 0.00000E+00 0.00000E+00 0.00000E+00 0.00000E+00 0.00000E+00 0.00000E+00 0.00000E+00 0.00000E+00 0.00000E+00
 2.00000E-02 0.00000E+00 0.00000E+00 0.00000E+00 0.00000E+00 0.00000E+00 0.00000E+00 0.00000E+00 0.00000E+00 0.00000E+00 0.00000E+00
 4.00000E-02 0.00000E+00 0.00000E+00 0.00000E+00 0.00000E+00 0.00000E+00 0.00000E+00 0.00000E+00 0.00000E+00 0.00000E+00 0.00000E+00
 7.00000E-02 0.00000E+00 0.00000E+00 0.00000E+00 0.00000E+00 0.00000E+00 0.00000E+00 0.00000E+00 0.00000E+00 0.00000E+00 0.00000E+00
 1.00000E-01 0.00000E+00 0.00000E+00 0.00000E+00 0.00000E+00 0.00000E+00 0.00000E+00 0.00000E+00 0.00000E+00 0.00000E+00 0.00000E+00
 2.00000E-01 0.00000E+00 0.00000E+00 0.00000E+00 0.00000E+00 0.00000E+00 1.31483E-36 0.00000E+00 0.00000E+00 0.00000E+00 0.00000E+00
 3.00000E-01 0.00000E+00 0.00000E+00 0.00000E+00 0.00000E+00 0.00000E+00 6.07755E-28 0.00000E+00 0.00000E+00 0.00000E+00 0.00000E+00
 4.00000E-01 0.00000E+00 0.00000E+00 0.00000E+00 0.00000E+00 0.00000E+00 2.19242E-22 0.00000E+00 0.00000E+00 0.00000E+00 0.00000E+00
 5.00000E-01 0.00000E+00 0.00000E+00 0.00000E+00 0.00000E+00 0.00000E+00 6.93505E-19 0.00000E+00 0.00000E+00 0.00000E+00 0.00000E+00
 6.00000E-01 0.00000E+00 0.00000E+00 0.00000E+00 0.00000E+00 0.00000E+00 2.60863E-16 0.00000E+00 0.00000E+00 0.00000E+00 0.00000E+00
 7.00000E-01 0.00000E+00 0.00000E+00 0.00000E+00 0.00000E+00 0.00000E+00 2.58229E-14 0.00000E+00 0.00000E+00 0.00000E+00 0.00000E+00
 8.00000E-01 0.00000E+00 0.00000E+00 0.00000E+00 0.00000E+00 0.00000E+00 1.03753E-12 0.00000E+00 0.00000E+00 0.00000E+00 0.00000E+00
 9.00000E-01 0.00000E+00 0.00000E+00 0.00000E+00 0.00000E+00 0.00000E+00 2.19271E-11 0.00000E+00 0.00000E+00 0.00000E+00 0.00000E+00
 1.00000E+00 0.00000E+00 0.00000E+00 0.00000E+00 0.00000E+00 0.00000E+00 2.87669E-10 0.00000E+00 0.00000E+00 0.00000E+00 0.00000E+00
 1.20000E+00 0.00000E+00 0.00000E+00 0.00000E+00 0.00000E+00 0.00000E+00 1.78937E-08 0.00000E+00 0.00000E+00 0.00000E+00 0.00000E+00
 1.40000E+00 0.00000E+00 0.00000E+00 0.00000E+00 0.00000E+00 0.00000E+00 4.36165E-07 0.00000E+00 0.00000E+00 0.00000E+00 0.00000E+00
 1.60000E+00 0.00000E+00 0.00000E+00 0.00000E+00 0.00000E+00 0.00000E+00 5.64724E-06 0.00000E+00 0.00000E+00 0.00000E+00 0.00000E+00
 1.80000E+00 4.65656E-05 2.34826E-10 0.00000E+00 2.34826E-10 0.00000E+00 4.65658E-05 4.65656E-05 1.30780E-24 0.00000E+00 0.00000E+00
 2.00000E+00 2.74621E-04 6.05801E-09 0.00000E+00 6.05801E-09 0.00000E+00 2.74627E-04 2.74621E-04 1.60074E-20 0.00000E+00 0.00000E+00
 2.20000E+00 1.25219E-03 9.55347E-08 0.00000E+00 9.55347E-08 0.00000E+00 1.25229E-03 1.25219E-03 1.47169E-17 0.00000E+00 0.00000E+00
 2.40000E+00 4.66151E-03 1.07325E-06 0.00000E+00 1.07325E-06 0.00000E+00 4.66258E-03 4.66151E-03 2.85098E-15 0.00000E+00 0.00000E+00
 2.60000E+00 1.47418E-02 2.04784E-06 0.00000E+00 2.04784E-06 0.00000E+00 1.47438E-02 1.47418E-02 1.96746E-13 0.00000E+00 0.00000E+00
 2.80000E+00 4.07678E-02 3.23024E-06 0.00000E+00 3.23024E-06 0.00000E+00 4.07710E-02 4.07678E-02 6.53873E-12 0.00000E+00 0.00000E+00
 3.00000E+00 1.00797E-01 6.85861E-06 0.00000E+00 6.85861E-06 0.00000E+00 1.00804E-01 1.00797E-01 1.26318E-10 0.00000E+00 0.00000E+00
 3.20000E+00 2.26679E-01 1.70357E-05 0.00000E+00 1.70357E-05 0.00000E+00 2.26696E-01 2.26659E-01 5.43299E-06 1.49909E-05 0.00000E+00
 3.40000E+00 4.69956E-01 4.25232E-05 0.00000E+00 4.25232E-05 0.00000E+00 4.69999E-01 4.69860E-01 1.08261E-05 8.59135E-05 0.00000E+00
 3.60000E+00 9.07968E-01 1.02334E-04 0.00000E+00 1.02334E-04 0.00000E+00 9.08070E-01 9.07610E-01 2.28304E-05 3.35278E-04 0.00000E+00
 3.80000E+00 1.64880E+00 2.31415E-04 0.00000E+00 2.31415E-04 0.00000E+00 1.64903E+00 1.64772E+00 4.12055E-05 1.03817E-03 0.00000E+00
 4.00000E+00 2.83425E+00 4.86914E-04 0.00000E+00 4.86914E-04 0.00000E+00 2.83474E+00 2.83143E+00 8.01580E-05 2.74581E-03 0.00000E+00
 4.20000E+00 4.63879E+00 9.51382E-04 0.00000E+00 9.51382E-04 0.00000E+00 4.63974E+00 4.63217E+00 1.53593E-04 6.46442E-03 0.00000E+00
 4.40000E+00 7.26388E+00 1.72927E-03 0.00000E+00 1.72927E-03 0.00000E+00 7.26561E+00 7.24979E+00 2.85041E-04 1.38100E-02 0.00000E+00
 4.60000E+00 1.09271E+01 2.93247E-03 0.00000E+00 2.93247E-03 0.00000E+00 1.09300E+01 1.08993E+01 5.36424E-04 2.72793E-02 0.00000E+00
 4.80000E+00 1.58466E+01 4.65359E-03 0.00000E+00 4.65359E-03 0.00000E+00 1.58513E+01 1.57954E+01 9.31371E-04 5.03042E-02 0.00000E+00
 5.00000E+00 2.22232E+01 6.93093E-03 0.00000E+00 6.93093E-03 0.00000E+00 2.22301E+01 2.21331E+01 1.75386E-03 8.83024E-02 0.00000E+00
 5.20000E+00 3.02218E+01 9.71816E-03 0.00000E+00 9.71816E-03 0.00000E+00 3.02315E+01 3.00736E+01 3.28721E-03 1.44850E-01 0.00000E+00
 5.40000E+00 3.99578E+01 1.28664E-02 0.00000E+00 1.28664E-02 0.00000E+00 3.99707E+01 3.97240E+01 5.98732E-03 2.27801E-01 0.00000E+00
 5.60000E+00 5.14897E+01 1.61369E-02 0.00000E+00 1.61369E-02 0.00000E+00 5.15058E+01 5.11348E+01 1.05273E-02 3.44329E-01 0.00000E+00
 5.80000E+00 6.48205E+01 1.92398E-02 0.00000E+00 1.92398E-02 0.00000E+00 6.48397E+01 6.43003E+01 1.79735E-02 5.02146E-01 0.00000E+00
 6.00000E+00 7.99074E+01 2.18899E-02 0.00000E+00 2.18899E-02 0.00000E+00 7.99293E+01 7.91681E+01 3.00781E-02 7.09249E-01 0.00000E+00
 6.20000E+00 9.66767E+01 2.38633E-02 0.00000E+00 2.38633E-02 0.00000E+00 9.67006E+01 9.56537E+01 4.85173E-02 9.74508E-01 0.00000E+00
 6.40000E+00 1.15040E+02 2.50311E-02 0.00000E+00 2.50311E-02 0.00000E+00 1.15065E+02 1.13659E+02 7.56272E-02 1.30578E+00 0.00000E+00
 6.60000E+00 1.34906E+02 2.53725E-02 0.00000E+00 2.53725E-02 0.00000E+00 1.34931E+02 1.33080E+02 1.13431E-01 1.71230E+00 0.00000E+00
 6.80000E+00 1.56193E+02 2.49592E-02 0.00000E+00 2.49592E-02 0.00000E+00 1.56218E+02 1.53824E+02 1.65458E-01 2.20307E+00 0.00000E+00
 7.00000E+00 1.78826E+02 2.39104E-02 0.00000E+00 2.39104E-02 0.00000E+00 1.78850E+02 1.75713E+02 2.89196E-01 2.82325E+00 0.00000E+00
 7.20000E+00 2.02736E+02 2.24205E-02 0.00000E+00 2.24205E-02 0.00000E+00 2.02758E+02 1.98919E+02 3.35730E-01 3.48024E+00 0.00000E+00
 7.40000E+00 2.27854E+02 2.06209E-02 0.00000E+00 2.06209E-02 0.00000E+00 2.27875E+02 2.23200E+02 4.52883E-01 4.19978E+00 0.00000E+00
 7.60000E+00 2.54104E+02 1.86377E-02 0.00000E+00 1.86377E-02 0.00000E+00 2.54123E+02 2.48232E+02 6.61183E-01 5.20898E+00 0.00000E+00
 7.80000E+00 2.81396E+02 1.66230E-02 0.00000E+00 1.66230E-02 0.00000E+00 2.81413E+02 2.74403E+02 8.03061E-01 6.18599E+00 0.00000E+00
 8.00000E+00 3.09610E+02 1.46258E-02 0.00000E+00 1.46258E-02 0.00000E+00 3.09625E+02 3.01036E+02 1.13461E+00 7.43246E+00 0.00000E+00
 8.50000E+00 3.83378E+02 1.01783E-02 0.00000E+00 1.01783E-02 0.00000E+00 3.83388E+02 3.70368E+02 2.01921E+00 1.09692E+01 0.00000E+00
 9.00000E+00 4.59814E+02 6.74693E-03 0.00000E+00 6.74693E-03 0.00000E+00 4.59821E+02 4.41014E+02 3.34162E+00 1.54068E+01 0.00000E+00
 9.50000E+00 5.36561E+02 4.31167E-03 0.00000E+00 4.31167E-03 0.00000E+00 5.36565E+02 5.10567E+02 5.14018E+00 2.07508E+01 0.00000E+00
 1.00000E+01 6.11729E+02 2.67934E-03 0.00000E+00 2.67934E-03 0.00000E+00 6.11732E+02 5.77166E+02 7.40445E+00 2.69792E+01 0.00000E+00
 1.05000E+01 6.83986E+02 1.63201E-03 0.00000E+00 1.63201E-03 0.00000E+00 6.83988E+02 6.39642E+02 1.00016E+01 3.40582E+01 0.00000E+00
 1.10000E+01 7.52296E+02 9.81354E-04 0.00000E+00 9.81354E-04 0.00000E+00 7.52297E+02 6.97102E+02 1.28228E+01 4.19406E+01 0.00000E+00
 1.15000E+01 8.15715E+02 2.75949E-04 0.00000E+00 2.75949E-04 0.00000E+00 8.15715E+02 7.48794E+02 1.57239E+01 5.05595E+01 0.00000E+00
 1.20000E+01 8.73455E+02 1.64235E-04 0.00000E+00 1.64235E-04 0.00000E+00 8.73455E+02 7.94129E+02 1.85691E+01 5.98292E+01 0.00000E+00
 1.25000E+01 9.25110E+02 9.76408E-05 0.00000E+00 9.76408E-05 0.00000E+00 9.25110E+02 8.32884E+02 2.12517E+01 6.96625E+01 0.00000E+00
 1.30000E+01 9.70815E+02 5.80633E-05 0.00000E+00 5.80633E-05 0.00000E+00 9.70815E+02 8.65351E+02 2.37058E+01 7.99865E+01 0.00000E+00
 1.35000E+01 1.01122E+03 3.45957E-05 0.00000E+00 3.45957E-05 0.00000E+00 1.01122E+03 8.92745E+02 2.57332E+01 9.04657E+01 0.00000E+00
 1.40000E+01 1.04729E+03 2.06595E-05 0.00000E+00 2.06595E-05 0.00000E+00 1.04729E+03 9.15076E+02 2.76660E+01 1.01756E+02 0.00000E+00
 1.45000E+01 1.08008E+03 1.23950E-05 0.00000E+00 1.23950E-05 0.00000E+00 1.08008E+03 9.33810E+02 2.93534E+01 1.13613E+02 0.00000E+00
 1.50000E+01 1.11048E+03 7.48779E-06 0.00000E+00 7.48779E-06 0.00000E+00 1.11048E+03 9.49761E+02 3.08098E+01 1.26103E+02 0.00000E+00
 1.60000E+01 1.16643E+03 2.81747E-06 0.00000E+00 2.81747E-06 0.00000E+00 1.16643E+03 9.75321E+02 3.31503E+01 1.53179E+02 0.00000E+00
 1.70000E+01 1.21724E+03 1.12809E-06 0.00000E+00 1.12809E-06 0.00000E+00 1.21724E+03 9.93613E+02 3.49232E+01 1.83021E+02 0.00000E+00
 1.80000E+01 1.26259E+03 4.99745E-07 0.00000E+00 4.99745E-07 0.00000E+00 1.26259E+03 1.00455E+03 3.62738E+01 2.15288E+02 0.00000E+00
 1.90000E+01 1.30199E+03 2.59077E-07 0.00000E+00 2.59077E-07 0.00000E+00 1.30199E+03 1.00726E+03 3.73421E+01 2.50208E+02 0.00000E+00
 2.00000E+01 1.33570E+03 1.64519E-07 0.00000E+00 1.64519E-07 0.00000E+00 1.33570E+03 1.00133E+03 3.81183E+01 2.88457E+02 0.00000E+00
 2.10000E+01 1.36460E+03 1.26769E-07 0.00000E+00 1.26769E-07 0.00000E+00 1.36460E+03 9.93079E+02 3.86310E+01 3.24527E+02 0.00000E+00
 2.20000E+01 1.38974E+03 1.11335E-07 0.00000E+00 1.11335E-07 0.00000E+00 1.38974E+03 9.82015E+02 3.89375E+01 3.59881E+02 0.00000E+00
 2.30000E+01 1.41209E+03 1.04917E-07 0.00000E+00 1.04917E-07 0.00000E+00 1.41209E+03 9.73346E+02 3.90964E+01 3.90211E+02 0.00000E+00
 2.40000E+01 1.43240E+03 1.02168E-07 0.00000E+00 1.02168E-07 0.00000E+00 1.43240E+03 9.60625E+02 3.91620E+01 4.22652E+02 0.00000E+00
 2.50000E+01 1.45119E+03 1.00971E-07 0.00000E+00 1.00971E-07 0.00000E+00 1.45119E+03 9.44808E+02 3.91702E+01 4.56728E+02 0.00000E+00
 2.60000E+01 1.46869E+03 1.00442E-07 0.00000E+00 1.00442E-07 0.00000E+00 1.46869E+03 9.27961E+02 3.91417E+01 4.90605E+02 0.00000E+00
 2.70000E+01 1.48493E+03 1.00205E-07 0.00000E+00 1.00205E-07 0.00000E+00 1.48493E+03 9.10234E+02 3.90822E+01 5.24183E+02 0.00000E+00
 2.80000E+01 1.49970E+03 1.00096E-07 0.00000E+00 1.00096E-07 0.00000E+00 1.49970E+03 8.91718E+02 3.89910E+01 5.57173E+02 0.00000E+00
 2.90000E+01 1.51265E+03 1.00046E-07 0.00000E+00 1.00046E-07 0.00000E+00 1.51265E+03 8.73097E+02 3.88932E+01 5.88490E+02 0.00000E+00
 3.00000E+01 1.52349E+03 1.00022E-07 0.00000E+00 1.00022E-07 0.00000E+00 1.52349E+03 8.52447E+02 3.87836E+01 6.19730E+02 0.00000E+00
 3.20000E+01 1.53886E+03 1.00005E-07 0.00000E+00 1.00005E-07 0.00000E+00 1.53886E+03 8.08557E+02 3.85371E+01 6.78375E+02 0.00000E+00
 3.40000E+01 1.54808E+03 1.00001E-07 0.00000E+00 1.00001E-07 0.00000E+00 1.54808E+03 7.63164E+02 3.83401E+01 7.32163E+02 0.00000E+00
 3.60000E+01 1.55428E+03 1.00000E-07 0.00000E+00 1.00000E-07 0.00000E+00 1.55428E+03 7.18679E+02 3.82178E+01 7.81915E+02 0.00000E+00
 3.80000E+01 1.55859E+03 1.00000E-07 0.00000E+00 1.00000E-07 0.00000E+00 1.55859E+03 6.76123E+02 3.81890E+01 8.27796E+02 0.00000E+00
 4.00000E+01 1.56041E+03 1.00000E-07 0.00000E+00 1.00000E-07 0.00000E+00 1.56041E+03 6.34973E+02 3.81998E+01 8.69839E+02 0.00000E+00
 4.20000E+01 1.55927E+03 1.00000E-07 0.00000E+00 1.00000E-07 0.00000E+00 1.55927E+03 5.95959E+02 3.81444E+01 9.06897E+02 0.00000E+00
 4.40000E+01 1.55560E+03 1.00000E-07 0.00000E+00 1.00000E-07 0.00000E+00 1.55560E+03 5.58439E+02 3.81955E+01 9.39837E+02 0.00000E+00
 4.60000E+01 1.55027E+03 1.00000E-07 0.00000E+00 1.00000E-07 0.00000E+00 1.55027E+03 5.22524E+02 3.79485E+01 9.69862E+02 0.00000E+00
 4.80000E+01 1.54390E+03 1.00000E-07 0.00000E+00 1.00000E-07 0.00000E+00 1.54390E+03 4.89205E+02 3.76521E+01 9.96408E+02 0.00000E+00
 5.00000E+01 1.53672E+03 1.00000E-07 0.00000E+00 1.00000E-07 0.00000E+00 1.53672E+03 4.58930E+02 3.73444E+01 1.01925E+03 0.00000E+00
 5.20000E+01 1.52879E+03 1.00000E-07 0.00000E+00 1.00000E-07 0.00000E+00 1.52879E+03 4.29508E+02 3.69383E+01 1.04071E+03 0.00000E+00
 5.40000E+01 1.52018E+03 1.00000E-07 0.00000E+00 1.00000E-07 0.00000E+00 1.52018E+03 4.01933E+02 3.64842E+01 1.05977E+03 0.00000E+00
 5.60000E+01 1.51104E+03 1.00000E-07 0.00000E+00 1.00000E-07 0.00000E+00 1.51104E+03 3.76191E+02 3.59254E+01 1.07667E+03 0.00000E+00
 5.80000E+01 1.50155E+03 1.00000E-07 0.00000E+00 1.00000E-07 0.00000E+00 1.50155E+03 3.52096E+02 3.53163E+01 1.09173E+03 0.00000E+00
 6.00000E+01 1.49185E+03 1.00000E-07 0.00000E+00 1.00000E-07 0.00000E+00 1.49185E+03 3.29601E+02 3.46710E+01 1.10512E+03 0.00000E+00
