# p + 116Sn Total cross sections
# 
# 
# # energies =   103
#     E      Non-elastic    Elastic     Total     Comp. el.   Shape el.   Reaction   Comp. nonel   Direct    Pre-equil.  Dir. Capt.
 1.00000E-11 0.00000E+00 0.00000E+00 0.00000E+00 0.00000E+00 0.00000E+00 0.00000E+00 0.00000E+00 0.00000E+00 0.00000E+00 0.00000E+00
 2.53000E-08 0.00000E+00 0.00000E+00 0.00000E+00 0.00000E+00 0.00000E+00 0.00000E+00 0.00000E+00 0.00000E+00 0.00000E+00 0.00000E+00
 2.00000E-07 0.00000E+00 0.00000E+00 0.00000E+00 0.00000E+00 0.00000E+00 0.00000E+00 0.00000E+00 0.00000E+00 0.00000E+00 0.00000E+00
 1.00000E-06 0.00000E+00 0.00000E+00 0.00000E+00 0.00000E+00 0.00000E+00 0.00000E+00 0.00000E+00 0.00000E+00 0.00000E+00 0.00000E+00
 1.00000E-05 0.00000E+00 0.00000E+00 0.00000E+00 0.00000E+00 0.00000E+00 0.00000E+00 0.00000E+00 0.00000E+00 0.00000E+00 0.00000E+00
 1.00000E-04 0.00000E+00 0.00000E+00 0.00000E+00 0.00000E+00 0.00000E+00 0.00000E+00 0.00000E+00 0.00000E+00 0.00000E+00 0.00000E+00
 1.00000E-03 0.00000E+00 0.00000E+00 0.00000E+00 0.00000E+00 0.00000E+00 0.00000E+00 0.00000E+00 0.00000E+00 0.00000E+00 0.00000E+00
 2.00000E-03 0.00000E+00 0.00000E+00 0.00000E+00 0.00000E+00 0.00000E+00 0.00000E+00 0.00000E+00 0.00000E+00 0.00000E+00 0.00000E+00
 4.00000E-03 0.00000E+00 0.00000E+00 0.00000E+00 0.00000E+00 0.00000E+00 0.00000E+00 0.00000E+00 0.00000E+00 0.00000E+00 0.00000E+00
 7.00000E-03 0.00000E+00 0.00000E+00 0.00000E+00 0.00000E+00 0.00000E+00 0.00000E+00 0.00000E+00 0.00000E+00 0.00000E+00 0.00000E+00
 1.00000E-02 0.00000E+00 0.00000E+00 0.00000E+00 0.00000E+00 0.00000E+00 0.00000E+00 0.00000E+00 0.00000E+00 0.00000E+00 0.00000E+00
 2.00000E-02 0.00000E+00 0.00000E+00 0.00000E+00 0.00000E+00 0.00000E+00 0.00000E+00 0.00000E+00 0.00000E+00 0.00000E+00 0.00000E+00
 4.00000E-02 0.00000E+00 0.00000E+00 0.00000E+00 0.00000E+00 0.00000E+00 0.00000E+00 0.00000E+00 0.00000E+00 0.00000E+00 0.00000E+00
 7.00000E-02 0.00000E+00 0.00000E+00 0.00000E+00 0.00000E+00 0.00000E+00 0.00000E+00 0.00000E+00 0.00000E+00 0.00000E+00 0.00000E+00
 1.00000E-01 0.00000E+00 0.00000E+00 0.00000E+00 0.00000E+00 0.00000E+00 0.00000E+00 0.00000E+00 0.00000E+00 0.00000E+00 0.00000E+00
 2.00000E-01 0.00000E+00 0.00000E+00 0.00000E+00 0.00000E+00 0.00000E+00 1.29487E-36 0.00000E+00 0.00000E+00 0.00000E+00 0.00000E+00
 3.00000E-01 0.00000E+00 0.00000E+00 0.00000E+00 0.00000E+00 0.00000E+00 5.88162E-28 0.00000E+00 0.00000E+00 0.00000E+00 0.00000E+00
 4.00000E-01 0.00000E+00 0.00000E+00 0.00000E+00 0.00000E+00 0.00000E+00 1.68004E-22 0.00000E+00 0.00000E+00 0.00000E+00 0.00000E+00
 5.00000E-01 0.00000E+00 0.00000E+00 0.00000E+00 0.00000E+00 0.00000E+00 5.24817E-19 0.00000E+00 0.00000E+00 0.00000E+00 0.00000E+00
 6.00000E-01 0.00000E+00 0.00000E+00 0.00000E+00 0.00000E+00 0.00000E+00 1.95070E-16 0.00000E+00 0.00000E+00 0.00000E+00 0.00000E+00
 7.00000E-01 0.00000E+00 0.00000E+00 0.00000E+00 0.00000E+00 0.00000E+00 1.90917E-14 0.00000E+00 0.00000E+00 0.00000E+00 0.00000E+00
 8.00000E-01 0.00000E+00 0.00000E+00 0.00000E+00 0.00000E+00 0.00000E+00 7.58870E-13 0.00000E+00 0.00000E+00 0.00000E+00 0.00000E+00
 9.00000E-01 0.00000E+00 0.00000E+00 0.00000E+00 0.00000E+00 0.00000E+00 1.58753E-11 0.00000E+00 0.00000E+00 0.00000E+00 0.00000E+00
 1.00000E+00 0.00000E+00 0.00000E+00 0.00000E+00 0.00000E+00 0.00000E+00 2.06279E-10 0.00000E+00 0.00000E+00 0.00000E+00 0.00000E+00
 1.20000E+00 0.00000E+00 0.00000E+00 0.00000E+00 0.00000E+00 0.00000E+00 1.26083E-08 0.00000E+00 0.00000E+00 0.00000E+00 0.00000E+00
 1.40000E+00 0.00000E+00 0.00000E+00 0.00000E+00 0.00000E+00 0.00000E+00 3.02692E-07 0.00000E+00 0.00000E+00 0.00000E+00 0.00000E+00
 1.60000E+00 0.00000E+00 0.00000E+00 0.00000E+00 0.00000E+00 0.00000E+00 3.86861E-06 0.00000E+00 0.00000E+00 0.00000E+00 0.00000E+00
 1.80000E+00 3.15643E-05 3.01881E-09 0.00000E+00 3.01881E-09 0.00000E+00 3.15673E-05 3.15643E-05 9.91722E-29 0.00000E+00 0.00000E+00
 2.00000E+00 1.84599E-04 7.21609E-08 0.00000E+00 7.21609E-08 0.00000E+00 1.84671E-04 1.84599E-04 3.20746E-23 0.00000E+00 0.00000E+00
 2.20000E+00 8.36305E-04 1.09318E-06 0.00000E+00 1.09318E-06 0.00000E+00 8.37398E-04 8.36305E-04 1.56557E-19 0.00000E+00 0.00000E+00
 2.40000E+00 3.09665E-03 1.17995E-05 0.00000E+00 1.17995E-05 0.00000E+00 3.10845E-03 3.09665E-03 8.13733E-17 0.00000E+00 0.00000E+00
 2.60000E+00 9.73489E-03 9.11933E-05 0.00000E+00 9.11933E-05 0.00000E+00 9.82608E-03 9.73489E-03 1.06778E-14 0.00000E+00 0.00000E+00
 2.80000E+00 2.67005E-02 5.37632E-04 0.00000E+00 5.37632E-04 0.00000E+00 2.72381E-02 2.67005E-02 5.55886E-13 0.00000E+00 0.00000E+00
 3.00000E+00 6.51958E-02 2.50732E-03 0.00000E+00 2.50732E-03 0.00000E+00 6.77031E-02 6.51958E-02 1.49563E-11 0.00000E+00 0.00000E+00
 3.20000E+00 1.43959E-01 9.56128E-03 0.00000E+00 9.56128E-03 0.00000E+00 1.53520E-01 1.43959E-01 2.45821E-10 0.00000E+00 0.00000E+00
 3.40000E+00 2.91297E-01 3.06156E-02 0.00000E+00 3.06156E-02 0.00000E+00 3.21913E-01 2.91294E-01 3.65355E-06 0.00000E+00 0.00000E+00
 3.60000E+00 5.46644E-01 8.43355E-02 0.00000E+00 8.43355E-02 0.00000E+00 6.30980E-01 5.46639E-01 5.74501E-06 0.00000E+00 0.00000E+00
 3.80000E+00 9.61888E-01 2.04362E-01 0.00000E+00 2.04362E-01 0.00000E+00 1.16625E+00 9.61878E-01 1.08531E-05 0.00000E+00 0.00000E+00
 4.00000E+00 1.60278E+00 4.43997E-01 0.00000E+00 4.43997E-01 0.00000E+00 2.04678E+00 1.60276E+00 2.08677E-05 0.00000E+00 0.00000E+00
 4.20000E+00 2.55131E+00 8.79215E-01 0.00000E+00 8.79215E-01 0.00000E+00 3.43053E+00 2.55128E+00 3.76732E-05 0.00000E+00 0.00000E+00
 4.40000E+00 3.90811E+00 1.60853E+00 0.00000E+00 1.60853E+00 0.00000E+00 5.51664E+00 3.90798E+00 7.62238E-05 4.73381E-05 0.00000E+00
 4.60000E+00 5.79539E+00 2.74817E+00 0.00000E+00 2.74817E+00 0.00000E+00 8.54356E+00 5.79516E+00 1.45190E-04 8.35765E-05 0.00000E+00
 4.80000E+00 8.36194E+00 4.41916E+00 0.00000E+00 4.41916E+00 0.00000E+00 1.27811E+01 8.36149E+00 3.06757E-04 1.43690E-04 0.00000E+00
 5.00000E+00 1.17827E+01 6.73197E+00 0.00000E+00 6.73197E+00 0.00000E+00 1.85147E+01 1.17818E+01 6.59104E-04 2.18700E-04 0.00000E+00
 5.20000E+00 1.62636E+01 9.75812E+00 0.00000E+00 9.75812E+00 0.00000E+00 2.60217E+01 1.62618E+01 1.38825E-03 3.60573E-04 0.00000E+00
 5.40000E+00 2.20415E+01 1.34989E+01 0.00000E+00 1.34989E+01 0.00000E+00 3.55404E+01 2.20381E+01 2.90939E-03 5.29798E-04 0.00000E+00
 5.60000E+00 3.02351E+01 1.70026E+01 0.00000E+00 1.70026E+01 0.00000E+00 4.72377E+01 3.02284E+01 5.94311E-03 7.88441E-04 0.00000E+00
 5.80000E+00 4.92718E+01 1.19086E+01 0.00000E+00 1.19086E+01 0.00000E+00 6.11804E+01 4.92589E+01 1.16383E-02 1.17228E-03 0.00000E+00
 6.00000E+00 6.52639E+01 1.20555E+01 0.00000E+00 1.20555E+01 0.00000E+00 7.73194E+01 6.52406E+01 2.17150E-02 1.55289E-03 0.00000E+00
 6.20000E+00 8.44272E+01 1.10652E+01 0.00000E+00 1.10652E+01 0.00000E+00 9.54924E+01 8.43847E+01 3.96905E-02 2.81138E-03 0.00000E+00
 6.40000E+00 1.06426E+02 9.02229E+00 0.00000E+00 9.02229E+00 0.00000E+00 1.15448E+02 1.06347E+02 6.85831E-02 9.74935E-03 0.00000E+00
 6.60000E+00 1.29375E+02 7.50728E+00 0.00000E+00 7.50728E+00 0.00000E+00 1.36882E+02 1.29236E+02 1.11088E-01 2.72894E-02 0.00000E+00
 6.80000E+00 1.53120E+02 6.36304E+00 0.00000E+00 6.36304E+00 0.00000E+00 1.59483E+02 1.52888E+02 1.71639E-01 5.98247E-02 0.00000E+00
 7.00000E+00 1.77537E+02 5.43423E+00 0.00000E+00 5.43423E+00 0.00000E+00 1.82971E+02 1.77170E+02 2.54584E-01 1.11889E-01 0.00000E+00
 7.20000E+00 2.02483E+02 4.63545E+00 0.00000E+00 4.63545E+00 0.00000E+00 2.07118E+02 2.01928E+02 3.63473E-01 1.90360E-01 0.00000E+00
 7.40000E+00 2.27832E+02 3.92565E+00 0.00000E+00 3.92565E+00 0.00000E+00 2.31758E+02 2.27029E+02 5.02685E-01 3.00143E-01 0.00000E+00
 7.60000E+00 2.53487E+02 3.29304E+00 0.00000E+00 3.29304E+00 0.00000E+00 2.56780E+02 2.52364E+02 6.76188E-01 4.45780E-01 0.00000E+00
 7.80000E+00 2.79379E+02 2.73482E+00 0.00000E+00 2.73482E+00 0.00000E+00 2.82114E+02 2.77854E+02 8.86326E-01 6.36600E-01 0.00000E+00
 8.00000E+00 3.05465E+02 2.24994E+00 0.00000E+00 2.24994E+00 0.00000E+00 3.07715E+02 3.03442E+02 1.13638E+00 8.83048E-01 0.00000E+00
 8.50000E+00 3.71319E+02 1.33281E+00 0.00000E+00 1.33281E+00 0.00000E+00 3.72652E+02 3.67547E+02 1.99861E+00 1.76142E+00 0.00000E+00
 9.00000E+00 4.37682E+02 7.57004E-01 0.00000E+00 7.57004E-01 0.00000E+00 4.38439E+02 4.31404E+02 3.09186E+00 3.15709E+00 0.00000E+00
 9.50000E+00 5.04118E+02 1.95002E-01 0.00000E+00 1.95002E-01 0.00000E+00 5.04313E+02 4.94324E+02 4.59695E+00 5.13804E+00 0.00000E+00
 1.00000E+01 5.69475E+02 1.03797E-01 0.00000E+00 1.03797E-01 0.00000E+00 5.69579E+02 5.55145E+02 6.31422E+00 7.91051E+00 0.00000E+00
 1.05000E+01 6.33682E+02 5.47060E-02 0.00000E+00 5.47060E-02 0.00000E+00 6.33737E+02 6.13617E+02 8.39130E+00 1.15025E+01 0.00000E+00
 1.10000E+01 6.96337E+02 2.88555E-02 0.00000E+00 2.88555E-02 0.00000E+00 6.96366E+02 6.69426E+02 1.05788E+01 1.60702E+01 0.00000E+00
 1.15000E+01 7.56870E+02 1.53261E-02 0.00000E+00 1.53261E-02 0.00000E+00 7.56885E+02 7.21967E+02 1.28701E+01 2.16357E+01 0.00000E+00
 1.20000E+01 8.14431E+02 8.22174E-03 0.00000E+00 8.22174E-03 0.00000E+00 8.14439E+02 7.70429E+02 1.51915E+01 2.82046E+01 0.00000E+00
 1.25000E+01 8.68036E+02 4.45705E-03 0.00000E+00 4.45705E-03 0.00000E+00 8.68040E+02 8.13907E+02 1.74748E+01 3.57308E+01 0.00000E+00
 1.30000E+01 9.16864E+02 2.43906E-03 0.00000E+00 2.43906E-03 0.00000E+00 9.16866E+02 8.51700E+02 1.96613E+01 4.41429E+01 0.00000E+00
 1.35000E+01 9.60529E+02 1.34540E-03 0.00000E+00 1.34540E-03 0.00000E+00 9.60530E+02 8.83411E+02 2.18810E+01 5.33473E+01 0.00000E+00
 1.40000E+01 9.99166E+02 7.47723E-04 0.00000E+00 7.47723E-04 0.00000E+00 9.99167E+02 9.09677E+02 2.37617E+01 6.32708E+01 0.00000E+00
 1.45000E+01 1.03334E+03 4.18417E-04 0.00000E+00 4.18417E-04 0.00000E+00 1.03334E+03 9.30991E+02 2.54703E+01 7.38694E+01 0.00000E+00
 1.50000E+01 1.06387E+03 2.35816E-04 0.00000E+00 2.35816E-04 0.00000E+00 1.06387E+03 9.48200E+02 2.70150E+01 8.51384E+01 0.00000E+00
 1.60000E+01 1.11729E+03 7.67501E-05 0.00000E+00 7.67501E-05 0.00000E+00 1.11729E+03 9.73486E+02 2.96695E+01 1.09744E+02 0.00000E+00
 1.70000E+01 1.16451E+03 2.59289E-05 0.00000E+00 2.59289E-05 0.00000E+00 1.16451E+03 9.90184E+02 3.17955E+01 1.37408E+02 0.00000E+00
 1.80000E+01 1.20766E+03 9.13575E-06 0.00000E+00 9.13575E-06 0.00000E+00 1.20766E+03 1.00042E+03 3.34322E+01 1.68043E+02 0.00000E+00
 1.90000E+01 1.24687E+03 3.37434E-06 0.00000E+00 3.37434E-06 0.00000E+00 1.24687E+03 1.00413E+03 3.46616E+01 2.01718E+02 0.00000E+00
 2.00000E+01 1.28178E+03 1.32184E-06 0.00000E+00 1.32184E-06 0.00000E+00 1.28178E+03 9.99508E+02 3.55617E+01 2.39788E+02 0.00000E+00
 2.10000E+01 1.31233E+03 5.70070E-07 0.00000E+00 5.70070E-07 0.00000E+00 1.31233E+03 9.91765E+02 3.61873E+01 2.76900E+02 0.00000E+00
 2.20000E+01 1.33874E+03 2.85561E-07 0.00000E+00 2.85561E-07 0.00000E+00 1.33874E+03 9.79512E+02 3.65975E+01 3.14604E+02 0.00000E+00
 2.30000E+01 1.36139E+03 1.75451E-07 0.00000E+00 1.75451E-07 0.00000E+00 1.36139E+03 9.69036E+02 3.68246E+01 3.46969E+02 0.00000E+00
 2.40000E+01 1.38083E+03 1.31364E-07 0.00000E+00 1.31364E-07 0.00000E+00 1.38083E+03 9.55243E+02 3.69386E+01 3.79574E+02 0.00000E+00
 2.50000E+01 1.39778E+03 1.13284E-07 0.00000E+00 1.13284E-07 0.00000E+00 1.39778E+03 9.36998E+02 3.69808E+01 4.14227E+02 0.00000E+00
 2.60000E+01 1.41295E+03 1.05739E-07 0.00000E+00 1.05739E-07 0.00000E+00 1.41295E+03 9.17340E+02 3.69929E+01 4.48548E+02 0.00000E+00
 2.70000E+01 1.42692E+03 1.02526E-07 0.00000E+00 1.02526E-07 0.00000E+00 1.42692E+03 8.96529E+02 3.71783E+01 4.82671E+02 0.00000E+00
 2.80000E+01 1.44000E+03 1.01132E-07 0.00000E+00 1.01132E-07 0.00000E+00 1.44000E+03 8.75453E+02 3.71680E+01 5.16408E+02 0.00000E+00
 2.90000E+01 1.45220E+03 1.00515E-07 0.00000E+00 1.00515E-07 0.00000E+00 1.45220E+03 8.52339E+02 3.91038E+01 5.49404E+02 0.00000E+00
 3.00000E+01 1.46326E+03 1.00238E-07 0.00000E+00 1.00238E-07 0.00000E+00 1.46326E+03 8.30664E+02 3.90634E+01 5.81823E+02 0.00000E+00
 3.20000E+01 1.48063E+03 1.00053E-07 0.00000E+00 1.00053E-07 0.00000E+00 1.48063E+03 7.85039E+02 3.91322E+01 6.43958E+02 0.00000E+00
 3.40000E+01 1.49085E+03 1.00012E-07 0.00000E+00 1.00012E-07 0.00000E+00 1.49085E+03 7.37846E+02 3.88793E+01 7.00635E+02 0.00000E+00
 3.60000E+01 1.49573E+03 1.00003E-07 0.00000E+00 1.00003E-07 0.00000E+00 1.49573E+03 6.94189E+02 3.59819E+01 7.51003E+02 0.00000E+00
 3.80000E+01 1.49789E+03 1.00001E-07 0.00000E+00 1.00001E-07 0.00000E+00 1.49789E+03 6.48604E+02 3.57788E+01 7.97882E+02 0.00000E+00
 4.00000E+01 1.49843E+03 1.00000E-07 0.00000E+00 1.00000E-07 0.00000E+00 1.49843E+03 6.05284E+02 3.55979E+01 8.40926E+02 0.00000E+00
 4.20000E+01 1.49716E+03 1.00000E-07 0.00000E+00 1.00000E-07 0.00000E+00 1.49716E+03 5.64792E+02 3.53998E+01 8.79461E+02 0.00000E+00
 4.40000E+01 1.49378E+03 1.00000E-07 0.00000E+00 1.00000E-07 0.00000E+00 1.49378E+03 5.26276E+02 3.53242E+01 9.13858E+02 0.00000E+00
 4.60000E+01 1.48851E+03 1.00000E-07 0.00000E+00 1.00000E-07 0.00000E+00 1.48851E+03 4.89628E+02 3.49957E+01 9.44797E+02 0.00000E+00
 4.80000E+01 1.48192E+03 1.00000E-07 0.00000E+00 1.00000E-07 0.00000E+00 1.48192E+03 4.54959E+02 3.49540E+01 9.72219E+02 0.00000E+00
 5.00000E+01 1.47449E+03 1.00000E-07 0.00000E+00 1.00000E-07 0.00000E+00 1.47449E+03 4.19786E+02 3.66463E+01 9.97687E+02 0.00000E+00
 5.20000E+01 1.46649E+03 1.00000E-07 0.00000E+00 1.00000E-07 0.00000E+00 1.46649E+03 3.90283E+02 3.60203E+01 1.01939E+03 0.00000E+00
 5.40000E+01 1.45800E+03 1.00000E-07 0.00000E+00 1.00000E-07 0.00000E+00 1.45800E+03 3.62780E+02 3.53959E+01 1.03872E+03 0.00000E+00
 5.60000E+01 1.44909E+03 1.00000E-07 0.00000E+00 1.00000E-07 0.00000E+00 1.44909E+03 3.37217E+02 3.46824E+01 1.05589E+03 0.00000E+00
 5.80000E+01 1.43988E+03 1.00000E-07 0.00000E+00 1.00000E-07 0.00000E+00 1.43988E+03 3.14018E+02 3.39521E+01 1.07049E+03 0.00000E+00
 6.00000E+01 1.43046E+03 1.00000E-07 0.00000E+00 1.00000E-07 0.00000E+00 1.43046E+03 2.91823E+02 3.31687E+01 1.08402E+03 0.00000E+00
