# p + 112Sn Total cross sections
# 
# 
# # energies =   103
#     E      Non-elastic    Elastic     Total     Comp. el.   Shape el.   Reaction   Comp. nonel   Direct    Pre-equil.  Dir. Capt.
 1.00000E-11 0.00000E+00 0.00000E+00 0.00000E+00 0.00000E+00 0.00000E+00 0.00000E+00 0.00000E+00 0.00000E+00 0.00000E+00 0.00000E+00
 2.53000E-08 0.00000E+00 0.00000E+00 0.00000E+00 0.00000E+00 0.00000E+00 0.00000E+00 0.00000E+00 0.00000E+00 0.00000E+00 0.00000E+00
 2.00000E-07 0.00000E+00 0.00000E+00 0.00000E+00 0.00000E+00 0.00000E+00 0.00000E+00 0.00000E+00 0.00000E+00 0.00000E+00 0.00000E+00
 1.00000E-06 0.00000E+00 0.00000E+00 0.00000E+00 0.00000E+00 0.00000E+00 0.00000E+00 0.00000E+00 0.00000E+00 0.00000E+00 0.00000E+00
 1.00000E-05 0.00000E+00 0.00000E+00 0.00000E+00 0.00000E+00 0.00000E+00 0.00000E+00 0.00000E+00 0.00000E+00 0.00000E+00 0.00000E+00
 1.00000E-04 0.00000E+00 0.00000E+00 0.00000E+00 0.00000E+00 0.00000E+00 0.00000E+00 0.00000E+00 0.00000E+00 0.00000E+00 0.00000E+00
 1.00000E-03 0.00000E+00 0.00000E+00 0.00000E+00 0.00000E+00 0.00000E+00 0.00000E+00 0.00000E+00 0.00000E+00 0.00000E+00 0.00000E+00
 2.00000E-03 0.00000E+00 0.00000E+00 0.00000E+00 0.00000E+00 0.00000E+00 0.00000E+00 0.00000E+00 0.00000E+00 0.00000E+00 0.00000E+00
 4.00000E-03 0.00000E+00 0.00000E+00 0.00000E+00 0.00000E+00 0.00000E+00 0.00000E+00 0.00000E+00 0.00000E+00 0.00000E+00 0.00000E+00
 7.00000E-03 0.00000E+00 0.00000E+00 0.00000E+00 0.00000E+00 0.00000E+00 0.00000E+00 0.00000E+00 0.00000E+00 0.00000E+00 0.00000E+00
 1.00000E-02 0.00000E+00 0.00000E+00 0.00000E+00 0.00000E+00 0.00000E+00 0.00000E+00 0.00000E+00 0.00000E+00 0.00000E+00 0.00000E+00
 2.00000E-02 0.00000E+00 0.00000E+00 0.00000E+00 0.00000E+00 0.00000E+00 0.00000E+00 0.00000E+00 0.00000E+00 0.00000E+00 0.00000E+00
 4.00000E-02 0.00000E+00 0.00000E+00 0.00000E+00 0.00000E+00 0.00000E+00 0.00000E+00 0.00000E+00 0.00000E+00 0.00000E+00 0.00000E+00
 7.00000E-02 0.00000E+00 0.00000E+00 0.00000E+00 0.00000E+00 0.00000E+00 0.00000E+00 0.00000E+00 0.00000E+00 0.00000E+00 0.00000E+00
 1.00000E-01 0.00000E+00 0.00000E+00 0.00000E+00 0.00000E+00 0.00000E+00 0.00000E+00 0.00000E+00 0.00000E+00 0.00000E+00 0.00000E+00
 2.00000E-01 0.00000E+00 0.00000E+00 0.00000E+00 0.00000E+00 0.00000E+00 1.73437E-36 0.00000E+00 0.00000E+00 0.00000E+00 0.00000E+00
 3.00000E-01 0.00000E+00 0.00000E+00 0.00000E+00 0.00000E+00 0.00000E+00 7.71067E-28 0.00000E+00 0.00000E+00 0.00000E+00 0.00000E+00
 4.00000E-01 0.00000E+00 0.00000E+00 0.00000E+00 0.00000E+00 0.00000E+00 1.78065E-22 0.00000E+00 0.00000E+00 0.00000E+00 0.00000E+00
 5.00000E-01 0.00000E+00 0.00000E+00 0.00000E+00 0.00000E+00 0.00000E+00 5.46439E-19 0.00000E+00 0.00000E+00 0.00000E+00 0.00000E+00
 6.00000E-01 0.00000E+00 0.00000E+00 0.00000E+00 0.00000E+00 0.00000E+00 1.99687E-16 0.00000E+00 0.00000E+00 0.00000E+00 0.00000E+00
 7.00000E-01 0.00000E+00 0.00000E+00 0.00000E+00 0.00000E+00 0.00000E+00 1.92284E-14 0.00000E+00 0.00000E+00 0.00000E+00 0.00000E+00
 8.00000E-01 0.00000E+00 0.00000E+00 0.00000E+00 0.00000E+00 0.00000E+00 7.52582E-13 0.00000E+00 0.00000E+00 0.00000E+00 0.00000E+00
 9.00000E-01 0.00000E+00 0.00000E+00 0.00000E+00 0.00000E+00 0.00000E+00 1.55121E-11 0.00000E+00 0.00000E+00 0.00000E+00 0.00000E+00
 1.00000E+00 0.00000E+00 0.00000E+00 0.00000E+00 0.00000E+00 0.00000E+00 1.98724E-10 0.00000E+00 0.00000E+00 0.00000E+00 0.00000E+00
 1.20000E+00 0.00000E+00 0.00000E+00 0.00000E+00 0.00000E+00 0.00000E+00 1.18285E-08 0.00000E+00 0.00000E+00 0.00000E+00 0.00000E+00
 1.40000E+00 0.00000E+00 0.00000E+00 0.00000E+00 0.00000E+00 0.00000E+00 2.77154E-07 0.00000E+00 0.00000E+00 0.00000E+00 0.00000E+00
 1.60000E+00 0.00000E+00 0.00000E+00 0.00000E+00 0.00000E+00 0.00000E+00 3.46430E-06 0.00000E+00 0.00000E+00 0.00000E+00 0.00000E+00
 1.80000E+00 2.76553E-05 4.34135E-08 0.00000E+00 4.34135E-08 0.00000E+00 2.76987E-05 2.76553E-05 1.01026E-27 0.00000E+00 0.00000E+00
 2.00000E+00 1.58169E-04 8.90439E-07 0.00000E+00 8.90439E-07 0.00000E+00 1.59059E-04 1.58169E-04 1.22076E-22 0.00000E+00 0.00000E+00
 2.20000E+00 6.97190E-04 1.20019E-05 0.00000E+00 1.20019E-05 0.00000E+00 7.09192E-04 6.97190E-04 3.66679E-19 0.00000E+00 0.00000E+00
 2.40000E+00 2.48064E-03 1.12083E-04 0.00000E+00 1.12083E-04 0.00000E+00 2.59272E-03 2.48064E-03 1.43563E-16 0.00000E+00 0.00000E+00
 2.60000E+00 7.35580E-03 7.28816E-04 0.00000E+00 7.28816E-04 0.00000E+00 8.08462E-03 7.35580E-03 1.56796E-14 0.00000E+00 0.00000E+00
 2.80000E+00 1.86234E-02 3.51809E-03 0.00000E+00 3.51809E-03 0.00000E+00 2.21415E-02 1.86234E-02 7.18569E-13 0.00000E+00 0.00000E+00
 3.00000E+00 4.12482E-02 1.32109E-02 0.00000E+00 1.32109E-02 0.00000E+00 5.44591E-02 4.12482E-02 1.76175E-11 0.00000E+00 0.00000E+00
 3.20000E+00 8.18687E-02 4.05223E-02 0.00000E+00 4.05223E-02 0.00000E+00 1.22391E-01 8.18687E-02 2.69982E-10 0.00000E+00 0.00000E+00
 3.40000E+00 1.49018E-01 1.05756E-01 0.00000E+00 1.05756E-01 0.00000E+00 2.54774E-01 1.49016E-01 1.89019E-06 0.00000E+00 0.00000E+00
 3.60000E+00 2.53691E-01 2.42899E-01 0.00000E+00 2.42899E-01 0.00000E+00 4.96590E-01 2.53688E-01 2.64692E-06 0.00000E+00 0.00000E+00
 3.80000E+00 4.10186E-01 5.04117E-01 0.00000E+00 5.04117E-01 0.00000E+00 9.14303E-01 4.10182E-01 4.68427E-06 0.00000E+00 0.00000E+00
 4.00000E+00 6.37468E-01 9.64102E-01 0.00000E+00 9.64102E-01 0.00000E+00 1.60157E+00 6.37459E-01 9.68177E-06 0.00000E+00 0.00000E+00
 4.20000E+00 9.60875E-01 1.72365E+00 0.00000E+00 1.72365E+00 0.00000E+00 2.68453E+00 9.60857E-01 1.79453E-05 0.00000E+00 0.00000E+00
 4.40000E+00 1.41499E+00 2.91171E+00 0.00000E+00 2.91171E+00 0.00000E+00 4.32670E+00 1.41493E+00 4.02789E-05 1.41201E-05 0.00000E+00
 4.60000E+00 2.04716E+00 4.68436E+00 0.00000E+00 4.68436E+00 0.00000E+00 6.73152E+00 2.04704E+00 8.89252E-05 2.63887E-05 0.00000E+00
 4.80000E+00 2.92282E+00 7.21918E+00 0.00000E+00 7.21918E+00 0.00000E+00 1.01420E+01 2.92257E+00 2.04961E-04 4.11433E-05 0.00000E+00
 5.00000E+00 4.13155E+00 1.07037E+01 0.00000E+00 1.07037E+01 0.00000E+00 1.48352E+01 4.13099E+00 4.88490E-04 6.75975E-05 0.00000E+00
 5.20000E+00 5.79438E+00 1.53166E+01 0.00000E+00 1.53166E+01 0.00000E+00 2.11110E+01 5.79317E+00 1.10478E-03 1.08749E-04 0.00000E+00
 5.40000E+00 8.09134E+00 2.11802E+01 0.00000E+00 2.11802E+01 0.00000E+00 2.92715E+01 8.08869E+00 2.48385E-03 1.63565E-04 0.00000E+00
 5.60000E+00 1.12349E+01 2.83586E+01 0.00000E+00 2.83586E+01 0.00000E+00 3.95935E+01 1.12293E+01 5.29831E-03 2.65192E-04 0.00000E+00
 5.80000E+00 1.53740E+01 3.69196E+01 0.00000E+00 3.69196E+01 0.00000E+00 5.22936E+01 1.53629E+01 1.07657E-02 3.64153E-04 0.00000E+00
 6.00000E+00 2.11090E+01 4.63831E+01 0.00000E+00 4.63831E+01 0.00000E+00 6.74921E+01 2.10876E+01 2.08728E-02 5.31871E-04 0.00000E+00
 6.20000E+00 2.85273E+01 5.66562E+01 0.00000E+00 5.66562E+01 0.00000E+00 8.51835E+01 2.84881E+01 3.84696E-02 7.64293E-04 0.00000E+00
 6.40000E+00 3.82116E+01 6.70104E+01 0.00000E+00 6.70104E+01 0.00000E+00 1.05222E+02 3.81428E+01 6.77105E-02 1.04630E-03 0.00000E+00
 6.60000E+00 5.06554E+01 7.66746E+01 0.00000E+00 7.66746E+01 0.00000E+00 1.27330E+02 5.05403E+01 1.13532E-01 1.56479E-03 0.00000E+00
 6.80000E+00 6.59829E+01 8.51491E+01 0.00000E+00 8.51491E+01 0.00000E+00 1.51132E+02 6.57987E+01 1.82105E-01 2.10868E-03 0.00000E+00
 7.00000E+00 8.49141E+01 9.12889E+01 0.00000E+00 9.12889E+01 0.00000E+00 1.76203E+02 8.46310E+01 2.79948E-01 3.11601E-03 0.00000E+00
 7.20000E+00 1.07144E+02 9.49805E+01 0.00000E+00 9.49805E+01 0.00000E+00 2.02124E+02 1.06725E+02 4.13182E-01 4.75926E-03 0.00000E+00
 7.40000E+00 1.32806E+02 9.57231E+01 0.00000E+00 9.57231E+01 0.00000E+00 2.28529E+02 1.32211E+02 5.87742E-01 7.23010E-03 0.00000E+00
 7.60000E+00 1.93039E+02 6.20878E+01 0.00000E+00 6.20878E+01 0.00000E+00 2.55127E+02 1.92221E+02 8.06928E-01 1.12173E-02 0.00000E+00
 7.80000E+00 2.25018E+02 5.66948E+01 0.00000E+00 5.66948E+01 0.00000E+00 2.81713E+02 2.23928E+02 1.07334E+00 1.61696E-02 0.00000E+00
 8.00000E+00 2.58587E+02 4.95714E+01 0.00000E+00 4.95714E+01 0.00000E+00 3.08158E+02 2.57170E+02 1.38793E+00 2.73619E-02 0.00000E+00
 8.50000E+00 3.49626E+02 2.36122E+01 0.00000E+00 2.36122E+01 0.00000E+00 3.73238E+02 3.47159E+02 2.37716E+00 8.43685E-02 0.00000E+00
 9.00000E+00 4.25136E+02 1.14141E+01 0.00000E+00 1.14141E+01 0.00000E+00 4.36550E+02 4.21179E+02 3.64250E+00 2.97870E-01 0.00000E+00
 9.50000E+00 4.92096E+02 5.82734E+00 0.00000E+00 5.82734E+00 0.00000E+00 4.97923E+02 4.86061E+02 5.16030E+00 8.34924E-01 0.00000E+00
 1.00000E+01 5.54194E+02 3.10342E+00 0.00000E+00 3.10342E+00 0.00000E+00 5.57297E+02 5.45328E+02 6.90684E+00 1.87573E+00 0.00000E+00
 1.05000E+01 6.13145E+02 1.69254E+00 0.00000E+00 1.69254E+00 0.00000E+00 6.14838E+02 6.00525E+02 8.88563E+00 3.58347E+00 0.00000E+00
 1.10000E+01 6.69917E+02 9.33507E-01 0.00000E+00 9.33507E-01 0.00000E+00 6.70851E+02 6.52666E+02 1.09217E+01 6.08008E+00 0.00000E+00
 1.15000E+01 7.24997E+02 5.16794E-01 0.00000E+00 5.16794E-01 0.00000E+00 7.25514E+02 7.01943E+02 1.31647E+01 9.49980E+00 0.00000E+00
 1.20000E+01 7.78350E+02 2.86061E-01 0.00000E+00 2.86061E-01 0.00000E+00 7.78636E+02 7.48512E+02 1.53429E+01 1.38998E+01 0.00000E+00
 1.25000E+01 8.29456E+02 1.57867E-01 0.00000E+00 1.57867E-01 0.00000E+00 8.29614E+02 7.91329E+02 1.79169E+01 1.93029E+01 0.00000E+00
 1.30000E+01 8.77518E+02 8.68232E-02 0.00000E+00 8.68232E-02 0.00000E+00 8.77605E+02 8.30224E+02 2.01714E+01 2.57620E+01 0.00000E+00
 1.35000E+01 9.21776E+02 4.75277E-02 0.00000E+00 4.75277E-02 0.00000E+00 9.21824E+02 8.64195E+02 2.23325E+01 3.32881E+01 0.00000E+00
 1.40000E+01 9.61773E+02 2.59680E-02 0.00000E+00 2.59680E-02 0.00000E+00 9.61799E+02 8.93455E+02 2.39740E+01 4.16813E+01 0.00000E+00
 1.45000E+01 9.97468E+02 1.41923E-02 0.00000E+00 1.41923E-02 0.00000E+00 9.97482E+02 9.17175E+02 2.58103E+01 5.10926E+01 0.00000E+00
 1.50000E+01 1.02920E+03 7.78335E-03 0.00000E+00 7.78335E-03 0.00000E+00 1.02921E+03 9.36348E+02 2.74489E+01 6.13291E+01 0.00000E+00
 1.60000E+01 1.08327E+03 2.38459E-03 0.00000E+00 2.38459E-03 0.00000E+00 1.08327E+03 9.63850E+02 3.01233E+01 8.40686E+01 0.00000E+00
 1.70000E+01 1.12905E+03 7.55821E-04 0.00000E+00 7.55821E-04 0.00000E+00 1.12905E+03 9.81208E+02 3.20867E+01 1.09646E+02 0.00000E+00
 1.80000E+01 1.17016E+03 2.49168E-04 0.00000E+00 2.49168E-04 0.00000E+00 1.17016E+03 9.91589E+02 3.35379E+01 1.38208E+02 0.00000E+00
 1.90000E+01 1.20797E+03 8.54804E-05 0.00000E+00 8.54804E-05 0.00000E+00 1.20797E+03 9.96054E+02 3.45255E+01 1.69925E+02 0.00000E+00
 2.00000E+01 1.24258E+03 3.04172E-05 0.00000E+00 3.04172E-05 0.00000E+00 1.24258E+03 9.93628E+02 3.51615E+01 2.05710E+02 0.00000E+00
 2.10000E+01 1.27376E+03 1.12281E-05 0.00000E+00 1.12281E-05 0.00000E+00 1.27376E+03 9.86148E+02 3.55510E+01 2.43365E+02 0.00000E+00
 2.20000E+01 1.30140E+03 4.30769E-06 0.00000E+00 4.30769E-06 0.00000E+00 1.30140E+03 9.75385E+02 3.57510E+01 2.80945E+02 0.00000E+00
 2.30000E+01 1.32545E+03 1.74236E-06 0.00000E+00 1.74236E-06 0.00000E+00 1.32545E+03 9.64626E+02 3.58030E+01 3.15085E+02 0.00000E+00
 2.40000E+01 1.34593E+03 7.57922E-07 0.00000E+00 7.57922E-07 0.00000E+00 1.34593E+03 9.52464E+02 3.58302E+01 3.47114E+02 0.00000E+00
 2.50000E+01 1.36312E+03 3.68989E-07 0.00000E+00 3.68989E-07 0.00000E+00 1.36312E+03 9.34501E+02 3.57140E+01 3.81835E+02 0.00000E+00
 2.60000E+01 1.37763E+03 2.12104E-07 0.00000E+00 2.12104E-07 0.00000E+00 1.37763E+03 9.14207E+02 3.55614E+01 4.16265E+02 0.00000E+00
 2.70000E+01 1.39020E+03 1.47712E-07 0.00000E+00 1.47712E-07 0.00000E+00 1.39020E+03 8.92341E+02 3.54125E+01 4.50338E+02 0.00000E+00
 2.80000E+01 1.40154E+03 1.20664E-07 0.00000E+00 1.20664E-07 0.00000E+00 1.40154E+03 8.69656E+02 3.52886E+01 4.83998E+02 0.00000E+00
 2.90000E+01 1.41208E+03 1.09116E-07 0.00000E+00 1.09116E-07 0.00000E+00 1.41208E+03 8.46544E+02 3.56031E+01 5.16884E+02 0.00000E+00
 3.00000E+01 1.42196E+03 1.04093E-07 0.00000E+00 1.04093E-07 0.00000E+00 1.42196E+03 8.23487E+02 3.54984E+01 5.49503E+02 0.00000E+00
 3.20000E+01 1.43893E+03 1.00865E-07 0.00000E+00 1.00865E-07 0.00000E+00 1.43893E+03 7.77477E+02 3.54158E+01 6.11701E+02 0.00000E+00
 3.40000E+01 1.45029E+03 1.00192E-07 0.00000E+00 1.00192E-07 0.00000E+00 1.45029E+03 7.29712E+02 3.52769E+01 6.69936E+02 0.00000E+00
 3.60000E+01 1.45570E+03 1.00045E-07 0.00000E+00 1.00045E-07 0.00000E+00 1.45570E+03 6.81494E+02 3.50715E+01 7.22636E+02 0.00000E+00
 3.80000E+01 1.45713E+03 1.00011E-07 0.00000E+00 1.00011E-07 0.00000E+00 1.45713E+03 6.34577E+02 3.48088E+01 7.70100E+02 0.00000E+00
 4.00000E+01 1.45652E+03 1.00003E-07 0.00000E+00 1.00003E-07 0.00000E+00 1.45652E+03 5.89830E+02 3.45548E+01 8.13373E+02 0.00000E+00
 4.20000E+01 1.45456E+03 1.00001E-07 0.00000E+00 1.00001E-07 0.00000E+00 1.45456E+03 5.48374E+02 3.43207E+01 8.52108E+02 0.00000E+00
 4.40000E+01 1.45107E+03 1.00000E-07 0.00000E+00 1.00000E-07 0.00000E+00 1.45107E+03 5.08900E+02 3.40720E+01 8.87484E+02 0.00000E+00
 4.60000E+01 1.44596E+03 1.00000E-07 0.00000E+00 1.00000E-07 0.00000E+00 1.44596E+03 4.71947E+02 3.37691E+01 9.18876E+02 0.00000E+00
 4.80000E+01 1.43947E+03 1.00000E-07 0.00000E+00 1.00000E-07 0.00000E+00 1.43947E+03 4.37266E+02 3.33970E+01 9.46764E+02 0.00000E+00
 5.00000E+01 1.43204E+03 1.00000E-07 0.00000E+00 1.00000E-07 0.00000E+00 1.43204E+03 4.05036E+02 3.32701E+01 9.71114E+02 0.00000E+00
 5.20000E+01 1.42400E+03 1.00000E-07 0.00000E+00 1.00000E-07 0.00000E+00 1.42400E+03 3.75660E+02 3.28843E+01 9.92401E+02 0.00000E+00
 5.40000E+01 1.41555E+03 1.00000E-07 0.00000E+00 1.00000E-07 0.00000E+00 1.41555E+03 3.47801E+02 3.23308E+01 1.01209E+03 0.00000E+00
 5.60000E+01 1.40679E+03 1.00000E-07 0.00000E+00 1.00000E-07 0.00000E+00 1.40679E+03 3.21975E+02 3.17296E+01 1.02962E+03 0.00000E+00
 5.80000E+01 1.39778E+03 1.00000E-07 0.00000E+00 1.00000E-07 0.00000E+00 1.39778E+03 2.97990E+02 3.10902E+01 1.04519E+03 0.00000E+00
 6.00000E+01 1.38859E+03 1.00000E-07 0.00000E+00 1.00000E-07 0.00000E+00 1.38859E+03 2.75708E+02 3.04156E+01 1.05900E+03 0.00000E+00
