# p + 124Sn Total cross sections
# 
# 
# # energies =   103
#     E      Non-elastic    Elastic     Total     Comp. el.   Shape el.   Reaction   Comp. nonel   Direct    Pre-equil.  Dir. Capt.
 1.00000E-11 0.00000E+00 0.00000E+00 0.00000E+00 0.00000E+00 0.00000E+00 0.00000E+00 0.00000E+00 0.00000E+00 0.00000E+00 0.00000E+00
 2.53000E-08 0.00000E+00 0.00000E+00 0.00000E+00 0.00000E+00 0.00000E+00 0.00000E+00 0.00000E+00 0.00000E+00 0.00000E+00 0.00000E+00
 2.00000E-07 0.00000E+00 0.00000E+00 0.00000E+00 0.00000E+00 0.00000E+00 0.00000E+00 0.00000E+00 0.00000E+00 0.00000E+00 0.00000E+00
 1.00000E-06 0.00000E+00 0.00000E+00 0.00000E+00 0.00000E+00 0.00000E+00 0.00000E+00 0.00000E+00 0.00000E+00 0.00000E+00 0.00000E+00
 1.00000E-05 0.00000E+00 0.00000E+00 0.00000E+00 0.00000E+00 0.00000E+00 0.00000E+00 0.00000E+00 0.00000E+00 0.00000E+00 0.00000E+00
 1.00000E-04 0.00000E+00 0.00000E+00 0.00000E+00 0.00000E+00 0.00000E+00 0.00000E+00 0.00000E+00 0.00000E+00 0.00000E+00 0.00000E+00
 1.00000E-03 0.00000E+00 0.00000E+00 0.00000E+00 0.00000E+00 0.00000E+00 0.00000E+00 0.00000E+00 0.00000E+00 0.00000E+00 0.00000E+00
 2.00000E-03 0.00000E+00 0.00000E+00 0.00000E+00 0.00000E+00 0.00000E+00 0.00000E+00 0.00000E+00 0.00000E+00 0.00000E+00 0.00000E+00
 4.00000E-03 0.00000E+00 0.00000E+00 0.00000E+00 0.00000E+00 0.00000E+00 0.00000E+00 0.00000E+00 0.00000E+00 0.00000E+00 0.00000E+00
 7.00000E-03 0.00000E+00 0.00000E+00 0.00000E+00 0.00000E+00 0.00000E+00 0.00000E+00 0.00000E+00 0.00000E+00 0.00000E+00 0.00000E+00
 1.00000E-02 0.00000E+00 0.00000E+00 0.00000E+00 0.00000E+00 0.00000E+00 0.00000E+00 0.00000E+00 0.00000E+00 0.00000E+00 0.00000E+00
 2.00000E-02 0.00000E+00 0.00000E+00 0.00000E+00 0.00000E+00 0.00000E+00 0.00000E+00 0.00000E+00 0.00000E+00 0.00000E+00 0.00000E+00
 4.00000E-02 0.00000E+00 0.00000E+00 0.00000E+00 0.00000E+00 0.00000E+00 0.00000E+00 0.00000E+00 0.00000E+00 0.00000E+00 0.00000E+00
 7.00000E-02 0.00000E+00 0.00000E+00 0.00000E+00 0.00000E+00 0.00000E+00 0.00000E+00 0.00000E+00 0.00000E+00 0.00000E+00 0.00000E+00
 1.00000E-01 0.00000E+00 0.00000E+00 0.00000E+00 0.00000E+00 0.00000E+00 0.00000E+00 0.00000E+00 0.00000E+00 0.00000E+00 0.00000E+00
 2.00000E-01 0.00000E+00 0.00000E+00 0.00000E+00 0.00000E+00 0.00000E+00 1.42549E-36 0.00000E+00 0.00000E+00 0.00000E+00 0.00000E+00
 3.00000E-01 0.00000E+00 0.00000E+00 0.00000E+00 0.00000E+00 0.00000E+00 6.61216E-28 0.00000E+00 0.00000E+00 0.00000E+00 0.00000E+00
 4.00000E-01 0.00000E+00 0.00000E+00 0.00000E+00 0.00000E+00 0.00000E+00 2.53103E-22 0.00000E+00 0.00000E+00 0.00000E+00 0.00000E+00
 5.00000E-01 0.00000E+00 0.00000E+00 0.00000E+00 0.00000E+00 0.00000E+00 8.02145E-19 0.00000E+00 0.00000E+00 0.00000E+00 0.00000E+00
 6.00000E-01 0.00000E+00 0.00000E+00 0.00000E+00 0.00000E+00 0.00000E+00 3.02269E-16 0.00000E+00 0.00000E+00 0.00000E+00 0.00000E+00
 7.00000E-01 0.00000E+00 0.00000E+00 0.00000E+00 0.00000E+00 0.00000E+00 2.99647E-14 0.00000E+00 0.00000E+00 0.00000E+00 0.00000E+00
 8.00000E-01 0.00000E+00 0.00000E+00 0.00000E+00 0.00000E+00 0.00000E+00 1.20552E-12 0.00000E+00 0.00000E+00 0.00000E+00 0.00000E+00
 9.00000E-01 0.00000E+00 0.00000E+00 0.00000E+00 0.00000E+00 0.00000E+00 2.55051E-11 0.00000E+00 0.00000E+00 0.00000E+00 0.00000E+00
 1.00000E+00 0.00000E+00 0.00000E+00 0.00000E+00 0.00000E+00 0.00000E+00 3.34905E-10 0.00000E+00 0.00000E+00 0.00000E+00 0.00000E+00
 1.20000E+00 0.00000E+00 0.00000E+00 0.00000E+00 0.00000E+00 0.00000E+00 2.08552E-08 0.00000E+00 0.00000E+00 0.00000E+00 0.00000E+00
 1.40000E+00 0.00000E+00 0.00000E+00 0.00000E+00 0.00000E+00 0.00000E+00 5.08469E-07 0.00000E+00 0.00000E+00 0.00000E+00 0.00000E+00
 1.60000E+00 0.00000E+00 0.00000E+00 0.00000E+00 0.00000E+00 0.00000E+00 6.57879E-06 0.00000E+00 0.00000E+00 0.00000E+00 0.00000E+00
 1.80000E+00 5.41557E-05 4.43993E-12 0.00000E+00 4.43993E-12 0.00000E+00 5.41557E-05 5.41557E-05 2.16652E-24 0.00000E+00 0.00000E+00
 2.00000E+00 3.18523E-04 4.53593E-11 0.00000E+00 4.53593E-11 0.00000E+00 3.18523E-04 3.18523E-04 2.29770E-20 0.00000E+00 0.00000E+00
 2.20000E+00 1.44695E-03 4.71840E-10 0.00000E+00 4.71840E-10 0.00000E+00 1.44695E-03 1.44695E-03 1.94525E-17 0.00000E+00 0.00000E+00
 2.40000E+00 5.36088E-03 3.90441E-09 0.00000E+00 3.90441E-09 0.00000E+00 5.36088E-03 5.36088E-03 3.56640E-15 0.00000E+00 0.00000E+00
 2.60000E+00 1.68493E-02 2.56272E-08 0.00000E+00 2.56272E-08 0.00000E+00 1.68493E-02 1.68493E-02 2.36158E-13 0.00000E+00 0.00000E+00
 2.80000E+00 4.62580E-02 1.36594E-07 0.00000E+00 1.36594E-07 0.00000E+00 4.62581E-02 4.62580E-02 7.58632E-12 0.00000E+00 0.00000E+00
 3.00000E+00 1.13421E-01 6.02472E-07 0.00000E+00 6.02472E-07 0.00000E+00 1.13422E-01 1.13421E-01 1.42214E-10 0.00000E+00 0.00000E+00
 3.20000E+00 2.52688E-01 2.34297E-06 0.00000E+00 2.34297E-06 0.00000E+00 2.52690E-01 2.52310E-01 8.09830E-06 3.69611E-04 0.00000E+00
 3.40000E+00 5.18532E-01 7.30706E-06 0.00000E+00 7.30706E-06 0.00000E+00 5.18539E-01 5.17477E-01 1.79139E-05 1.03676E-03 0.00000E+00
 3.60000E+00 9.90753E-01 2.04042E-05 0.00000E+00 2.04042E-05 0.00000E+00 9.90773E-01 9.88116E-01 3.50271E-05 2.60152E-03 0.00000E+00
 3.80000E+00 1.77834E+00 5.09710E-05 0.00000E+00 5.09710E-05 0.00000E+00 1.77839E+00 1.77233E+00 7.22119E-05 5.93933E-03 0.00000E+00
 4.00000E+00 3.02059E+00 1.14774E-04 0.00000E+00 1.14774E-04 0.00000E+00 3.02070E+00 3.00774E+00 1.32289E-04 1.27119E-02 0.00000E+00
 4.20000E+00 4.88459E+00 2.35030E-04 0.00000E+00 2.35030E-04 0.00000E+00 4.88483E+00 4.85963E+00 2.30324E-04 2.47302E-02 0.00000E+00
 4.40000E+00 7.55880E+00 4.41146E-04 0.00000E+00 4.41146E-04 0.00000E+00 7.55924E+00 7.51299E+00 4.47750E-04 4.53575E-02 0.00000E+00
 4.60000E+00 1.12426E+01 7.64314E-04 0.00000E+00 7.64314E-04 0.00000E+00 1.12434E+01 1.11627E+01 7.48299E-04 7.91380E-02 0.00000E+00
 4.80000E+00 1.61333E+01 1.22998E-03 0.00000E+00 1.22998E-03 0.00000E+00 1.61345E+01 1.60005E+01 1.33207E-03 1.31490E-01 0.00000E+00
 5.00000E+00 2.24123E+01 1.84878E-03 0.00000E+00 1.84878E-03 0.00000E+00 2.24141E+01 2.22006E+01 2.27812E-03 2.09346E-01 0.00000E+00
 5.20000E+00 3.02327E+01 2.60893E-03 0.00000E+00 2.60893E-03 0.00000E+00 3.02353E+01 2.99083E+01 3.78619E-03 3.20599E-01 0.00000E+00
 5.40000E+00 3.97108E+01 3.47304E-03 0.00000E+00 3.47304E-03 0.00000E+00 3.97143E+01 3.92297E+01 6.77456E-03 4.74303E-01 0.00000E+00
 5.60000E+00 5.09228E+01 4.38227E-03 0.00000E+00 4.38227E-03 0.00000E+00 5.09272E+01 5.02315E+01 1.10002E-02 6.80278E-01 0.00000E+00
 5.80000E+00 6.39069E+01 5.26563E-03 0.00000E+00 5.26563E-03 0.00000E+00 6.39122E+01 6.29405E+01 1.82023E-02 9.48280E-01 0.00000E+00
 6.00000E+00 7.86702E+01 6.05044E-03 0.00000E+00 6.05044E-03 0.00000E+00 7.86762E+01 7.73180E+01 4.46798E-02 1.30746E+00 0.00000E+00
 6.20000E+00 9.51969E+01 6.68675E-03 0.00000E+00 6.68675E-03 0.00000E+00 9.52036E+01 9.34337E+01 4.45025E-02 1.71871E+00 0.00000E+00
 6.40000E+00 1.13457E+02 7.13245E-03 0.00000E+00 7.13245E-03 0.00000E+00 1.13464E+02 1.11190E+02 6.82319E-02 2.19848E+00 0.00000E+00
 6.60000E+00 1.33412E+02 7.36743E-03 0.00000E+00 7.36743E-03 0.00000E+00 1.33419E+02 1.30427E+02 1.08715E-01 2.87599E+00 0.00000E+00
 6.80000E+00 1.55017E+02 7.41110E-03 0.00000E+00 7.41110E-03 0.00000E+00 1.55024E+02 1.51290E+02 1.48541E-01 3.57799E+00 0.00000E+00
 7.00000E+00 1.78219E+02 7.27231E-03 0.00000E+00 7.27231E-03 0.00000E+00 1.78226E+02 1.73482E+02 2.44568E-01 4.49200E+00 0.00000E+00
 7.20000E+00 2.02952E+02 6.99482E-03 0.00000E+00 6.99482E-03 0.00000E+00 2.02959E+02 1.97192E+02 2.94337E-01 5.46468E+00 0.00000E+00
 7.40000E+00 2.29136E+02 6.60407E-03 0.00000E+00 6.60407E-03 0.00000E+00 2.29143E+02 2.22191E+02 4.06478E-01 6.53704E+00 0.00000E+00
 7.60000E+00 2.56665E+02 6.12906E-03 0.00000E+00 6.12906E-03 0.00000E+00 2.56671E+02 2.48173E+02 5.63489E-01 7.92573E+00 0.00000E+00
 7.80000E+00 2.85400E+02 5.61104E-03 0.00000E+00 5.61104E-03 0.00000E+00 2.85406E+02 2.75343E+02 7.37262E-01 9.31446E+00 0.00000E+00
 8.00000E+00 3.15204E+02 5.06818E-03 0.00000E+00 5.06818E-03 0.00000E+00 3.15209E+02 3.03173E+02 1.02052E+00 1.10019E+01 0.00000E+00
 8.50000E+00 3.93138E+02 3.75312E-03 0.00000E+00 3.75312E-03 0.00000E+00 3.93142E+02 3.75495E+02 1.87249E+00 1.57455E+01 0.00000E+00
 9.00000E+00 4.73459E+02 2.62805E-03 0.00000E+00 2.62805E-03 0.00000E+00 4.73462E+02 4.48778E+02 3.14337E+00 2.14790E+01 0.00000E+00
 9.50000E+00 5.53286E+02 1.75893E-03 0.00000E+00 1.75893E-03 0.00000E+00 5.53288E+02 5.20172E+02 4.86410E+00 2.81343E+01 0.00000E+00
 1.00000E+01 6.30500E+02 1.13593E-03 0.00000E+00 1.13593E-03 0.00000E+00 6.30501E+02 5.87683E+02 6.98488E+00 3.56333E+01 0.00000E+00
 1.05000E+01 7.03733E+02 7.14616E-04 0.00000E+00 7.14616E-04 0.00000E+00 7.03734E+02 6.50113E+02 9.40919E+00 4.38989E+01 0.00000E+00
 1.10000E+01 7.72027E+02 4.41909E-04 0.00000E+00 4.41909E-04 0.00000E+00 7.72027E+02 7.06726E+02 1.19779E+01 5.28559E+01 0.00000E+00
 1.15000E+01 8.34623E+02 2.70447E-04 0.00000E+00 2.70447E-04 0.00000E+00 8.34623E+02 7.56961E+02 1.45620E+01 6.24189E+01 0.00000E+00
 1.20000E+01 8.91031E+02 1.64553E-04 0.00000E+00 1.64553E-04 0.00000E+00 8.91031E+02 8.00523E+02 1.70393E+01 7.24970E+01 0.00000E+00
 1.25000E+01 9.41210E+02 4.70548E-05 0.00000E+00 4.70548E-05 0.00000E+00 9.41210E+02 8.37525E+02 1.93393E+01 8.30050E+01 0.00000E+00
 1.30000E+01 9.85640E+02 2.85264E-05 0.00000E+00 2.85264E-05 0.00000E+00 9.85640E+02 8.68558E+02 2.14082E+01 9.39007E+01 0.00000E+00
 1.35000E+01 1.02521E+03 1.73145E-05 0.00000E+00 1.73145E-05 0.00000E+00 1.02521E+03 8.94856E+02 2.31293E+01 1.04981E+02 0.00000E+00
 1.40000E+01 1.06099E+03 1.05350E-05 0.00000E+00 1.05350E-05 0.00000E+00 1.06099E+03 9.16681E+02 2.47460E+01 1.16828E+02 0.00000E+00
 1.45000E+01 1.09400E+03 6.44429E-06 0.00000E+00 6.44429E-06 0.00000E+00 1.09400E+03 9.35347E+02 2.61662E+01 1.29252E+02 0.00000E+00
 1.50000E+01 1.12499E+03 3.97408E-06 0.00000E+00 3.97408E-06 0.00000E+00 1.12499E+03 9.51485E+02 2.74097E+01 1.42356E+02 0.00000E+00
 1.60000E+01 1.18253E+03 1.56943E-06 0.00000E+00 1.56943E-06 0.00000E+00 1.18253E+03 9.77708E+02 2.94807E+01 1.70604E+02 0.00000E+00
 1.70000E+01 1.23449E+03 6.71524E-07 0.00000E+00 6.71524E-07 0.00000E+00 1.23449E+03 9.96309E+02 3.11401E+01 2.01384E+02 0.00000E+00
 1.80000E+01 1.28015E+03 3.27534E-07 0.00000E+00 3.27534E-07 0.00000E+00 1.28015E+03 1.00707E+03 3.24850E+01 2.34140E+02 0.00000E+00
 1.90000E+01 1.31925E+03 1.92333E-07 0.00000E+00 1.92333E-07 0.00000E+00 1.31925E+03 1.00946E+03 3.35401E+01 2.69120E+02 0.00000E+00
 2.00000E+01 1.35252E+03 1.38065E-07 0.00000E+00 1.38065E-07 0.00000E+00 1.35252E+03 1.00326E+03 3.43259E+01 3.07201E+02 0.00000E+00
 2.10000E+01 1.38117E+03 1.16011E-07 0.00000E+00 1.16011E-07 0.00000E+00 1.38117E+03 9.94963E+02 3.48123E+01 3.43109E+02 0.00000E+00
 2.20000E+01 1.40644E+03 1.06859E-07 0.00000E+00 1.06859E-07 0.00000E+00 1.40644E+03 9.83975E+02 3.51540E+01 3.78491E+02 0.00000E+00
 2.30000E+01 1.42928E+03 1.03006E-07 0.00000E+00 1.03006E-07 0.00000E+00 1.42928E+03 9.75967E+02 3.53539E+01 4.08612E+02 0.00000E+00
 2.40000E+01 1.45030E+03 1.01337E-07 0.00000E+00 1.01337E-07 0.00000E+00 1.45030E+03 9.63731E+02 3.54572E+01 4.41236E+02 0.00000E+00
 2.50000E+01 1.46984E+03 1.00603E-07 0.00000E+00 1.00603E-07 0.00000E+00 1.46984E+03 9.48745E+02 3.54931E+01 4.75202E+02 0.00000E+00
 2.60000E+01 1.48797E+03 1.00276E-07 0.00000E+00 1.00276E-07 0.00000E+00 1.48797E+03 9.32705E+02 3.54817E+01 5.08892E+02 0.00000E+00
 2.70000E+01 1.50458E+03 1.00128E-07 0.00000E+00 1.00128E-07 0.00000E+00 1.50458E+03 9.15681E+02 3.54272E+01 5.42146E+02 0.00000E+00
 2.80000E+01 1.51939E+03 1.00060E-07 0.00000E+00 1.00060E-07 0.00000E+00 1.51939E+03 8.95082E+02 3.67461E+01 5.75859E+02 0.00000E+00
 2.90000E+01 1.53207E+03 1.00029E-07 0.00000E+00 1.00029E-07 0.00000E+00 1.53207E+03 8.75753E+02 3.66525E+01 6.07607E+02 0.00000E+00
 3.00000E+01 1.54248E+03 1.00014E-07 0.00000E+00 1.00014E-07 0.00000E+00 1.54248E+03 8.55371E+02 3.65144E+01 6.38167E+02 0.00000E+00
 3.20000E+01 1.55722E+03 1.00003E-07 0.00000E+00 1.00003E-07 0.00000E+00 1.55722E+03 8.12134E+02 3.62362E+01 6.95538E+02 0.00000E+00
 3.40000E+01 1.56675E+03 1.00001E-07 0.00000E+00 1.00001E-07 0.00000E+00 1.56675E+03 7.67953E+02 3.60216E+01 7.48452E+02 0.00000E+00
 3.60000E+01 1.57383E+03 1.00000E-07 0.00000E+00 1.00000E-07 0.00000E+00 1.57383E+03 7.24870E+02 3.59085E+01 7.97699E+02 0.00000E+00
 3.80000E+01 1.57875E+03 1.00000E-07 0.00000E+00 1.00000E-07 0.00000E+00 1.57875E+03 6.83427E+02 3.58725E+01 8.43123E+02 0.00000E+00
 4.00000E+01 1.58066E+03 1.00000E-07 0.00000E+00 1.00000E-07 0.00000E+00 1.58066E+03 6.43194E+02 3.58474E+01 8.84402E+02 0.00000E+00
 4.20000E+01 1.57938E+03 1.00000E-07 0.00000E+00 1.00000E-07 0.00000E+00 1.57938E+03 6.04882E+02 3.57537E+01 9.20657E+02 0.00000E+00
 4.40000E+01 1.57567E+03 1.00000E-07 0.00000E+00 1.00000E-07 0.00000E+00 1.57567E+03 5.67227E+02 3.64794E+01 9.53018E+02 0.00000E+00
 4.60000E+01 1.57046E+03 1.00000E-07 0.00000E+00 1.00000E-07 0.00000E+00 1.57046E+03 5.32019E+02 3.62099E+01 9.82492E+02 0.00000E+00
 4.80000E+01 1.56424E+03 1.00000E-07 0.00000E+00 1.00000E-07 0.00000E+00 1.56424E+03 4.99398E+02 3.64801E+01 1.00794E+03 0.00000E+00
 5.00000E+01 1.55715E+03 1.00000E-07 0.00000E+00 1.00000E-07 0.00000E+00 1.55715E+03 4.68435E+02 3.61157E+01 1.03163E+03 0.00000E+00
 5.20000E+01 1.54922E+03 1.00000E-07 0.00000E+00 1.00000E-07 0.00000E+00 1.54922E+03 4.39302E+02 3.56907E+01 1.05281E+03 0.00000E+00
 5.40000E+01 1.54055E+03 1.00000E-07 0.00000E+00 1.00000E-07 0.00000E+00 1.54055E+03 4.11894E+02 3.52647E+01 1.07160E+03 0.00000E+00
 5.60000E+01 1.53134E+03 1.00000E-07 0.00000E+00 1.00000E-07 0.00000E+00 1.53134E+03 3.89933E+02 3.28754E+01 1.08646E+03 0.00000E+00
 5.80000E+01 1.52178E+03 1.00000E-07 0.00000E+00 1.00000E-07 0.00000E+00 1.52178E+03 3.65672E+02 3.23561E+01 1.10151E+03 0.00000E+00
 6.00000E+01 1.51200E+03 1.00000E-07 0.00000E+00 1.00000E-07 0.00000E+00 1.51200E+03 3.43081E+02 3.17890E+01 1.11483E+03 0.00000E+00
