# p + 117Sn Total cross sections
# 
# 
# # energies =   103
#     E      Non-elastic    Elastic     Total     Comp. el.   Shape el.   Reaction   Comp. nonel   Direct    Pre-equil.  Dir. Capt.
 1.00000E-11 0.00000E+00 0.00000E+00 0.00000E+00 0.00000E+00 0.00000E+00 0.00000E+00 0.00000E+00 0.00000E+00 0.00000E+00 0.00000E+00
 2.53000E-08 0.00000E+00 0.00000E+00 0.00000E+00 0.00000E+00 0.00000E+00 0.00000E+00 0.00000E+00 0.00000E+00 0.00000E+00 0.00000E+00
 2.00000E-07 0.00000E+00 0.00000E+00 0.00000E+00 0.00000E+00 0.00000E+00 0.00000E+00 0.00000E+00 0.00000E+00 0.00000E+00 0.00000E+00
 1.00000E-06 0.00000E+00 0.00000E+00 0.00000E+00 0.00000E+00 0.00000E+00 0.00000E+00 0.00000E+00 0.00000E+00 0.00000E+00 0.00000E+00
 1.00000E-05 0.00000E+00 0.00000E+00 0.00000E+00 0.00000E+00 0.00000E+00 0.00000E+00 0.00000E+00 0.00000E+00 0.00000E+00 0.00000E+00
 1.00000E-04 0.00000E+00 0.00000E+00 0.00000E+00 0.00000E+00 0.00000E+00 0.00000E+00 0.00000E+00 0.00000E+00 0.00000E+00 0.00000E+00
 1.00000E-03 0.00000E+00 0.00000E+00 0.00000E+00 0.00000E+00 0.00000E+00 0.00000E+00 0.00000E+00 0.00000E+00 0.00000E+00 0.00000E+00
 2.00000E-03 0.00000E+00 0.00000E+00 0.00000E+00 0.00000E+00 0.00000E+00 0.00000E+00 0.00000E+00 0.00000E+00 0.00000E+00 0.00000E+00
 4.00000E-03 0.00000E+00 0.00000E+00 0.00000E+00 0.00000E+00 0.00000E+00 0.00000E+00 0.00000E+00 0.00000E+00 0.00000E+00 0.00000E+00
 7.00000E-03 0.00000E+00 0.00000E+00 0.00000E+00 0.00000E+00 0.00000E+00 0.00000E+00 0.00000E+00 0.00000E+00 0.00000E+00 0.00000E+00
 1.00000E-02 0.00000E+00 0.00000E+00 0.00000E+00 0.00000E+00 0.00000E+00 0.00000E+00 0.00000E+00 0.00000E+00 0.00000E+00 0.00000E+00
 2.00000E-02 0.00000E+00 0.00000E+00 0.00000E+00 0.00000E+00 0.00000E+00 0.00000E+00 0.00000E+00 0.00000E+00 0.00000E+00 0.00000E+00
 4.00000E-02 0.00000E+00 0.00000E+00 0.00000E+00 0.00000E+00 0.00000E+00 0.00000E+00 0.00000E+00 0.00000E+00 0.00000E+00 0.00000E+00
 7.00000E-02 0.00000E+00 0.00000E+00 0.00000E+00 0.00000E+00 0.00000E+00 0.00000E+00 0.00000E+00 0.00000E+00 0.00000E+00 0.00000E+00
 1.00000E-01 0.00000E+00 0.00000E+00 0.00000E+00 0.00000E+00 0.00000E+00 0.00000E+00 0.00000E+00 0.00000E+00 0.00000E+00 0.00000E+00
 2.00000E-01 0.00000E+00 0.00000E+00 0.00000E+00 0.00000E+00 0.00000E+00 1.25805E-36 0.00000E+00 0.00000E+00 0.00000E+00 0.00000E+00
 3.00000E-01 0.00000E+00 0.00000E+00 0.00000E+00 0.00000E+00 0.00000E+00 5.73717E-28 0.00000E+00 0.00000E+00 0.00000E+00 0.00000E+00
 4.00000E-01 0.00000E+00 0.00000E+00 0.00000E+00 0.00000E+00 0.00000E+00 1.71651E-22 0.00000E+00 0.00000E+00 0.00000E+00 0.00000E+00
 5.00000E-01 0.00000E+00 0.00000E+00 0.00000E+00 0.00000E+00 0.00000E+00 5.37808E-19 0.00000E+00 0.00000E+00 0.00000E+00 0.00000E+00
 6.00000E-01 0.00000E+00 0.00000E+00 0.00000E+00 0.00000E+00 0.00000E+00 2.00469E-16 0.00000E+00 0.00000E+00 0.00000E+00 0.00000E+00
 7.00000E-01 0.00000E+00 0.00000E+00 0.00000E+00 0.00000E+00 0.00000E+00 1.96737E-14 0.00000E+00 0.00000E+00 0.00000E+00 0.00000E+00
 8.00000E-01 0.00000E+00 0.00000E+00 0.00000E+00 0.00000E+00 0.00000E+00 7.84043E-13 0.00000E+00 0.00000E+00 0.00000E+00 0.00000E+00
 9.00000E-01 0.00000E+00 0.00000E+00 0.00000E+00 0.00000E+00 0.00000E+00 1.64428E-11 0.00000E+00 0.00000E+00 0.00000E+00 0.00000E+00
 1.00000E+00 0.00000E+00 0.00000E+00 0.00000E+00 0.00000E+00 0.00000E+00 2.14164E-10 0.00000E+00 0.00000E+00 0.00000E+00 0.00000E+00
 1.20000E+00 0.00000E+00 0.00000E+00 0.00000E+00 0.00000E+00 0.00000E+00 1.31487E-08 0.00000E+00 0.00000E+00 0.00000E+00 0.00000E+00
 1.40000E+00 0.00000E+00 0.00000E+00 0.00000E+00 0.00000E+00 0.00000E+00 3.16946E-07 0.00000E+00 0.00000E+00 0.00000E+00 0.00000E+00
 1.60000E+00 0.00000E+00 0.00000E+00 0.00000E+00 0.00000E+00 0.00000E+00 4.06586E-06 0.00000E+00 0.00000E+00 0.00000E+00 0.00000E+00
 1.80000E+00 3.32843E-05 2.72958E-10 0.00000E+00 2.72958E-10 0.00000E+00 3.32846E-05 3.32843E-05 3.59129E-35 0.00000E+00 0.00000E+00
 2.00000E+00 1.95279E-04 6.75496E-09 0.00000E+00 6.75496E-09 0.00000E+00 1.95286E-04 1.95279E-04 7.94072E-27 0.00000E+00 0.00000E+00
 2.20000E+00 8.87576E-04 2.03965E-07 0.00000E+00 2.03965E-07 0.00000E+00 8.87780E-04 8.84671E-04 2.90066E-06 4.28326E-09 0.00000E+00
 2.40000E+00 3.30133E-03 1.24693E-06 0.00000E+00 1.24693E-06 0.00000E+00 3.30258E-03 3.29842E-03 2.90056E-06 1.57281E-08 0.00000E+00
 2.60000E+00 1.04511E-02 7.07604E-06 0.00000E+00 7.07604E-06 0.00000E+00 1.04582E-02 1.04481E-02 2.95026E-06 6.25195E-08 0.00000E+00
 2.80000E+00 2.90024E-02 2.73199E-05 0.00000E+00 2.73199E-05 0.00000E+00 2.90297E-02 2.89949E-02 7.24397E-06 1.93077E-07 0.00000E+00
 3.00000E+00 7.21172E-02 1.07242E-04 0.00000E+00 1.07242E-04 0.00000E+00 7.22244E-02 7.20823E-02 3.43077E-05 5.36719E-07 0.00000E+00
 3.20000E+00 1.63482E-01 3.73721E-04 0.00000E+00 3.73721E-04 0.00000E+00 1.63856E-01 1.63348E-01 1.32952E-04 1.46338E-06 0.00000E+00
 3.40000E+00 3.42899E-01 7.07020E-04 0.00000E+00 7.07020E-04 0.00000E+00 3.43606E-01 3.42452E-01 4.43456E-04 3.07245E-06 0.00000E+00
 3.60000E+00 6.71850E-01 1.36812E-03 0.00000E+00 1.36812E-03 0.00000E+00 6.73218E-01 6.70626E-01 1.21687E-03 7.26797E-06 0.00000E+00
 3.80000E+00 1.24008E+00 3.08601E-03 0.00000E+00 3.08601E-03 0.00000E+00 1.24317E+00 1.23715E+00 2.92238E-03 1.49561E-05 0.00000E+00
 4.00000E+00 2.17177E+00 6.83069E-03 0.00000E+00 6.83069E-03 0.00000E+00 2.17860E+00 2.16543E+00 6.30119E-03 3.57792E-05 0.00000E+00
 4.20000E+00 3.63202E+00 1.20607E-02 0.00000E+00 1.20607E-02 0.00000E+00 3.64408E+00 3.61935E+00 1.22491E-02 4.16347E-04 0.00000E+00
 4.40000E+00 5.82466E+00 2.00496E-02 0.00000E+00 2.00496E-02 0.00000E+00 5.84471E+00 5.80155E+00 2.13845E-02 1.72993E-03 0.00000E+00
 4.60000E+00 8.99044E+00 3.19674E-02 0.00000E+00 3.19674E-02 0.00000E+00 9.02241E+00 8.94948E+00 3.61841E-02 4.77411E-03 0.00000E+00
 4.80000E+00 1.33966E+01 4.90099E-02 0.00000E+00 4.90099E-02 0.00000E+00 1.34456E+01 1.33277E+01 5.81037E-02 1.07519E-02 0.00000E+00
 5.00000E+00 1.93187E+01 7.21221E-02 0.00000E+00 7.21221E-02 0.00000E+00 1.93908E+01 1.92095E+01 8.76924E-02 2.14610E-02 0.00000E+00
 5.20000E+00 2.70159E+01 1.01563E-01 0.00000E+00 1.01563E-01 0.00000E+00 2.71175E+01 2.68471E+01 1.29067E-01 3.97507E-02 0.00000E+00
 5.40000E+00 3.67008E+01 1.36518E-01 0.00000E+00 1.36518E-01 0.00000E+00 3.68373E+01 3.64506E+01 1.80954E-01 6.92056E-02 0.00000E+00
 5.60000E+00 4.85093E+01 1.74909E-01 0.00000E+00 1.74909E-01 0.00000E+00 4.86842E+01 4.81479E+01 2.46781E-01 1.14591E-01 0.00000E+00
 5.80000E+00 6.24786E+01 2.13447E-01 0.00000E+00 2.13447E-01 0.00000E+00 6.26920E+01 6.19689E+01 3.28591E-01 1.80896E-01 0.00000E+00
 6.00000E+00 7.85383E+01 2.48179E-01 0.00000E+00 2.48179E-01 0.00000E+00 7.87865E+01 7.78469E+01 4.23397E-01 2.67672E-01 0.00000E+00
 6.20000E+00 9.65207E+01 2.75182E-01 0.00000E+00 2.75182E-01 0.00000E+00 9.67959E+01 9.56010E+01 5.31448E-01 3.87288E-01 0.00000E+00
 6.40000E+00 1.16186E+02 2.91512E-01 0.00000E+00 2.91512E-01 0.00000E+00 1.16478E+02 1.14975E+02 6.62598E-01 5.47237E-01 0.00000E+00
 6.60000E+00 1.37263E+02 2.95928E-01 0.00000E+00 2.95928E-01 0.00000E+00 1.37559E+02 1.35693E+02 8.14218E-01 7.51113E-01 0.00000E+00
 6.80000E+00 1.59482E+02 2.88881E-01 0.00000E+00 2.88881E-01 0.00000E+00 1.59771E+02 1.57490E+02 9.79088E-01 1.00528E+00 0.00000E+00
 7.00000E+00 1.82608E+02 2.72246E-01 0.00000E+00 2.72246E-01 0.00000E+00 1.82880E+02 1.80112E+02 1.16666E+00 1.31369E+00 0.00000E+00
 7.20000E+00 2.06454E+02 2.48736E-01 0.00000E+00 2.48736E-01 0.00000E+00 2.06703E+02 2.03367E+02 1.37517E+00 1.68540E+00 0.00000E+00
 7.40000E+00 2.30890E+02 2.21232E-01 0.00000E+00 2.21232E-01 0.00000E+00 2.31111E+02 2.27090E+02 1.63058E+00 2.12395E+00 0.00000E+00
 7.60000E+00 2.55823E+02 1.92380E-01 0.00000E+00 1.92380E-01 0.00000E+00 2.56015E+02 2.51265E+02 1.85002E+00 2.63431E+00 0.00000E+00
 7.80000E+00 2.81193E+02 1.64047E-01 0.00000E+00 1.64047E-01 0.00000E+00 2.81357E+02 2.75712E+02 2.13339E+00 3.23338E+00 0.00000E+00
 8.00000E+00 3.06955E+02 1.37700E-01 0.00000E+00 1.37700E-01 0.00000E+00 3.07093E+02 3.00460E+02 2.43762E+00 3.88437E+00 0.00000E+00
 8.50000E+00 3.72780E+02 8.46935E-02 0.00000E+00 8.46935E-02 0.00000E+00 3.72865E+02 3.63142E+02 3.24964E+00 5.96419E+00 0.00000E+00
 9.00000E+00 4.39978E+02 5.00634E-02 0.00000E+00 5.00634E-02 0.00000E+00 4.40028E+02 4.26117E+02 4.14361E+00 8.85049E+00 0.00000E+00
 9.50000E+00 5.07569E+02 1.73261E-02 0.00000E+00 1.73261E-02 0.00000E+00 5.07586E+02 4.88407E+02 5.11289E+00 1.25207E+01 0.00000E+00
 1.00000E+01 5.74626E+02 1.00442E-02 0.00000E+00 1.00442E-02 0.00000E+00 5.74636E+02 5.48985E+02 6.15801E+00 1.70862E+01 0.00000E+00
 1.05000E+01 6.40492E+02 5.80520E-03 0.00000E+00 5.80520E-03 0.00000E+00 6.40498E+02 6.07171E+02 7.26985E+00 2.26032E+01 0.00000E+00
 1.10000E+01 7.04585E+02 3.35527E-03 0.00000E+00 3.35527E-03 0.00000E+00 7.04588E+02 6.62430E+02 8.39207E+00 2.90988E+01 0.00000E+00
 1.15000E+01 7.66175E+02 1.94363E-03 0.00000E+00 1.94363E-03 0.00000E+00 7.66177E+02 7.13978E+02 9.57104E+00 3.65948E+01 0.00000E+00
 1.20000E+01 8.24319E+02 1.13001E-03 0.00000E+00 1.13001E-03 0.00000E+00 8.24320E+02 7.60976E+02 1.07465E+01 4.50455E+01 0.00000E+00
 1.25000E+01 8.78035E+02 6.59349E-04 0.00000E+00 6.59349E-04 0.00000E+00 8.78036E+02 8.02553E+02 1.18891E+01 5.43761E+01 0.00000E+00
 1.30000E+01 9.26607E+02 3.85938E-04 0.00000E+00 3.85938E-04 0.00000E+00 9.26607E+02 8.38137E+02 1.29690E+01 6.44952E+01 0.00000E+00
 1.35000E+01 9.69812E+02 2.26489E-04 0.00000E+00 2.26489E-04 0.00000E+00 9.69812E+02 8.67686E+02 1.39571E+01 7.53138E+01 0.00000E+00
 1.40000E+01 1.00796E+03 1.33233E-04 0.00000E+00 1.33233E-04 0.00000E+00 1.00796E+03 8.91610E+02 1.48233E+01 8.68377E+01 0.00000E+00
 1.45000E+01 1.04175E+03 7.85995E-05 0.00000E+00 7.85995E-05 0.00000E+00 1.04175E+03 9.10706E+02 1.55528E+01 9.90484E+01 0.00000E+00
 1.50000E+01 1.07208E+03 4.65451E-05 0.00000E+00 4.65451E-05 0.00000E+00 1.07208E+03 9.25866E+02 1.61474E+01 1.11986E+02 0.00000E+00
 1.60000E+01 1.12562E+03 1.66000E-05 0.00000E+00 1.66000E-05 0.00000E+00 1.12562E+03 9.47756E+02 1.68615E+01 1.40030E+02 0.00000E+00
 1.70000E+01 1.17338E+03 6.11360E-06 0.00000E+00 6.11360E-06 0.00000E+00 1.17338E+03 9.61727E+02 1.73056E+01 1.70970E+02 0.00000E+00
 1.80000E+01 1.21700E+03 2.35521E-06 0.00000E+00 2.35521E-06 0.00000E+00 1.21700E+03 9.69303E+02 1.75341E+01 2.04798E+02 0.00000E+00
 1.90000E+01 1.25639E+03 9.68118E-07 0.00000E+00 9.68118E-07 0.00000E+00 1.25639E+03 9.69140E+02 1.76011E+01 2.42630E+02 0.00000E+00
 2.00000E+01 1.29120E+03 4.41881E-07 0.00000E+00 4.41881E-07 0.00000E+00 1.29120E+03 9.60553E+02 1.75533E+01 2.84679E+02 0.00000E+00
 2.10000E+01 1.32147E+03 2.38495E-07 0.00000E+00 2.38495E-07 0.00000E+00 1.32147E+03 9.51614E+02 1.74085E+01 3.22841E+02 0.00000E+00
 2.20000E+01 1.34754E+03 1.57524E-07 0.00000E+00 1.57524E-07 0.00000E+00 1.34754E+03 9.41366E+02 1.71907E+01 3.58355E+02 0.00000E+00
 2.30000E+01 1.36994E+03 1.24566E-07 0.00000E+00 1.24566E-07 0.00000E+00 1.36994E+03 9.34304E+02 1.69122E+01 3.87211E+02 0.00000E+00
 2.40000E+01 1.38933E+03 1.10641E-07 0.00000E+00 1.10641E-07 0.00000E+00 1.38933E+03 9.19671E+02 1.65981E+01 4.20767E+02 0.00000E+00
 2.50000E+01 1.40645E+03 1.04688E-07 0.00000E+00 1.04688E-07 0.00000E+00 1.40645E+03 9.02177E+02 1.68390E+01 4.54427E+02 0.00000E+00
 2.60000E+01 1.42196E+03 1.02100E-07 0.00000E+00 1.02100E-07 0.00000E+00 1.42196E+03 8.83460E+02 1.65431E+01 4.88280E+02 0.00000E+00
 2.70000E+01 1.43637E+03 1.00956E-07 0.00000E+00 1.00956E-07 0.00000E+00 1.43637E+03 8.63922E+02 1.62351E+01 5.21912E+02 0.00000E+00
 2.80000E+01 1.44986E+03 1.00442E-07 0.00000E+00 1.00442E-07 0.00000E+00 1.44986E+03 8.45085E+02 1.59189E+01 5.53989E+02 0.00000E+00
 2.90000E+01 1.46236E+03 1.00207E-07 0.00000E+00 1.00207E-07 0.00000E+00 1.46236E+03 8.24636E+02 1.56555E+01 5.86692E+02 0.00000E+00
 3.00000E+01 1.47355E+03 1.00099E-07 0.00000E+00 1.00099E-07 0.00000E+00 1.47355E+03 8.03640E+02 1.54239E+01 6.18627E+02 0.00000E+00
 3.20000E+01 1.49072E+03 1.00023E-07 0.00000E+00 1.00023E-07 0.00000E+00 1.49072E+03 7.59940E+02 1.49025E+01 6.78997E+02 0.00000E+00
 3.40000E+01 1.50063E+03 1.00006E-07 0.00000E+00 1.00006E-07 0.00000E+00 1.50063E+03 7.14359E+02 1.43697E+01 7.33864E+02 0.00000E+00
 3.60000E+01 1.50555E+03 1.00001E-07 0.00000E+00 1.00001E-07 0.00000E+00 1.50555E+03 6.68877E+02 1.38934E+01 7.83586E+02 0.00000E+00
 3.80000E+01 1.50802E+03 1.00000E-07 0.00000E+00 1.00000E-07 0.00000E+00 1.50802E+03 6.25354E+02 1.34850E+01 8.28887E+02 0.00000E+00
 4.00000E+01 1.50885E+03 1.00000E-07 0.00000E+00 1.00000E-07 0.00000E+00 1.50885E+03 5.83876E+02 1.31561E+01 8.70547E+02 0.00000E+00
 4.20000E+01 1.50769E+03 1.00000E-07 0.00000E+00 1.00000E-07 0.00000E+00 1.50769E+03 5.44850E+02 1.28786E+01 9.07867E+02 0.00000E+00
 4.40000E+01 1.50427E+03 1.00000E-07 0.00000E+00 1.00000E-07 0.00000E+00 1.50427E+03 5.07899E+02 1.26152E+01 9.40959E+02 0.00000E+00
 4.60000E+01 1.49896E+03 1.00000E-07 0.00000E+00 1.00000E-07 0.00000E+00 1.49896E+03 4.71860E+02 1.31879E+01 9.70530E+02 0.00000E+00
 4.80000E+01 1.49237E+03 1.00000E-07 0.00000E+00 1.00000E-07 0.00000E+00 1.49237E+03 4.37750E+02 1.43087E+01 9.96483E+02 0.00000E+00
 5.00000E+01 1.48497E+03 1.00000E-07 0.00000E+00 1.00000E-07 0.00000E+00 1.48497E+03 4.07141E+02 1.39556E+01 1.01978E+03 0.00000E+00
 5.20000E+01 1.47698E+03 1.00000E-07 0.00000E+00 1.00000E-07 0.00000E+00 1.47698E+03 3.78509E+02 1.36763E+01 1.04062E+03 0.00000E+00
 5.40000E+01 1.46848E+03 1.00000E-07 0.00000E+00 1.00000E-07 0.00000E+00 1.46848E+03 3.51900E+02 1.33371E+01 1.05916E+03 0.00000E+00
 5.60000E+01 1.45954E+03 1.00000E-07 0.00000E+00 1.00000E-07 0.00000E+00 1.45954E+03 3.27112E+02 1.30022E+01 1.07556E+03 0.00000E+00
 5.80000E+01 1.45027E+03 1.00000E-07 0.00000E+00 1.00000E-07 0.00000E+00 1.45027E+03 3.03990E+02 1.26678E+01 1.09008E+03 0.00000E+00
 6.00000E+01 1.44080E+03 1.00000E-07 0.00000E+00 1.00000E-07 0.00000E+00 1.44080E+03 2.82425E+02 1.23337E+01 1.10297E+03 0.00000E+00
