# p + 120Sn Total cross sections
# 
# 
# # energies =   103
#     E      Non-elastic    Elastic     Total     Comp. el.   Shape el.   Reaction   Comp. nonel   Direct    Pre-equil.  Dir. Capt.
 1.00000E-11 0.00000E+00 0.00000E+00 0.00000E+00 0.00000E+00 0.00000E+00 0.00000E+00 0.00000E+00 0.00000E+00 0.00000E+00 0.00000E+00
 2.53000E-08 0.00000E+00 0.00000E+00 0.00000E+00 0.00000E+00 0.00000E+00 0.00000E+00 0.00000E+00 0.00000E+00 0.00000E+00 0.00000E+00
 2.00000E-07 0.00000E+00 0.00000E+00 0.00000E+00 0.00000E+00 0.00000E+00 0.00000E+00 0.00000E+00 0.00000E+00 0.00000E+00 0.00000E+00
 1.00000E-06 0.00000E+00 0.00000E+00 0.00000E+00 0.00000E+00 0.00000E+00 0.00000E+00 0.00000E+00 0.00000E+00 0.00000E+00 0.00000E+00
 1.00000E-05 0.00000E+00 0.00000E+00 0.00000E+00 0.00000E+00 0.00000E+00 0.00000E+00 0.00000E+00 0.00000E+00 0.00000E+00 0.00000E+00
 1.00000E-04 0.00000E+00 0.00000E+00 0.00000E+00 0.00000E+00 0.00000E+00 0.00000E+00 0.00000E+00 0.00000E+00 0.00000E+00 0.00000E+00
 1.00000E-03 0.00000E+00 0.00000E+00 0.00000E+00 0.00000E+00 0.00000E+00 0.00000E+00 0.00000E+00 0.00000E+00 0.00000E+00 0.00000E+00
 2.00000E-03 0.00000E+00 0.00000E+00 0.00000E+00 0.00000E+00 0.00000E+00 0.00000E+00 0.00000E+00 0.00000E+00 0.00000E+00 0.00000E+00
 4.00000E-03 0.00000E+00 0.00000E+00 0.00000E+00 0.00000E+00 0.00000E+00 0.00000E+00 0.00000E+00 0.00000E+00 0.00000E+00 0.00000E+00
 7.00000E-03 0.00000E+00 0.00000E+00 0.00000E+00 0.00000E+00 0.00000E+00 0.00000E+00 0.00000E+00 0.00000E+00 0.00000E+00 0.00000E+00
 1.00000E-02 0.00000E+00 0.00000E+00 0.00000E+00 0.00000E+00 0.00000E+00 0.00000E+00 0.00000E+00 0.00000E+00 0.00000E+00 0.00000E+00
 2.00000E-02 0.00000E+00 0.00000E+00 0.00000E+00 0.00000E+00 0.00000E+00 0.00000E+00 0.00000E+00 0.00000E+00 0.00000E+00 0.00000E+00
 4.00000E-02 0.00000E+00 0.00000E+00 0.00000E+00 0.00000E+00 0.00000E+00 0.00000E+00 0.00000E+00 0.00000E+00 0.00000E+00 0.00000E+00
 7.00000E-02 0.00000E+00 0.00000E+00 0.00000E+00 0.00000E+00 0.00000E+00 0.00000E+00 0.00000E+00 0.00000E+00 0.00000E+00 0.00000E+00
 1.00000E-01 0.00000E+00 0.00000E+00 0.00000E+00 0.00000E+00 0.00000E+00 0.00000E+00 0.00000E+00 0.00000E+00 0.00000E+00 0.00000E+00
 2.00000E-01 0.00000E+00 0.00000E+00 0.00000E+00 0.00000E+00 0.00000E+00 1.74487E-36 0.00000E+00 0.00000E+00 0.00000E+00 0.00000E+00
 3.00000E-01 0.00000E+00 0.00000E+00 0.00000E+00 0.00000E+00 0.00000E+00 7.91865E-28 0.00000E+00 0.00000E+00 0.00000E+00 0.00000E+00
 4.00000E-01 0.00000E+00 0.00000E+00 0.00000E+00 0.00000E+00 0.00000E+00 2.34638E-22 0.00000E+00 0.00000E+00 0.00000E+00 0.00000E+00
 5.00000E-01 0.00000E+00 0.00000E+00 0.00000E+00 0.00000E+00 0.00000E+00 7.30728E-19 0.00000E+00 0.00000E+00 0.00000E+00 0.00000E+00
 6.00000E-01 0.00000E+00 0.00000E+00 0.00000E+00 0.00000E+00 0.00000E+00 2.70742E-16 0.00000E+00 0.00000E+00 0.00000E+00 0.00000E+00
 7.00000E-01 0.00000E+00 0.00000E+00 0.00000E+00 0.00000E+00 0.00000E+00 2.64104E-14 0.00000E+00 0.00000E+00 0.00000E+00 0.00000E+00
 8.00000E-01 0.00000E+00 0.00000E+00 0.00000E+00 0.00000E+00 0.00000E+00 1.04628E-12 0.00000E+00 0.00000E+00 0.00000E+00 0.00000E+00
 9.00000E-01 0.00000E+00 0.00000E+00 0.00000E+00 0.00000E+00 0.00000E+00 2.18133E-11 0.00000E+00 0.00000E+00 0.00000E+00 0.00000E+00
 1.00000E+00 0.00000E+00 0.00000E+00 0.00000E+00 0.00000E+00 0.00000E+00 2.82454E-10 0.00000E+00 0.00000E+00 0.00000E+00 0.00000E+00
 1.20000E+00 0.00000E+00 0.00000E+00 0.00000E+00 0.00000E+00 0.00000E+00 1.71422E-08 0.00000E+00 0.00000E+00 0.00000E+00 0.00000E+00
 1.40000E+00 0.00000E+00 0.00000E+00 0.00000E+00 0.00000E+00 0.00000E+00 4.08527E-07 0.00000E+00 0.00000E+00 0.00000E+00 0.00000E+00
 1.60000E+00 0.00000E+00 0.00000E+00 0.00000E+00 0.00000E+00 0.00000E+00 5.18203E-06 0.00000E+00 0.00000E+00 0.00000E+00 0.00000E+00
 1.80000E+00 4.19566E-05 5.17868E-10 0.00000E+00 5.17868E-10 0.00000E+00 4.19571E-05 4.19566E-05 1.81880E-25 0.00000E+00 0.00000E+00
 2.00000E+00 2.43508E-04 1.21664E-08 0.00000E+00 1.21664E-08 0.00000E+00 2.43520E-04 2.43508E-04 3.68528E-21 0.00000E+00 0.00000E+00
 2.20000E+00 1.09519E-03 1.82600E-07 0.00000E+00 1.82600E-07 0.00000E+00 1.09537E-03 1.09519E-03 4.43602E-18 0.00000E+00 0.00000E+00
 2.40000E+00 4.03070E-03 1.95511E-06 0.00000E+00 1.95511E-06 0.00000E+00 4.03266E-03 4.03070E-03 1.01197E-15 0.00000E+00 0.00000E+00
 2.60000E+00 1.26257E-02 1.50516E-05 0.00000E+00 1.50516E-05 0.00000E+00 1.26408E-02 1.26257E-02 7.78567E-14 0.00000E+00 0.00000E+00
 2.80000E+00 3.46521E-02 8.92046E-05 0.00000E+00 8.92046E-05 0.00000E+00 3.47413E-02 3.46521E-02 2.79772E-12 0.00000E+00 0.00000E+00
 3.00000E+00 8.51809E-02 4.23298E-04 0.00000E+00 4.23298E-04 0.00000E+00 8.56042E-02 8.51783E-02 2.56988E-06 0.00000E+00 0.00000E+00
 3.20000E+00 1.90720E-01 1.66553E-03 0.00000E+00 1.66553E-03 0.00000E+00 1.92386E-01 1.90717E-01 3.39180E-06 0.00000E+00 0.00000E+00
 3.40000E+00 3.94168E-01 5.57692E-03 0.00000E+00 5.57692E-03 0.00000E+00 3.99745E-01 3.94162E-01 6.48428E-06 0.00000E+00 0.00000E+00
 3.60000E+00 7.70468E-01 5.80319E-03 0.00000E+00 5.80319E-03 0.00000E+00 7.76271E-01 7.70455E-01 1.27848E-05 0.00000E+00 0.00000E+00
 3.80000E+00 1.41483E+00 6.28104E-03 0.00000E+00 6.28104E-03 0.00000E+00 1.42111E+00 1.41480E+00 2.50219E-05 0.00000E+00 0.00000E+00
 4.00000E+00 2.46325E+00 6.64470E-03 0.00000E+00 6.64470E-03 0.00000E+00 2.46989E+00 2.46320E+00 4.41761E-05 0.00000E+00 0.00000E+00
 4.20000E+00 4.08997E+00 8.67988E-03 0.00000E+00 8.67988E-03 0.00000E+00 4.09865E+00 4.08975E+00 8.32627E-05 1.40084E-04 0.00000E+00
 4.40000E+00 6.51190E+00 1.24322E-02 0.00000E+00 1.24322E-02 0.00000E+00 6.52433E+00 6.51097E+00 1.60529E-04 7.65072E-04 0.00000E+00
 4.60000E+00 9.98178E+00 1.83203E-02 0.00000E+00 1.83203E-02 0.00000E+00 1.00001E+01 9.97885E+00 3.05752E-04 2.62828E-03 0.00000E+00
 4.80000E+00 1.47773E+01 2.68610E-02 0.00000E+00 2.68610E-02 0.00000E+00 1.48042E+01 1.47697E+01 5.97273E-04 7.06587E-03 0.00000E+00
 5.00000E+00 2.11829E+01 3.84073E-02 0.00000E+00 3.84073E-02 0.00000E+00 2.12213E+01 2.11656E+01 1.10943E-03 1.62004E-02 0.00000E+00
 5.20000E+00 2.94644E+01 5.29443E-02 0.00000E+00 5.29443E-02 0.00000E+00 2.95173E+01 2.94289E+01 2.18221E-03 3.32689E-02 0.00000E+00
 5.40000E+00 3.98398E+01 6.99446E-02 0.00000E+00 6.99446E-02 0.00000E+00 3.99097E+01 3.97728E+01 4.27516E-03 6.27185E-02 0.00000E+00
 5.60000E+00 5.24509E+01 8.83184E-02 0.00000E+00 8.83184E-02 0.00000E+00 5.25392E+01 5.23328E+01 8.08266E-03 1.10018E-01 0.00000E+00
 5.80000E+00 6.73420E+01 1.06469E-01 0.00000E+00 1.06469E-01 0.00000E+00 6.74485E+01 6.71452E+01 1.48208E-02 1.81999E-01 0.00000E+00
 6.00000E+00 8.44527E+01 1.22554E-01 0.00000E+00 1.22554E-01 0.00000E+00 8.45752E+01 8.41426E+01 2.56432E-02 2.84389E-01 0.00000E+00
 6.20000E+00 1.03626E+02 1.34822E-01 0.00000E+00 1.34822E-01 0.00000E+00 1.03761E+02 1.03162E+02 4.33211E-02 4.20789E-01 0.00000E+00
 6.40000E+00 1.24633E+02 1.41998E-01 0.00000E+00 1.41998E-01 0.00000E+00 1.24775E+02 1.23953E+02 7.03170E-02 6.09233E-01 0.00000E+00
 6.60000E+00 1.47207E+02 1.43567E-01 0.00000E+00 1.43567E-01 0.00000E+00 1.47351E+02 1.46247E+02 1.09517E-01 8.51027E-01 0.00000E+00
 6.80000E+00 1.71083E+02 1.39802E-01 0.00000E+00 1.39802E-01 0.00000E+00 1.71223E+02 1.69765E+02 1.63448E-01 1.15481E+00 0.00000E+00
 7.00000E+00 1.96017E+02 1.31605E-01 0.00000E+00 1.31605E-01 0.00000E+00 1.96149E+02 1.94255E+02 2.35331E-01 1.52666E+00 0.00000E+00
 7.20000E+00 2.21807E+02 1.20234E-01 0.00000E+00 1.20234E-01 0.00000E+00 2.21927E+02 2.19504E+02 3.29604E-01 1.97276E+00 0.00000E+00
 7.40000E+00 2.48291E+02 1.07025E-01 0.00000E+00 1.07025E-01 0.00000E+00 2.48398E+02 2.45340E+02 4.48361E-01 2.50126E+00 0.00000E+00
 7.60000E+00 2.75350E+02 9.31656E-02 0.00000E+00 9.31656E-02 0.00000E+00 2.75443E+02 2.71636E+02 5.94423E-01 3.11730E+00 0.00000E+00
 7.80000E+00 3.02887E+02 7.95870E-02 0.00000E+00 7.95870E-02 0.00000E+00 3.02967E+02 2.98285E+02 7.68326E-01 3.83001E+00 0.00000E+00
 8.00000E+00 3.30820E+02 6.69107E-02 0.00000E+00 6.69107E-02 0.00000E+00 3.30887E+02 3.25195E+02 9.74808E-01 4.64422E+00 0.00000E+00
 8.50000E+00 4.01889E+02 4.11936E-02 0.00000E+00 4.11936E-02 0.00000E+00 4.01930E+02 3.93107E+02 1.65528E+00 7.11076E+00 0.00000E+00
 9.00000E+00 4.73754E+02 2.42234E-02 0.00000E+00 2.42234E-02 0.00000E+00 4.73778E+02 4.60711E+02 2.59310E+00 1.04138E+01 0.00000E+00
 9.50000E+00 5.45260E+02 1.39199E-02 0.00000E+00 1.39199E-02 0.00000E+00 5.45274E+02 5.26817E+02 3.79274E+00 1.45811E+01 0.00000E+00
 1.00000E+01 6.15504E+02 7.91306E-03 0.00000E+00 7.91306E-03 0.00000E+00 6.15512E+02 5.90500E+02 5.21991E+00 1.96652E+01 0.00000E+00
 1.05000E+01 6.83863E+02 4.47975E-03 0.00000E+00 4.47975E-03 0.00000E+00 6.83867E+02 6.51167E+02 6.81622E+00 2.56927E+01 0.00000E+00
 1.10000E+01 7.49778E+02 1.19473E-03 0.00000E+00 1.19473E-03 0.00000E+00 7.49779E+02 7.08314E+02 8.51659E+00 3.26668E+01 0.00000E+00
 1.15000E+01 8.12548E+02 6.78905E-04 0.00000E+00 6.78905E-04 0.00000E+00 8.12549E+02 7.61305E+02 1.02577E+01 4.05651E+01 0.00000E+00
 1.20000E+01 8.71338E+02 3.87646E-04 0.00000E+00 3.87646E-04 0.00000E+00 8.71338E+02 8.09393E+02 1.19812E+01 4.93322E+01 0.00000E+00
 1.25000E+01 9.25376E+02 2.22442E-04 0.00000E+00 2.22442E-04 0.00000E+00 9.25376E+02 8.51918E+02 1.36376E+01 5.88863E+01 0.00000E+00
 1.30000E+01 9.74228E+02 1.28251E-04 0.00000E+00 1.28251E-04 0.00000E+00 9.74228E+02 8.88566E+02 1.51903E+01 6.91436E+01 0.00000E+00
 1.35000E+01 1.01793E+03 7.42710E-05 0.00000E+00 7.42710E-05 0.00000E+00 1.01793E+03 9.19492E+02 1.66189E+01 8.00358E+01 0.00000E+00
 1.40000E+01 1.05694E+03 4.32079E-05 0.00000E+00 4.32079E-05 0.00000E+00 1.05694E+03 9.45260E+02 1.79152E+01 9.15107E+01 0.00000E+00
 1.45000E+01 1.09199E+03 2.52690E-05 0.00000E+00 2.52690E-05 0.00000E+00 1.09199E+03 9.66590E+02 1.90783E+01 1.03613E+02 0.00000E+00
 1.50000E+01 1.12389E+03 1.48723E-05 0.00000E+00 1.48723E-05 0.00000E+00 1.12389E+03 9.84268E+02 2.01127E+01 1.16381E+02 0.00000E+00
 1.60000E+01 1.18094E+03 5.28676E-06 0.00000E+00 5.28676E-06 0.00000E+00 1.18094E+03 1.01120E+03 2.18239E+01 1.44051E+02 0.00000E+00
 1.70000E+01 1.23176E+03 1.97535E-06 0.00000E+00 1.97535E-06 0.00000E+00 1.23176E+03 1.02953E+03 2.30986E+01 1.74650E+02 0.00000E+00
 1.80000E+01 1.27756E+03 7.98890E-07 0.00000E+00 7.98890E-07 0.00000E+00 1.27756E+03 1.04050E+03 2.40401E+01 2.08001E+02 0.00000E+00
 1.90000E+01 1.31842E+03 3.67762E-07 0.00000E+00 3.67762E-07 0.00000E+00 1.31842E+03 1.04381E+03 2.47356E+01 2.44373E+02 0.00000E+00
 2.00000E+01 1.35439E+03 2.05021E-07 0.00000E+00 2.05021E-07 0.00000E+00 1.35439E+03 1.03844E+03 2.54008E+01 2.84587E+02 0.00000E+00
 2.10000E+01 1.38579E+03 1.42296E-07 0.00000E+00 1.42296E-07 0.00000E+00 1.38579E+03 1.03082E+03 2.57132E+01 3.22853E+02 0.00000E+00
 2.20000E+01 1.41305E+03 1.17427E-07 0.00000E+00 1.17427E-07 0.00000E+00 1.41305E+03 1.01952E+03 2.58591E+01 3.60840E+02 0.00000E+00
 2.30000E+01 1.43671E+03 1.07374E-07 0.00000E+00 1.07374E-07 0.00000E+00 1.43671E+03 1.01049E+03 2.59330E+01 3.93037E+02 0.00000E+00
 2.40000E+01 1.45741E+03 1.03175E-07 0.00000E+00 1.03175E-07 0.00000E+00 1.45741E+03 9.96343E+02 2.59448E+01 4.27467E+02 0.00000E+00
 2.50000E+01 1.47580E+03 1.01390E-07 0.00000E+00 1.01390E-07 0.00000E+00 1.47580E+03 9.78563E+02 2.59249E+01 4.63264E+02 0.00000E+00
 2.60000E+01 1.49245E+03 1.00620E-07 0.00000E+00 1.00620E-07 0.00000E+00 1.49245E+03 9.59466E+02 2.58931E+01 4.98665E+02 0.00000E+00
 2.70000E+01 1.50774E+03 1.00281E-07 0.00000E+00 1.00281E-07 0.00000E+00 1.50774E+03 9.39315E+02 2.58590E+01 5.33791E+02 0.00000E+00
 2.80000E+01 1.52176E+03 1.00129E-07 0.00000E+00 1.00129E-07 0.00000E+00 1.52176E+03 9.18497E+02 2.58162E+01 5.68361E+02 0.00000E+00
 2.90000E+01 1.53441E+03 1.00060E-07 0.00000E+00 1.00060E-07 0.00000E+00 1.53441E+03 8.98028E+02 2.57696E+01 6.01248E+02 0.00000E+00
 3.00000E+01 1.54545E+03 1.00029E-07 0.00000E+00 1.00029E-07 0.00000E+00 1.54545E+03 8.75765E+02 2.57630E+01 6.34284E+02 0.00000E+00
 3.20000E+01 1.56218E+03 1.00007E-07 0.00000E+00 1.00007E-07 0.00000E+00 1.56218E+03 8.28589E+02 2.65333E+01 6.96785E+02 0.00000E+00
 3.40000E+01 1.57250E+03 1.00002E-07 0.00000E+00 1.00002E-07 0.00000E+00 1.57250E+03 7.80925E+02 2.64186E+01 7.54101E+02 0.00000E+00
 3.60000E+01 1.57860E+03 1.00000E-07 0.00000E+00 1.00000E-07 0.00000E+00 1.57860E+03 7.33719E+02 2.63216E+01 8.06670E+02 0.00000E+00
 3.80000E+01 1.58209E+03 1.00000E-07 0.00000E+00 1.00000E-07 0.00000E+00 1.58209E+03 6.88343E+02 2.62452E+01 8.54783E+02 0.00000E+00
 4.00000E+01 1.58328E+03 1.00000E-07 0.00000E+00 1.00000E-07 0.00000E+00 1.58328E+03 6.44778E+02 2.61711E+01 8.98841E+02 0.00000E+00
 4.20000E+01 1.58206E+03 1.00000E-07 0.00000E+00 1.00000E-07 0.00000E+00 1.58206E+03 6.03792E+02 2.60885E+01 9.37975E+02 0.00000E+00
 4.40000E+01 1.57863E+03 1.00000E-07 0.00000E+00 1.00000E-07 0.00000E+00 1.57863E+03 5.64204E+02 2.59751E+01 9.73565E+02 0.00000E+00
 4.60000E+01 1.57347E+03 1.00000E-07 0.00000E+00 1.00000E-07 0.00000E+00 1.57347E+03 5.26746E+02 2.59014E+01 1.00529E+03 0.00000E+00
 4.80000E+01 1.56706E+03 1.00000E-07 0.00000E+00 1.00000E-07 0.00000E+00 1.56706E+03 4.92016E+02 2.56806E+01 1.03325E+03 0.00000E+00
 5.00000E+01 1.55974E+03 1.00000E-07 0.00000E+00 1.00000E-07 0.00000E+00 1.55974E+03 4.60579E+02 2.54682E+01 1.05710E+03 0.00000E+00
 5.20000E+01 1.55165E+03 1.00000E-07 0.00000E+00 1.00000E-07 0.00000E+00 1.55165E+03 4.30081E+02 2.51578E+01 1.07944E+03 0.00000E+00
 5.40000E+01 1.54292E+03 1.00000E-07 0.00000E+00 1.00000E-07 0.00000E+00 1.54292E+03 4.01586E+02 2.48289E+01 1.09925E+03 0.00000E+00
 5.60000E+01 1.53367E+03 1.00000E-07 0.00000E+00 1.00000E-07 0.00000E+00 1.53367E+03 3.75048E+02 2.44163E+01 1.11673E+03 0.00000E+00
 5.80000E+01 1.52405E+03 1.00000E-07 0.00000E+00 1.00000E-07 0.00000E+00 1.52405E+03 3.50155E+02 2.40459E+01 1.13224E+03 0.00000E+00
 6.00000E+01 1.51417E+03 1.00000E-07 0.00000E+00 1.00000E-07 0.00000E+00 1.51417E+03 3.26994E+02 2.35896E+01 1.14592E+03 0.00000E+00
