# p + 114Sn Total triton   production
# Q-value    =-9.56551E+00
# 
# # energies =   103
#    E         xs         Yield
 1.00000E-11 0.00000E+00 0.00000E+00
 2.53000E-08 0.00000E+00 0.00000E+00
 2.00000E-07 0.00000E+00 0.00000E+00
 1.00000E-06 0.00000E+00 0.00000E+00
 1.00000E-05 0.00000E+00 0.00000E+00
 1.00000E-04 0.00000E+00 0.00000E+00
 1.00000E-03 0.00000E+00 0.00000E+00
 2.00000E-03 0.00000E+00 0.00000E+00
 4.00000E-03 0.00000E+00 0.00000E+00
 7.00000E-03 0.00000E+00 0.00000E+00
 1.00000E-02 0.00000E+00 0.00000E+00
 2.00000E-02 0.00000E+00 0.00000E+00
 4.00000E-02 0.00000E+00 0.00000E+00
 7.00000E-02 0.00000E+00 0.00000E+00
 1.00000E-01 0.00000E+00 0.00000E+00
 2.00000E-01 0.00000E+00 0.00000E+00
 3.00000E-01 0.00000E+00 0.00000E+00
 4.00000E-01 0.00000E+00 0.00000E+00
 5.00000E-01 0.00000E+00 0.00000E+00
 6.00000E-01 0.00000E+00 0.00000E+00
 7.00000E-01 0.00000E+00 0.00000E+00
 8.00000E-01 0.00000E+00 0.00000E+00
 9.00000E-01 0.00000E+00 0.00000E+00
 1.00000E+00 0.00000E+00 0.00000E+00
 1.20000E+00 0.00000E+00 0.00000E+00
 1.40000E+00 0.00000E+00 0.00000E+00
 1.60000E+00 0.00000E+00 0.00000E+00
 1.80000E+00 0.00000E+00 0.00000E+00
 2.00000E+00 0.00000E+00 0.00000E+00
 2.20000E+00 0.00000E+00 0.00000E+00
 2.40000E+00 0.00000E+00 0.00000E+00
 2.60000E+00 0.00000E+00 0.00000E+00
 2.80000E+00 0.00000E+00 0.00000E+00
 3.00000E+00 0.00000E+00 0.00000E+00
 3.20000E+00 0.00000E+00 0.00000E+00
 3.40000E+00 0.00000E+00 0.00000E+00
 3.60000E+00 0.00000E+00 0.00000E+00
 3.80000E+00 0.00000E+00 0.00000E+00
 4.00000E+00 0.00000E+00 0.00000E+00
 4.20000E+00 0.00000E+00 0.00000E+00
 4.40000E+00 0.00000E+00 0.00000E+00
 4.60000E+00 0.00000E+00 0.00000E+00
 4.80000E+00 0.00000E+00 0.00000E+00
 5.00000E+00 0.00000E+00 0.00000E+00
 5.20000E+00 0.00000E+00 0.00000E+00
 5.40000E+00 0.00000E+00 0.00000E+00
 5.60000E+00 0.00000E+00 0.00000E+00
 5.80000E+00 0.00000E+00 0.00000E+00
 6.00000E+00 0.00000E+00 0.00000E+00
 6.20000E+00 0.00000E+00 0.00000E+00
 6.40000E+00 0.00000E+00 0.00000E+00
 6.60000E+00 0.00000E+00 0.00000E+00
 6.80000E+00 0.00000E+00 0.00000E+00
 7.00000E+00 0.00000E+00 0.00000E+00
 7.20000E+00 0.00000E+00 0.00000E+00
 7.40000E+00 0.00000E+00 0.00000E+00
 7.60000E+00 0.00000E+00 0.00000E+00
 7.80000E+00 0.00000E+00 0.00000E+00
 8.00000E+00 0.00000E+00 0.00000E+00
 8.50000E+00 0.00000E+00 0.00000E+00
 9.00000E+00 0.00000E+00 0.00000E+00
 9.50000E+00 0.00000E+00 0.00000E+00
 1.00000E+01 0.00000E+00 0.00000E+00
 1.05000E+01 5.38333E-28 8.65229E-31
 1.10000E+01 1.58676E-19 2.32734E-22
 1.15000E+01 6.18934E-15 8.36690E-18
 1.20000E+01 1.59410E-12 2.00388E-15
 1.25000E+01 5.14577E-09 6.06633E-12
 1.30000E+01 8.80006E-08 9.80978E-11
 1.35000E+01 8.48697E-07 9.01601E-10
 1.40000E+01 3.88436E-06 3.96036E-09
 1.45000E+01 1.49186E-05 1.46865E-08
 1.50000E+01 5.03692E-05 4.81133E-08
 1.60000E+01 4.21599E-04 3.83126E-07
 1.70000E+01 2.04098E-03 1.77978E-06
 1.80000E+01 6.12164E-03 5.14904E-06
 1.90000E+01 1.68657E-02 1.37397E-05
 2.00000E+01 4.69985E-02 3.72283E-05
 2.10000E+01 1.12240E-01 8.67767E-05
 2.20000E+01 2.23031E-01 1.68896E-04
 2.30000E+01 3.82582E-01 2.84695E-04
 2.40000E+01 5.88650E-01 4.31673E-04
 2.50000E+01 8.21053E-01 5.94737E-04
 2.60000E+01 1.10252E+00 7.90229E-04
 2.70000E+01 1.41239E+00 1.00286E-03
 2.80000E+01 1.74395E+00 1.22766E-03
 2.90000E+01 2.09174E+00 1.46072E-03
 3.00000E+01 2.46389E+00 1.70798E-03
 3.20000E+01 3.20152E+00 2.19281E-03
 3.40000E+01 3.93107E+00 2.67262E-03
 3.60000E+01 4.67951E+00 3.17062E-03
 3.80000E+01 5.42284E+00 3.67011E-03
 4.00000E+01 6.15627E+00 4.16663E-03
 4.20000E+01 6.86342E+00 4.65017E-03
 4.40000E+01 7.53210E+00 5.11497E-03
 4.60000E+01 8.16134E+00 5.56185E-03
 4.80000E+01 8.75799E+00 5.99521E-03
 5.00000E+01 9.32709E+00 6.41756E-03
 5.20000E+01 9.87923E+00 6.83523E-03
 5.40000E+01 1.04416E+01 7.26690E-03
 5.60000E+01 1.09726E+01 7.68362E-03
 5.80000E+01 1.15055E+01 8.10858E-03
 6.00000E+01 1.20413E+01 8.54222E-03
