# p + 117Sn Total triton   production
# Q-value    =-8.02472E+00
# 
# # energies =   103
#    E         xs         Yield
 1.00000E-11 0.00000E+00 0.00000E+00
 2.53000E-08 0.00000E+00 0.00000E+00
 2.00000E-07 0.00000E+00 0.00000E+00
 1.00000E-06 0.00000E+00 0.00000E+00
 1.00000E-05 0.00000E+00 0.00000E+00
 1.00000E-04 0.00000E+00 0.00000E+00
 1.00000E-03 0.00000E+00 0.00000E+00
 2.00000E-03 0.00000E+00 0.00000E+00
 4.00000E-03 0.00000E+00 0.00000E+00
 7.00000E-03 0.00000E+00 0.00000E+00
 1.00000E-02 0.00000E+00 0.00000E+00
 2.00000E-02 0.00000E+00 0.00000E+00
 4.00000E-02 0.00000E+00 0.00000E+00
 7.00000E-02 0.00000E+00 0.00000E+00
 1.00000E-01 0.00000E+00 0.00000E+00
 2.00000E-01 0.00000E+00 0.00000E+00
 3.00000E-01 0.00000E+00 0.00000E+00
 4.00000E-01 0.00000E+00 0.00000E+00
 5.00000E-01 0.00000E+00 0.00000E+00
 6.00000E-01 0.00000E+00 0.00000E+00
 7.00000E-01 0.00000E+00 0.00000E+00
 8.00000E-01 0.00000E+00 0.00000E+00
 9.00000E-01 0.00000E+00 0.00000E+00
 1.00000E+00 0.00000E+00 0.00000E+00
 1.20000E+00 0.00000E+00 0.00000E+00
 1.40000E+00 0.00000E+00 0.00000E+00
 1.60000E+00 0.00000E+00 0.00000E+00
 1.80000E+00 0.00000E+00 0.00000E+00
 2.00000E+00 0.00000E+00 0.00000E+00
 2.20000E+00 0.00000E+00 0.00000E+00
 2.40000E+00 0.00000E+00 0.00000E+00
 2.60000E+00 0.00000E+00 0.00000E+00
 2.80000E+00 0.00000E+00 0.00000E+00
 3.00000E+00 0.00000E+00 0.00000E+00
 3.20000E+00 0.00000E+00 0.00000E+00
 3.40000E+00 0.00000E+00 0.00000E+00
 3.60000E+00 0.00000E+00 0.00000E+00
 3.80000E+00 0.00000E+00 0.00000E+00
 4.00000E+00 0.00000E+00 0.00000E+00
 4.20000E+00 0.00000E+00 0.00000E+00
 4.40000E+00 0.00000E+00 0.00000E+00
 4.60000E+00 0.00000E+00 0.00000E+00
 4.80000E+00 0.00000E+00 0.00000E+00
 5.00000E+00 0.00000E+00 0.00000E+00
 5.20000E+00 0.00000E+00 0.00000E+00
 5.40000E+00 0.00000E+00 0.00000E+00
 5.60000E+00 0.00000E+00 0.00000E+00
 5.80000E+00 0.00000E+00 0.00000E+00
 6.00000E+00 0.00000E+00 0.00000E+00
 6.20000E+00 0.00000E+00 0.00000E+00
 6.40000E+00 0.00000E+00 0.00000E+00
 6.60000E+00 0.00000E+00 0.00000E+00
 6.80000E+00 0.00000E+00 0.00000E+00
 7.00000E+00 0.00000E+00 0.00000E+00
 7.20000E+00 0.00000E+00 0.00000E+00
 7.40000E+00 0.00000E+00 0.00000E+00
 7.60000E+00 0.00000E+00 0.00000E+00
 7.80000E+00 0.00000E+00 0.00000E+00
 8.00000E+00 0.00000E+00 0.00000E+00
 8.50000E+00 0.00000E+00 0.00000E+00
 9.00000E+00 1.87157E-29 4.25377E-32
 9.50000E+00 8.14843E-21 1.60538E-23
 1.00000E+01 3.62587E-16 6.30996E-19
 1.05000E+01 1.10326E-13 1.72252E-16
 1.10000E+01 1.01844E-09 1.44544E-12
 1.15000E+01 1.67147E-08 2.18157E-11
 1.20000E+01 1.70660E-07 2.07032E-10
 1.25000E+01 9.65365E-07 1.09946E-09
 1.30000E+01 4.35653E-06 4.70159E-09
 1.35000E+01 2.09268E-05 2.15782E-08
 1.40000E+01 9.58751E-05 9.51179E-08
 1.45000E+01 3.90472E-04 3.74823E-07
 1.50000E+01 5.52279E-04 5.15147E-07
 1.60000E+01 5.39070E-03 4.78909E-06
 1.70000E+01 3.16801E-02 2.69990E-05
 1.80000E+01 1.09659E-01 9.01057E-05
 1.90000E+01 2.61587E-01 2.08205E-04
 2.00000E+01 4.93011E-01 3.81824E-04
 2.10000E+01 7.98065E-01 6.03922E-04
 2.20000E+01 1.16558E+00 8.64968E-04
 2.30000E+01 1.58862E+00 1.15963E-03
 2.40000E+01 2.04281E+00 1.47036E-03
 2.50000E+01 2.52313E+00 1.79397E-03
 2.60000E+01 3.02051E+00 2.12419E-03
 2.70000E+01 3.52764E+00 2.45594E-03
 2.80000E+01 4.03940E+00 2.78606E-03
 2.90000E+01 4.55111E+00 3.11217E-03
 3.00000E+01 5.09642E+00 3.45860E-03
 3.20000E+01 6.09229E+00 4.08681E-03
 3.40000E+01 7.06597E+00 4.70867E-03
 3.60000E+01 8.01925E+00 5.32646E-03
 3.80000E+01 8.92140E+00 5.91597E-03
 4.00000E+01 9.75931E+00 6.46804E-03
 4.20000E+01 1.05300E+01 6.98421E-03
 4.40000E+01 1.12425E+01 7.47371E-03
 4.60000E+01 1.19057E+01 7.94265E-03
 4.80000E+01 1.25412E+01 8.40352E-03
 5.00000E+01 1.31507E+01 8.85587E-03
 5.20000E+01 1.37499E+01 9.30944E-03
 5.40000E+01 1.43400E+01 9.76521E-03
 5.60000E+01 1.49300E+01 1.02293E-02
 5.80000E+01 1.55171E+01 1.06994E-02
 6.00000E+01 1.61123E+01 1.11829E-02
