# p + 112Sn Total triton   production
# Q-value    =-1.04739E+01
# 
# # energies =   103
#    E         xs         Yield
 1.00000E-11 0.00000E+00 0.00000E+00
 2.53000E-08 0.00000E+00 0.00000E+00
 2.00000E-07 0.00000E+00 0.00000E+00
 1.00000E-06 0.00000E+00 0.00000E+00
 1.00000E-05 0.00000E+00 0.00000E+00
 1.00000E-04 0.00000E+00 0.00000E+00
 1.00000E-03 0.00000E+00 0.00000E+00
 2.00000E-03 0.00000E+00 0.00000E+00
 4.00000E-03 0.00000E+00 0.00000E+00
 7.00000E-03 0.00000E+00 0.00000E+00
 1.00000E-02 0.00000E+00 0.00000E+00
 2.00000E-02 0.00000E+00 0.00000E+00
 4.00000E-02 0.00000E+00 0.00000E+00
 7.00000E-02 0.00000E+00 0.00000E+00
 1.00000E-01 0.00000E+00 0.00000E+00
 2.00000E-01 0.00000E+00 0.00000E+00
 3.00000E-01 0.00000E+00 0.00000E+00
 4.00000E-01 0.00000E+00 0.00000E+00
 5.00000E-01 0.00000E+00 0.00000E+00
 6.00000E-01 0.00000E+00 0.00000E+00
 7.00000E-01 0.00000E+00 0.00000E+00
 8.00000E-01 0.00000E+00 0.00000E+00
 9.00000E-01 0.00000E+00 0.00000E+00
 1.00000E+00 0.00000E+00 0.00000E+00
 1.20000E+00 0.00000E+00 0.00000E+00
 1.40000E+00 0.00000E+00 0.00000E+00
 1.60000E+00 0.00000E+00 0.00000E+00
 1.80000E+00 0.00000E+00 0.00000E+00
 2.00000E+00 0.00000E+00 0.00000E+00
 2.20000E+00 0.00000E+00 0.00000E+00
 2.40000E+00 0.00000E+00 0.00000E+00
 2.60000E+00 0.00000E+00 0.00000E+00
 2.80000E+00 0.00000E+00 0.00000E+00
 3.00000E+00 0.00000E+00 0.00000E+00
 3.20000E+00 0.00000E+00 0.00000E+00
 3.40000E+00 0.00000E+00 0.00000E+00
 3.60000E+00 0.00000E+00 0.00000E+00
 3.80000E+00 0.00000E+00 0.00000E+00
 4.00000E+00 0.00000E+00 0.00000E+00
 4.20000E+00 0.00000E+00 0.00000E+00
 4.40000E+00 0.00000E+00 0.00000E+00
 4.60000E+00 0.00000E+00 0.00000E+00
 4.80000E+00 0.00000E+00 0.00000E+00
 5.00000E+00 0.00000E+00 0.00000E+00
 5.20000E+00 0.00000E+00 0.00000E+00
 5.40000E+00 0.00000E+00 0.00000E+00
 5.60000E+00 0.00000E+00 0.00000E+00
 5.80000E+00 0.00000E+00 0.00000E+00
 6.00000E+00 0.00000E+00 0.00000E+00
 6.20000E+00 0.00000E+00 0.00000E+00
 6.40000E+00 0.00000E+00 0.00000E+00
 6.60000E+00 0.00000E+00 0.00000E+00
 6.80000E+00 0.00000E+00 0.00000E+00
 7.00000E+00 0.00000E+00 0.00000E+00
 7.20000E+00 0.00000E+00 0.00000E+00
 7.40000E+00 0.00000E+00 0.00000E+00
 7.60000E+00 0.00000E+00 0.00000E+00
 7.80000E+00 0.00000E+00 0.00000E+00
 8.00000E+00 0.00000E+00 0.00000E+00
 8.50000E+00 0.00000E+00 0.00000E+00
 9.00000E+00 0.00000E+00 0.00000E+00
 9.50000E+00 0.00000E+00 0.00000E+00
 1.00000E+01 0.00000E+00 0.00000E+00
 1.05000E+01 0.00000E+00 0.00000E+00
 1.10000E+01 1.40130E-45 0.00000E+00
 1.15000E+01 1.19146E-25 1.64340E-28
 1.20000E+01 2.03247E-18 2.61126E-21
 1.25000E+01 2.85156E-14 3.43786E-17
 1.30000E+01 1.42698E-11 1.62615E-14
 1.35000E+01 1.07821E-08 1.16971E-11
 1.40000E+01 1.72551E-07 1.79409E-10
 1.45000E+01 1.32994E-06 1.33331E-09
 1.50000E+01 5.80167E-06 5.63706E-09
 1.60000E+01 6.06637E-05 5.60007E-08
 1.70000E+01 4.17422E-04 3.69711E-07
 1.80000E+01 1.89367E-03 1.61830E-06
 1.90000E+01 5.59199E-03 4.62924E-06
 2.00000E+01 1.47062E-02 1.18352E-05
 2.10000E+01 3.94361E-02 3.09604E-05
 2.20000E+01 9.35109E-02 7.18541E-05
 2.30000E+01 1.86208E-01 1.40487E-04
 2.40000E+01 3.20619E-01 2.38213E-04
 2.50000E+01 4.96379E-01 3.64149E-04
 2.60000E+01 7.06942E-01 5.13158E-04
 2.70000E+01 9.48099E-01 6.81987E-04
 2.80000E+01 1.21426E+00 8.66377E-04
 2.90000E+01 1.48384E+00 1.05082E-03
 3.00000E+01 1.78582E+00 1.25588E-03
 3.20000E+01 2.42375E+00 1.68441E-03
 3.40000E+01 3.07024E+00 2.11698E-03
 3.60000E+01 3.73071E+00 2.56283E-03
 3.80000E+01 4.39905E+00 3.01898E-03
 4.00000E+01 5.06607E+00 3.47820E-03
 4.20000E+01 5.72712E+00 3.93736E-03
 4.40000E+01 6.36389E+00 4.38565E-03
 4.60000E+01 6.97020E+00 4.82047E-03
 4.80000E+01 7.55291E+00 5.24701E-03
 5.00000E+01 8.10729E+00 5.66136E-03
 5.20000E+01 8.64575E+00 6.07145E-03
 5.40000E+01 9.18275E+00 6.48705E-03
 5.60000E+01 9.69962E+00 6.89486E-03
 5.80000E+01 1.02199E+01 7.31153E-03
 6.00000E+01 1.07436E+01 7.73704E-03
