# p + 122Sn Total triton   production
# Q-value    =-6.50304E+00
# 
# # energies =   103
#    E         xs         Yield
 1.00000E-11 0.00000E+00 0.00000E+00
 2.53000E-08 0.00000E+00 0.00000E+00
 2.00000E-07 0.00000E+00 0.00000E+00
 1.00000E-06 0.00000E+00 0.00000E+00
 1.00000E-05 0.00000E+00 0.00000E+00
 1.00000E-04 0.00000E+00 0.00000E+00
 1.00000E-03 0.00000E+00 0.00000E+00
 2.00000E-03 0.00000E+00 0.00000E+00
 4.00000E-03 0.00000E+00 0.00000E+00
 7.00000E-03 0.00000E+00 0.00000E+00
 1.00000E-02 0.00000E+00 0.00000E+00
 2.00000E-02 0.00000E+00 0.00000E+00
 4.00000E-02 0.00000E+00 0.00000E+00
 7.00000E-02 0.00000E+00 0.00000E+00
 1.00000E-01 0.00000E+00 0.00000E+00
 2.00000E-01 0.00000E+00 0.00000E+00
 3.00000E-01 0.00000E+00 0.00000E+00
 4.00000E-01 0.00000E+00 0.00000E+00
 5.00000E-01 0.00000E+00 0.00000E+00
 6.00000E-01 0.00000E+00 0.00000E+00
 7.00000E-01 0.00000E+00 0.00000E+00
 8.00000E-01 0.00000E+00 0.00000E+00
 9.00000E-01 0.00000E+00 0.00000E+00
 1.00000E+00 0.00000E+00 0.00000E+00
 1.20000E+00 0.00000E+00 0.00000E+00
 1.40000E+00 0.00000E+00 0.00000E+00
 1.60000E+00 0.00000E+00 0.00000E+00
 1.80000E+00 0.00000E+00 0.00000E+00
 2.00000E+00 0.00000E+00 0.00000E+00
 2.20000E+00 0.00000E+00 0.00000E+00
 2.40000E+00 0.00000E+00 0.00000E+00
 2.60000E+00 0.00000E+00 0.00000E+00
 2.80000E+00 0.00000E+00 0.00000E+00
 3.00000E+00 0.00000E+00 0.00000E+00
 3.20000E+00 0.00000E+00 0.00000E+00
 3.40000E+00 0.00000E+00 0.00000E+00
 3.60000E+00 0.00000E+00 0.00000E+00
 3.80000E+00 0.00000E+00 0.00000E+00
 4.00000E+00 0.00000E+00 0.00000E+00
 4.20000E+00 0.00000E+00 0.00000E+00
 4.40000E+00 0.00000E+00 0.00000E+00
 4.60000E+00 0.00000E+00 0.00000E+00
 4.80000E+00 0.00000E+00 0.00000E+00
 5.00000E+00 0.00000E+00 0.00000E+00
 5.20000E+00 0.00000E+00 0.00000E+00
 5.40000E+00 0.00000E+00 0.00000E+00
 5.60000E+00 0.00000E+00 0.00000E+00
 5.80000E+00 0.00000E+00 0.00000E+00
 6.00000E+00 0.00000E+00 0.00000E+00
 6.20000E+00 0.00000E+00 0.00000E+00
 6.40000E+00 0.00000E+00 0.00000E+00
 6.60000E+00 0.00000E+00 0.00000E+00
 6.80000E+00 0.00000E+00 0.00000E+00
 7.00000E+00 0.00000E+00 0.00000E+00
 7.20000E+00 9.96303E-35 4.91430E-37
 7.40000E+00 2.51428E-28 1.10346E-30
 7.60000E+00 5.67899E-24 2.23490E-26
 7.80000E+00 4.28466E-21 1.52264E-23
 8.00000E+00 1.10244E-18 3.56074E-21
 8.50000E+00 1.76152E-14 4.59474E-17
 9.00000E+00 9.83798E-12 2.13956E-14
 9.50000E+00 1.77223E-09 3.30294E-12
 1.00000E+01 4.62483E-08 7.56026E-11
 1.05000E+01 3.82510E-07 5.59236E-10
 1.10000E+01 1.74789E-06 2.32340E-09
 1.15000E+01 7.10370E-06 8.70856E-09
 1.20000E+01 3.17530E-05 3.63533E-08
 1.25000E+01 1.15672E-04 1.25036E-07
 1.30000E+01 3.47295E-04 3.57735E-07
 1.35000E+01 8.54398E-04 8.44918E-07
 1.40000E+01 1.78869E-03 1.70792E-06
 1.45000E+01 3.40470E-03 3.15227E-06
 1.50000E+01 6.42538E-03 5.78612E-06
 1.60000E+01 2.54316E-02 2.18029E-05
 1.70000E+01 8.90736E-02 7.31767E-05
 1.80000E+01 2.30092E-01 1.82238E-04
 1.90000E+01 4.63145E-01 3.55721E-04
 2.00000E+01 7.85824E-01 5.88324E-04
 2.10000E+01 1.18638E+00 8.69400E-04
 2.20000E+01 1.64946E+00 1.18689E-03
 2.30000E+01 2.15923E+00 1.52910E-03
 2.40000E+01 2.70156E+00 1.88604E-03
 2.50000E+01 3.26440E+00 2.24946E-03
 2.60000E+01 3.83812E+00 2.61329E-03
 2.70000E+01 4.41532E+00 2.97342E-03
 2.80000E+01 4.99034E+00 3.32756E-03
 2.90000E+01 5.55936E+00 3.67525E-03
 3.00000E+01 6.12255E+00 4.01877E-03
 3.20000E+01 7.20964E+00 4.68505E-03
 3.40000E+01 8.25203E+00 5.33049E-03
 3.60000E+01 9.23467E+00 5.94145E-03
 3.80000E+01 1.01287E+01 6.49863E-03
 4.00000E+01 1.09255E+01 7.00166E-03
 4.20000E+01 1.16303E+01 7.45884E-03
 4.40000E+01 1.22695E+01 7.88733E-03
 4.60000E+01 1.28512E+01 8.28965E-03
 4.80000E+01 1.33964E+01 8.67701E-03
 5.00000E+01 1.39642E+01 9.08703E-03
 5.20000E+01 1.44669E+01 9.46296E-03
 5.40000E+01 1.49685E+01 9.84654E-03
 5.60000E+01 1.54472E+01 1.02229E-02
 5.80000E+01 1.59677E+01 1.06342E-02
 6.00000E+01 1.65021E+01 1.10615E-02
