# p + 124Sn Total triton   production
# Q-value    =-5.95235E+00
# 
# # energies =   103
#    E         xs         Yield
 1.00000E-11 0.00000E+00 0.00000E+00
 2.53000E-08 0.00000E+00 0.00000E+00
 2.00000E-07 0.00000E+00 0.00000E+00
 1.00000E-06 0.00000E+00 0.00000E+00
 1.00000E-05 0.00000E+00 0.00000E+00
 1.00000E-04 0.00000E+00 0.00000E+00
 1.00000E-03 0.00000E+00 0.00000E+00
 2.00000E-03 0.00000E+00 0.00000E+00
 4.00000E-03 0.00000E+00 0.00000E+00
 7.00000E-03 0.00000E+00 0.00000E+00
 1.00000E-02 0.00000E+00 0.00000E+00
 2.00000E-02 0.00000E+00 0.00000E+00
 4.00000E-02 0.00000E+00 0.00000E+00
 7.00000E-02 0.00000E+00 0.00000E+00
 1.00000E-01 0.00000E+00 0.00000E+00
 2.00000E-01 0.00000E+00 0.00000E+00
 3.00000E-01 0.00000E+00 0.00000E+00
 4.00000E-01 0.00000E+00 0.00000E+00
 5.00000E-01 0.00000E+00 0.00000E+00
 6.00000E-01 0.00000E+00 0.00000E+00
 7.00000E-01 0.00000E+00 0.00000E+00
 8.00000E-01 0.00000E+00 0.00000E+00
 9.00000E-01 0.00000E+00 0.00000E+00
 1.00000E+00 0.00000E+00 0.00000E+00
 1.20000E+00 0.00000E+00 0.00000E+00
 1.40000E+00 0.00000E+00 0.00000E+00
 1.60000E+00 0.00000E+00 0.00000E+00
 1.80000E+00 0.00000E+00 0.00000E+00
 2.00000E+00 0.00000E+00 0.00000E+00
 2.20000E+00 0.00000E+00 0.00000E+00
 2.40000E+00 0.00000E+00 0.00000E+00
 2.60000E+00 0.00000E+00 0.00000E+00
 2.80000E+00 0.00000E+00 0.00000E+00
 3.00000E+00 0.00000E+00 0.00000E+00
 3.20000E+00 0.00000E+00 0.00000E+00
 3.40000E+00 0.00000E+00 0.00000E+00
 3.60000E+00 0.00000E+00 0.00000E+00
 3.80000E+00 0.00000E+00 0.00000E+00
 4.00000E+00 0.00000E+00 0.00000E+00
 4.20000E+00 0.00000E+00 0.00000E+00
 4.40000E+00 0.00000E+00 0.00000E+00
 4.60000E+00 0.00000E+00 0.00000E+00
 4.80000E+00 0.00000E+00 0.00000E+00
 5.00000E+00 0.00000E+00 0.00000E+00
 5.20000E+00 0.00000E+00 0.00000E+00
 5.40000E+00 0.00000E+00 0.00000E+00
 5.60000E+00 0.00000E+00 0.00000E+00
 5.80000E+00 0.00000E+00 0.00000E+00
 6.00000E+00 0.00000E+00 0.00000E+00
 6.20000E+00 0.00000E+00 0.00000E+00
 6.40000E+00 0.00000E+00 0.00000E+00
 6.60000E+00 4.21225E-40 3.15713E-42
 6.80000E+00 1.94495E-31 1.25468E-33
 7.00000E+00 3.29419E-26 1.84840E-28
 7.20000E+00 8.27038E-23 4.07504E-25
 7.40000E+00 4.62683E-20 2.01925E-22
 7.60000E+00 6.75100E-18 2.63028E-20
 7.80000E+00 3.87272E-16 1.35694E-18
 8.00000E+00 1.12347E-14 3.56426E-17
 8.50000E+00 6.83232E-12 1.73789E-14
 9.00000E+00 1.73057E-09 3.65517E-12
 9.50000E+00 4.30441E-08 7.77971E-11
 1.00000E+01 3.50414E-07 5.55771E-10
 1.05000E+01 1.62452E-06 2.30843E-09
 1.10000E+01 6.47457E-06 8.38646E-09
 1.15000E+01 2.86405E-05 3.43155E-08
 1.20000E+01 1.03703E-04 1.16385E-07
 1.25000E+01 3.23766E-04 3.43989E-07
 1.30000E+01 8.78849E-04 8.91653E-07
 1.35000E+01 2.17543E-03 2.12193E-06
 1.40000E+01 5.14785E-03 4.85193E-06
 1.45000E+01 1.16630E-02 1.06609E-05
 1.50000E+01 2.46992E-02 2.19550E-05
 1.60000E+01 8.58281E-02 7.25800E-05
 1.70000E+01 2.20669E-01 1.78753E-04
 1.80000E+01 4.51934E-01 3.53032E-04
 1.90000E+01 7.83301E-01 5.93747E-04
 2.00000E+01 1.20466E+00 8.90675E-04
 2.10000E+01 1.62845E+00 1.17904E-03
 2.20000E+01 2.18045E+00 1.55033E-03
 2.30000E+01 2.77232E+00 1.93966E-03
 2.40000E+01 3.38945E+00 2.33707E-03
 2.50000E+01 4.02011E+00 2.73506E-03
 2.60000E+01 4.65539E+00 3.12869E-03
 2.70000E+01 5.28874E+00 3.51509E-03
 2.80000E+01 5.91514E+00 3.89310E-03
 2.90000E+01 6.57755E+00 4.29324E-03
 3.00000E+01 7.17311E+00 4.65038E-03
 3.20000E+01 8.33765E+00 5.35419E-03
 3.40000E+01 9.44571E+00 6.02886E-03
 3.60000E+01 1.04693E+01 6.65211E-03
 3.80000E+01 1.13797E+01 7.20803E-03
 4.00000E+01 1.21801E+01 7.70571E-03
 4.20000E+01 1.28891E+01 8.16089E-03
 4.40000E+01 1.35282E+01 8.58570E-03
 4.60000E+01 1.41152E+01 8.98792E-03
 4.80000E+01 1.46650E+01 9.37519E-03
 5.00000E+01 1.52286E+01 9.77979E-03
 5.20000E+01 1.57439E+01 1.01625E-02
 5.40000E+01 1.62960E+01 1.05781E-02
 5.60000E+01 1.68165E+01 1.09816E-02
 5.80000E+01 1.73330E+01 1.13900E-02
 6.00000E+01 1.78657E+01 1.18160E-02
