# p + 116Sn Total triton   production
# Q-value    =-8.62707E+00
# 
# # energies =   103
#    E         xs         Yield
 1.00000E-11 0.00000E+00 0.00000E+00
 2.53000E-08 0.00000E+00 0.00000E+00
 2.00000E-07 0.00000E+00 0.00000E+00
 1.00000E-06 0.00000E+00 0.00000E+00
 1.00000E-05 0.00000E+00 0.00000E+00
 1.00000E-04 0.00000E+00 0.00000E+00
 1.00000E-03 0.00000E+00 0.00000E+00
 2.00000E-03 0.00000E+00 0.00000E+00
 4.00000E-03 0.00000E+00 0.00000E+00
 7.00000E-03 0.00000E+00 0.00000E+00
 1.00000E-02 0.00000E+00 0.00000E+00
 2.00000E-02 0.00000E+00 0.00000E+00
 4.00000E-02 0.00000E+00 0.00000E+00
 7.00000E-02 0.00000E+00 0.00000E+00
 1.00000E-01 0.00000E+00 0.00000E+00
 2.00000E-01 0.00000E+00 0.00000E+00
 3.00000E-01 0.00000E+00 0.00000E+00
 4.00000E-01 0.00000E+00 0.00000E+00
 5.00000E-01 0.00000E+00 0.00000E+00
 6.00000E-01 0.00000E+00 0.00000E+00
 7.00000E-01 0.00000E+00 0.00000E+00
 8.00000E-01 0.00000E+00 0.00000E+00
 9.00000E-01 0.00000E+00 0.00000E+00
 1.00000E+00 0.00000E+00 0.00000E+00
 1.20000E+00 0.00000E+00 0.00000E+00
 1.40000E+00 0.00000E+00 0.00000E+00
 1.60000E+00 0.00000E+00 0.00000E+00
 1.80000E+00 0.00000E+00 0.00000E+00
 2.00000E+00 0.00000E+00 0.00000E+00
 2.20000E+00 0.00000E+00 0.00000E+00
 2.40000E+00 0.00000E+00 0.00000E+00
 2.60000E+00 0.00000E+00 0.00000E+00
 2.80000E+00 0.00000E+00 0.00000E+00
 3.00000E+00 0.00000E+00 0.00000E+00
 3.20000E+00 0.00000E+00 0.00000E+00
 3.40000E+00 0.00000E+00 0.00000E+00
 3.60000E+00 0.00000E+00 0.00000E+00
 3.80000E+00 0.00000E+00 0.00000E+00
 4.00000E+00 0.00000E+00 0.00000E+00
 4.20000E+00 0.00000E+00 0.00000E+00
 4.40000E+00 0.00000E+00 0.00000E+00
 4.60000E+00 0.00000E+00 0.00000E+00
 4.80000E+00 0.00000E+00 0.00000E+00
 5.00000E+00 0.00000E+00 0.00000E+00
 5.20000E+00 0.00000E+00 0.00000E+00
 5.40000E+00 0.00000E+00 0.00000E+00
 5.60000E+00 0.00000E+00 0.00000E+00
 5.80000E+00 0.00000E+00 0.00000E+00
 6.00000E+00 0.00000E+00 0.00000E+00
 6.20000E+00 0.00000E+00 0.00000E+00
 6.40000E+00 0.00000E+00 0.00000E+00
 6.60000E+00 0.00000E+00 0.00000E+00
 6.80000E+00 0.00000E+00 0.00000E+00
 7.00000E+00 0.00000E+00 0.00000E+00
 7.20000E+00 0.00000E+00 0.00000E+00
 7.40000E+00 0.00000E+00 0.00000E+00
 7.60000E+00 0.00000E+00 0.00000E+00
 7.80000E+00 0.00000E+00 0.00000E+00
 8.00000E+00 0.00000E+00 0.00000E+00
 8.50000E+00 0.00000E+00 0.00000E+00
 9.00000E+00 0.00000E+00 0.00000E+00
 9.50000E+00 7.68012E-31 1.52348E-33
 1.00000E+01 1.67044E-20 2.93330E-23
 1.05000E+01 1.11057E-15 1.75256E-18
 1.10000E+01 1.66454E-12 2.39042E-15
 1.15000E+01 1.62596E-09 2.14827E-12
 1.20000E+01 4.12335E-08 5.06287E-11
 1.25000E+01 3.56187E-07 4.10337E-10
 1.30000E+01 2.28715E-06 2.49454E-09
 1.35000E+01 1.04947E-05 1.09259E-08
 1.40000E+01 4.22714E-05 4.23067E-08
 1.45000E+01 1.45817E-04 1.41112E-07
 1.50000E+01 4.24060E-04 3.98602E-07
 1.60000E+01 2.11560E-03 1.89351E-06
 1.70000E+01 6.37590E-03 5.47518E-06
 1.80000E+01 1.82954E-02 1.51494E-05
 1.90000E+01 5.40111E-02 4.33174E-05
 2.00000E+01 1.31972E-01 1.02960E-04
 2.10000E+01 2.64618E-01 2.01640E-04
 2.20000E+01 4.55152E-01 3.39986E-04
 2.30000E+01 7.00045E-01 5.14213E-04
 2.40000E+01 9.75733E-01 7.06628E-04
 2.50000E+01 1.30674E+00 9.34871E-04
 2.60000E+01 1.66831E+00 1.18073E-03
 2.70000E+01 2.05317E+00 1.43888E-03
 2.80000E+01 2.45437E+00 1.70442E-03
 2.90000E+01 2.86621E+00 1.97370E-03
 3.00000E+01 3.28481E+00 2.24486E-03
 3.20000E+01 4.11539E+00 2.77949E-03
 3.40000E+01 4.95059E+00 3.32065E-03
 3.60000E+01 5.78356E+00 3.86671E-03
 3.80000E+01 6.61150E+00 4.41388E-03
 4.00000E+01 7.39983E+00 4.93839E-03
 4.20000E+01 8.14168E+00 5.43808E-03
 4.40000E+01 8.83434E+00 5.91409E-03
 4.60000E+01 9.48186E+00 6.37004E-03
 4.80000E+01 1.00936E+01 6.81114E-03
 5.00000E+01 1.06785E+01 7.24217E-03
 5.20000E+01 1.12569E+01 7.67607E-03
 5.40000E+01 1.18177E+01 8.10542E-03
 5.60000E+01 1.23771E+01 8.54127E-03
 5.80000E+01 1.29354E+01 8.98363E-03
 6.00000E+01 1.34965E+01 9.43510E-03
