# p + 119Sn Total triton   production
# Q-value    =-7.32807E+00
# 
# # energies =   103
#    E         xs         Yield
 1.00000E-11 0.00000E+00 0.00000E+00
 2.53000E-08 0.00000E+00 0.00000E+00
 2.00000E-07 0.00000E+00 0.00000E+00
 1.00000E-06 0.00000E+00 0.00000E+00
 1.00000E-05 0.00000E+00 0.00000E+00
 1.00000E-04 0.00000E+00 0.00000E+00
 1.00000E-03 0.00000E+00 0.00000E+00
 2.00000E-03 0.00000E+00 0.00000E+00
 4.00000E-03 0.00000E+00 0.00000E+00
 7.00000E-03 0.00000E+00 0.00000E+00
 1.00000E-02 0.00000E+00 0.00000E+00
 2.00000E-02 0.00000E+00 0.00000E+00
 4.00000E-02 0.00000E+00 0.00000E+00
 7.00000E-02 0.00000E+00 0.00000E+00
 1.00000E-01 0.00000E+00 0.00000E+00
 2.00000E-01 0.00000E+00 0.00000E+00
 3.00000E-01 0.00000E+00 0.00000E+00
 4.00000E-01 0.00000E+00 0.00000E+00
 5.00000E-01 0.00000E+00 0.00000E+00
 6.00000E-01 0.00000E+00 0.00000E+00
 7.00000E-01 0.00000E+00 0.00000E+00
 8.00000E-01 0.00000E+00 0.00000E+00
 9.00000E-01 0.00000E+00 0.00000E+00
 1.00000E+00 0.00000E+00 0.00000E+00
 1.20000E+00 0.00000E+00 0.00000E+00
 1.40000E+00 0.00000E+00 0.00000E+00
 1.60000E+00 0.00000E+00 0.00000E+00
 1.80000E+00 0.00000E+00 0.00000E+00
 2.00000E+00 0.00000E+00 0.00000E+00
 2.20000E+00 0.00000E+00 0.00000E+00
 2.40000E+00 0.00000E+00 0.00000E+00
 2.60000E+00 0.00000E+00 0.00000E+00
 2.80000E+00 0.00000E+00 0.00000E+00
 3.00000E+00 0.00000E+00 0.00000E+00
 3.20000E+00 0.00000E+00 0.00000E+00
 3.40000E+00 0.00000E+00 0.00000E+00
 3.60000E+00 0.00000E+00 0.00000E+00
 3.80000E+00 0.00000E+00 0.00000E+00
 4.00000E+00 0.00000E+00 0.00000E+00
 4.20000E+00 0.00000E+00 0.00000E+00
 4.40000E+00 0.00000E+00 0.00000E+00
 4.60000E+00 0.00000E+00 0.00000E+00
 4.80000E+00 0.00000E+00 0.00000E+00
 5.00000E+00 0.00000E+00 0.00000E+00
 5.20000E+00 0.00000E+00 0.00000E+00
 5.40000E+00 0.00000E+00 0.00000E+00
 5.60000E+00 0.00000E+00 0.00000E+00
 5.80000E+00 0.00000E+00 0.00000E+00
 6.00000E+00 0.00000E+00 0.00000E+00
 6.20000E+00 0.00000E+00 0.00000E+00
 6.40000E+00 0.00000E+00 0.00000E+00
 6.60000E+00 0.00000E+00 0.00000E+00
 6.80000E+00 0.00000E+00 0.00000E+00
 7.00000E+00 0.00000E+00 0.00000E+00
 7.20000E+00 0.00000E+00 0.00000E+00
 7.40000E+00 0.00000E+00 0.00000E+00
 7.60000E+00 0.00000E+00 0.00000E+00
 7.80000E+00 0.00000E+00 0.00000E+00
 8.00000E+00 2.42379E-36 7.90668E-39
 8.50000E+00 4.18700E-24 1.11689E-26
 9.00000E+00 1.17488E-18 2.63766E-21
 9.50000E+00 8.13471E-15 1.57445E-17
 1.00000E+01 1.17211E-12 1.99584E-15
 1.05000E+01 2.60068E-09 3.96293E-12
 1.10000E+01 3.65151E-08 5.05243E-11
 1.15000E+01 3.18290E-07 4.05067E-10
 1.20000E+01 1.68640E-06 1.99719E-09
 1.25000E+01 7.15290E-06 7.96776E-09
 1.30000E+01 2.87851E-05 3.04484E-08
 1.35000E+01 1.28250E-04 1.29878E-07
 1.40000E+01 5.28458E-04 5.15750E-07
 1.45000E+01 1.91410E-03 1.80951E-06
 1.50000E+01 5.90191E-03 5.42495E-06
 1.60000E+01 3.43884E-02 3.01100E-05
 1.70000E+01 1.17369E-01 9.85442E-05
 1.80000E+01 2.80238E-01 2.26821E-04
 1.90000E+01 5.31858E-01 4.17124E-04
 2.00000E+01 8.67353E-01 6.62350E-04
 2.10000E+01 1.27429E+00 9.51551E-04
 2.20000E+01 1.70497E+00 1.24935E-03
 2.30000E+01 2.21048E+00 1.59393E-03
 2.40000E+01 2.74470E+00 1.95165E-03
 2.50000E+01 3.29638E+00 2.31484E-03
 2.60000E+01 3.85654E+00 2.67754E-03
 2.70000E+01 4.41853E+00 3.03558E-03
 2.80000E+01 4.97745E+00 3.38655E-03
 2.90000E+01 5.56756E+00 3.75512E-03
 3.00000E+01 6.13580E+00 4.10727E-03
 3.20000E+01 7.18250E+00 4.75527E-03
 3.40000E+01 8.18760E+00 5.38715E-03
 3.60000E+01 9.14161E+00 5.99422E-03
 3.80000E+01 1.00193E+01 6.55604E-03
 4.00000E+01 1.07619E+01 7.03570E-03
 4.20000E+01 1.14755E+01 7.50748E-03
 4.40000E+01 1.21245E+01 7.95037E-03
 4.60000E+01 1.27237E+01 8.37271E-03
 4.80000E+01 1.32881E+01 8.78192E-03
 5.00000E+01 1.38736E+01 9.21343E-03
 5.20000E+01 1.44120E+01 9.62185E-03
 5.40000E+01 1.49461E+01 1.00356E-02
 5.60000E+01 1.54829E+01 1.04594E-02
 5.80000E+01 1.60264E+01 1.08955E-02
 6.00000E+01 1.65857E+01 1.13495E-02
