# p + 115Sn Total triton   production
# Q-value    =-9.36654E+00
# 
# # energies =   103
#    E         xs         Yield
 1.00000E-11 0.00000E+00 0.00000E+00
 2.53000E-08 0.00000E+00 0.00000E+00
 2.00000E-07 0.00000E+00 0.00000E+00
 1.00000E-06 0.00000E+00 0.00000E+00
 1.00000E-05 0.00000E+00 0.00000E+00
 1.00000E-04 0.00000E+00 0.00000E+00
 1.00000E-03 0.00000E+00 0.00000E+00
 2.00000E-03 0.00000E+00 0.00000E+00
 4.00000E-03 0.00000E+00 0.00000E+00
 7.00000E-03 0.00000E+00 0.00000E+00
 1.00000E-02 0.00000E+00 0.00000E+00
 2.00000E-02 0.00000E+00 0.00000E+00
 4.00000E-02 0.00000E+00 0.00000E+00
 7.00000E-02 0.00000E+00 0.00000E+00
 1.00000E-01 0.00000E+00 0.00000E+00
 2.00000E-01 0.00000E+00 0.00000E+00
 3.00000E-01 0.00000E+00 0.00000E+00
 4.00000E-01 0.00000E+00 0.00000E+00
 5.00000E-01 0.00000E+00 0.00000E+00
 6.00000E-01 0.00000E+00 0.00000E+00
 7.00000E-01 0.00000E+00 0.00000E+00
 8.00000E-01 0.00000E+00 0.00000E+00
 9.00000E-01 0.00000E+00 0.00000E+00
 1.00000E+00 0.00000E+00 0.00000E+00
 1.20000E+00 0.00000E+00 0.00000E+00
 1.40000E+00 0.00000E+00 0.00000E+00
 1.60000E+00 0.00000E+00 0.00000E+00
 1.80000E+00 0.00000E+00 0.00000E+00
 2.00000E+00 0.00000E+00 0.00000E+00
 2.20000E+00 0.00000E+00 0.00000E+00
 2.40000E+00 0.00000E+00 0.00000E+00
 2.60000E+00 0.00000E+00 0.00000E+00
 2.80000E+00 0.00000E+00 0.00000E+00
 3.00000E+00 0.00000E+00 0.00000E+00
 3.20000E+00 0.00000E+00 0.00000E+00
 3.40000E+00 0.00000E+00 0.00000E+00
 3.60000E+00 0.00000E+00 0.00000E+00
 3.80000E+00 0.00000E+00 0.00000E+00
 4.00000E+00 0.00000E+00 0.00000E+00
 4.20000E+00 0.00000E+00 0.00000E+00
 4.40000E+00 0.00000E+00 0.00000E+00
 4.60000E+00 0.00000E+00 0.00000E+00
 4.80000E+00 0.00000E+00 0.00000E+00
 5.00000E+00 0.00000E+00 0.00000E+00
 5.20000E+00 0.00000E+00 0.00000E+00
 5.40000E+00 0.00000E+00 0.00000E+00
 5.60000E+00 0.00000E+00 0.00000E+00
 5.80000E+00 0.00000E+00 0.00000E+00
 6.00000E+00 0.00000E+00 0.00000E+00
 6.20000E+00 0.00000E+00 0.00000E+00
 6.40000E+00 0.00000E+00 0.00000E+00
 6.60000E+00 0.00000E+00 0.00000E+00
 6.80000E+00 0.00000E+00 0.00000E+00
 7.00000E+00 0.00000E+00 0.00000E+00
 7.20000E+00 0.00000E+00 0.00000E+00
 7.40000E+00 0.00000E+00 0.00000E+00
 7.60000E+00 0.00000E+00 0.00000E+00
 7.80000E+00 0.00000E+00 0.00000E+00
 8.00000E+00 0.00000E+00 0.00000E+00
 8.50000E+00 0.00000E+00 0.00000E+00
 9.00000E+00 0.00000E+00 0.00000E+00
 9.50000E+00 0.00000E+00 0.00000E+00
 1.00000E+01 1.20237E-40 2.12997E-43
 1.05000E+01 4.09141E-25 6.51770E-28
 1.10000E+01 2.92475E-19 4.24614E-22
 1.15000E+01 2.86811E-15 3.83404E-18
 1.20000E+01 1.15777E-12 1.43857E-15
 1.25000E+01 5.01065E-09 5.83941E-12
 1.30000E+01 7.86264E-08 8.66897E-11
 1.35000E+01 6.00646E-07 6.31590E-10
 1.40000E+01 3.03801E-06 3.06840E-09
 1.45000E+01 1.13219E-05 1.10492E-08
 1.50000E+01 3.66264E-05 3.47016E-08
 1.60000E+01 3.86395E-04 3.48452E-07
 1.70000E+01 3.50523E-03 3.03315E-06
 1.80000E+01 1.93461E-02 1.61449E-05
 1.90000E+01 6.65506E-02 5.37900E-05
 2.00000E+01 1.64257E-01 1.29115E-04
 2.10000E+01 3.22332E-01 2.47379E-04
 2.20000E+01 5.40738E-01 4.06650E-04
 2.30000E+01 8.13499E-01 6.01393E-04
 2.40000E+01 1.13195E+00 8.24867E-04
 2.50000E+01 1.48687E+00 1.07034E-03
 2.60000E+01 1.86966E+00 1.33164E-03
 2.70000E+01 2.27275E+00 1.60326E-03
 2.80000E+01 2.68985E+00 1.88073E-03
 2.90000E+01 3.11609E+00 2.16086E-03
 3.00000E+01 3.55839E+00 2.44912E-03
 3.20000E+01 4.38706E+00 2.98360E-03
 3.40000E+01 5.24856E+00 3.54409E-03
 3.60000E+01 6.09895E+00 4.10469E-03
 3.80000E+01 6.93422E+00 4.66091E-03
 4.00000E+01 7.73781E+00 5.20018E-03
 4.20000E+01 8.49337E+00 5.71336E-03
 4.40000E+01 9.19757E+00 6.20112E-03
 4.60000E+01 9.85858E+00 6.67031E-03
 4.80000E+01 1.04850E+01 7.12588E-03
 5.00000E+01 1.10879E+01 7.57394E-03
 5.20000E+01 1.17148E+01 8.04621E-03
 5.40000E+01 1.22855E+01 8.48766E-03
 5.60000E+01 1.28541E+01 8.93523E-03
 5.80000E+01 1.34236E+01 9.39095E-03
 6.00000E+01 1.39926E+01 9.85353E-03
