# p + 118Sn Total triton   production
# Q-value    =-7.78769E+00
# 
# # energies =   103
#    E         xs         Yield
 1.00000E-11 0.00000E+00 0.00000E+00
 2.53000E-08 0.00000E+00 0.00000E+00
 2.00000E-07 0.00000E+00 0.00000E+00
 1.00000E-06 0.00000E+00 0.00000E+00
 1.00000E-05 0.00000E+00 0.00000E+00
 1.00000E-04 0.00000E+00 0.00000E+00
 1.00000E-03 0.00000E+00 0.00000E+00
 2.00000E-03 0.00000E+00 0.00000E+00
 4.00000E-03 0.00000E+00 0.00000E+00
 7.00000E-03 0.00000E+00 0.00000E+00
 1.00000E-02 0.00000E+00 0.00000E+00
 2.00000E-02 0.00000E+00 0.00000E+00
 4.00000E-02 0.00000E+00 0.00000E+00
 7.00000E-02 0.00000E+00 0.00000E+00
 1.00000E-01 0.00000E+00 0.00000E+00
 2.00000E-01 0.00000E+00 0.00000E+00
 3.00000E-01 0.00000E+00 0.00000E+00
 4.00000E-01 0.00000E+00 0.00000E+00
 5.00000E-01 0.00000E+00 0.00000E+00
 6.00000E-01 0.00000E+00 0.00000E+00
 7.00000E-01 0.00000E+00 0.00000E+00
 8.00000E-01 0.00000E+00 0.00000E+00
 9.00000E-01 0.00000E+00 0.00000E+00
 1.00000E+00 0.00000E+00 0.00000E+00
 1.20000E+00 0.00000E+00 0.00000E+00
 1.40000E+00 0.00000E+00 0.00000E+00
 1.60000E+00 0.00000E+00 0.00000E+00
 1.80000E+00 0.00000E+00 0.00000E+00
 2.00000E+00 0.00000E+00 0.00000E+00
 2.20000E+00 0.00000E+00 0.00000E+00
 2.40000E+00 0.00000E+00 0.00000E+00
 2.60000E+00 0.00000E+00 0.00000E+00
 2.80000E+00 0.00000E+00 0.00000E+00
 3.00000E+00 0.00000E+00 0.00000E+00
 3.20000E+00 0.00000E+00 0.00000E+00
 3.40000E+00 0.00000E+00 0.00000E+00
 3.60000E+00 0.00000E+00 0.00000E+00
 3.80000E+00 0.00000E+00 0.00000E+00
 4.00000E+00 0.00000E+00 0.00000E+00
 4.20000E+00 0.00000E+00 0.00000E+00
 4.40000E+00 0.00000E+00 0.00000E+00
 4.60000E+00 0.00000E+00 0.00000E+00
 4.80000E+00 0.00000E+00 0.00000E+00
 5.00000E+00 0.00000E+00 0.00000E+00
 5.20000E+00 0.00000E+00 0.00000E+00
 5.40000E+00 0.00000E+00 0.00000E+00
 5.60000E+00 0.00000E+00 0.00000E+00
 5.80000E+00 0.00000E+00 0.00000E+00
 6.00000E+00 0.00000E+00 0.00000E+00
 6.20000E+00 0.00000E+00 0.00000E+00
 6.40000E+00 0.00000E+00 0.00000E+00
 6.60000E+00 0.00000E+00 0.00000E+00
 6.80000E+00 0.00000E+00 0.00000E+00
 7.00000E+00 0.00000E+00 0.00000E+00
 7.20000E+00 0.00000E+00 0.00000E+00
 7.40000E+00 0.00000E+00 0.00000E+00
 7.60000E+00 0.00000E+00 0.00000E+00
 7.80000E+00 0.00000E+00 0.00000E+00
 8.00000E+00 0.00000E+00 0.00000E+00
 8.50000E+00 1.75109E-34 4.69006E-37
 9.00000E+00 4.64244E-22 1.04981E-24
 9.50000E+00 1.51434E-16 2.95983E-19
 1.00000E+01 1.14732E-13 1.97635E-16
 1.05000E+01 4.18828E-10 6.46324E-13
 1.10000E+01 1.12921E-08 1.58285E-11
 1.15000E+01 1.91779E-07 2.47188E-10
 1.20000E+01 1.32199E-06 1.58447E-09
 1.25000E+01 7.48595E-06 8.43048E-09
 1.30000E+01 3.02293E-05 3.22917E-08
 1.35000E+01 1.05532E-04 1.07817E-07
 1.40000E+01 3.03294E-04 2.98385E-07
 1.45000E+01 7.32039E-04 6.97246E-07
 1.50000E+01 1.54312E-03 1.42871E-06
 1.60000E+01 5.51844E-03 4.86687E-06
 1.70000E+01 1.98347E-02 1.67777E-05
 1.80000E+01 6.08314E-02 4.96064E-05
 1.90000E+01 1.49974E-01 1.18482E-04
 2.00000E+01 3.03051E-01 2.33037E-04
 2.10000E+01 5.24364E-01 3.94137E-04
 2.20000E+01 8.09210E-01 5.96688E-04
 2.30000E+01 1.14913E+00 8.33668E-04
 2.40000E+01 1.53306E+00 1.09675E-03
 2.50000E+01 1.95050E+00 1.37827E-03
 2.60000E+01 2.39230E+00 1.67167E-03
 2.70000E+01 2.85049E+00 1.97140E-03
 2.80000E+01 3.31811E+00 2.27300E-03
 2.90000E+01 3.79028E+00 2.57401E-03
 3.00000E+01 4.26407E+00 2.87383E-03
 3.20000E+01 5.19007E+00 3.45855E-03
 3.40000E+01 6.11902E+00 4.05158E-03
 3.60000E+01 7.02786E+00 4.63787E-03
 3.80000E+01 7.91631E+00 5.21448E-03
 4.00000E+01 8.74057E+00 5.75325E-03
 4.20000E+01 9.50118E+00 6.25843E-03
 4.40000E+01 1.02040E+01 6.73671E-03
 4.60000E+01 1.08615E+01 7.19616E-03
 4.80000E+01 1.14862E+01 7.64334E-03
 5.00000E+01 1.20894E+01 8.08442E-03
 5.20000E+01 1.27043E+01 8.54112E-03
 5.40000E+01 1.32859E+01 8.98354E-03
 5.60000E+01 1.38707E+01 9.43632E-03
 5.80000E+01 1.44597E+01 9.89967E-03
 6.00000E+01 1.50531E+01 1.03737E-02
