# p + 120Sn Total triton   production
# Q-value    =-7.10572E+00
# 
# # energies =   103
#    E         xs         Yield
 1.00000E-11 0.00000E+00 0.00000E+00
 2.53000E-08 0.00000E+00 0.00000E+00
 2.00000E-07 0.00000E+00 0.00000E+00
 1.00000E-06 0.00000E+00 0.00000E+00
 1.00000E-05 0.00000E+00 0.00000E+00
 1.00000E-04 0.00000E+00 0.00000E+00
 1.00000E-03 0.00000E+00 0.00000E+00
 2.00000E-03 0.00000E+00 0.00000E+00
 4.00000E-03 0.00000E+00 0.00000E+00
 7.00000E-03 0.00000E+00 0.00000E+00
 1.00000E-02 0.00000E+00 0.00000E+00
 2.00000E-02 0.00000E+00 0.00000E+00
 4.00000E-02 0.00000E+00 0.00000E+00
 7.00000E-02 0.00000E+00 0.00000E+00
 1.00000E-01 0.00000E+00 0.00000E+00
 2.00000E-01 0.00000E+00 0.00000E+00
 3.00000E-01 0.00000E+00 0.00000E+00
 4.00000E-01 0.00000E+00 0.00000E+00
 5.00000E-01 0.00000E+00 0.00000E+00
 6.00000E-01 0.00000E+00 0.00000E+00
 7.00000E-01 0.00000E+00 0.00000E+00
 8.00000E-01 0.00000E+00 0.00000E+00
 9.00000E-01 0.00000E+00 0.00000E+00
 1.00000E+00 0.00000E+00 0.00000E+00
 1.20000E+00 0.00000E+00 0.00000E+00
 1.40000E+00 0.00000E+00 0.00000E+00
 1.60000E+00 0.00000E+00 0.00000E+00
 1.80000E+00 0.00000E+00 0.00000E+00
 2.00000E+00 0.00000E+00 0.00000E+00
 2.20000E+00 0.00000E+00 0.00000E+00
 2.40000E+00 0.00000E+00 0.00000E+00
 2.60000E+00 0.00000E+00 0.00000E+00
 2.80000E+00 0.00000E+00 0.00000E+00
 3.00000E+00 0.00000E+00 0.00000E+00
 3.20000E+00 0.00000E+00 0.00000E+00
 3.40000E+00 0.00000E+00 0.00000E+00
 3.60000E+00 0.00000E+00 0.00000E+00
 3.80000E+00 0.00000E+00 0.00000E+00
 4.00000E+00 0.00000E+00 0.00000E+00
 4.20000E+00 0.00000E+00 0.00000E+00
 4.40000E+00 0.00000E+00 0.00000E+00
 4.60000E+00 0.00000E+00 0.00000E+00
 4.80000E+00 0.00000E+00 0.00000E+00
 5.00000E+00 0.00000E+00 0.00000E+00
 5.20000E+00 0.00000E+00 0.00000E+00
 5.40000E+00 0.00000E+00 0.00000E+00
 5.60000E+00 0.00000E+00 0.00000E+00
 5.80000E+00 0.00000E+00 0.00000E+00
 6.00000E+00 0.00000E+00 0.00000E+00
 6.20000E+00 0.00000E+00 0.00000E+00
 6.40000E+00 0.00000E+00 0.00000E+00
 6.60000E+00 0.00000E+00 0.00000E+00
 6.80000E+00 0.00000E+00 0.00000E+00
 7.00000E+00 0.00000E+00 0.00000E+00
 7.20000E+00 0.00000E+00 0.00000E+00
 7.40000E+00 0.00000E+00 0.00000E+00
 7.60000E+00 1.40130E-45 0.00000E+00
 7.80000E+00 1.39167E-34 4.59468E-37
 8.00000E+00 3.43896E-28 1.03953E-30
 8.50000E+00 1.11946E-19 2.78550E-22
 9.00000E+00 4.74433E-15 1.00143E-17
 9.50000E+00 1.30664E-12 2.39635E-15
 1.00000E+01 1.25654E-09 2.04148E-12
 1.05000E+01 2.35913E-08 3.44971E-11
 1.10000E+01 3.78971E-07 5.05445E-10
 1.15000E+01 1.45759E-06 1.79385E-09
 1.20000E+01 7.76843E-06 8.91553E-09
 1.25000E+01 3.57017E-05 3.85807E-08
 1.30000E+01 1.32978E-04 1.36496E-07
 1.35000E+01 4.00793E-04 3.93733E-07
 1.40000E+01 9.81218E-04 9.28357E-07
 1.45000E+01 2.02821E-03 1.85735E-06
 1.50000E+01 3.74015E-03 3.32786E-06
 1.60000E+01 1.21983E-02 1.03293E-05
 1.70000E+01 4.24852E-02 3.44914E-05
 1.80000E+01 1.22913E-01 9.62090E-05
 1.90000E+01 2.75793E-01 2.09185E-04
 2.00000E+01 5.08474E-01 3.75427E-04
 2.10000E+01 8.16522E-01 5.89210E-04
 2.20000E+01 1.18933E+00 8.41674E-04
 2.30000E+01 1.61375E+00 1.12323E-03
 2.40000E+01 2.07687E+00 1.42504E-03
 2.50000E+01 2.56712E+00 1.73948E-03
 2.60000E+01 3.07475E+00 2.06020E-03
 2.70000E+01 3.59194E+00 2.38234E-03
 2.80000E+01 4.11268E+00 2.70258E-03
 2.90000E+01 4.63252E+00 3.01909E-03
 3.00000E+01 5.19094E+00 3.35885E-03
 3.20000E+01 6.19919E+00 3.96829E-03
 3.40000E+01 7.16996E+00 4.55960E-03
 3.60000E+01 8.10249E+00 5.13271E-03
 3.80000E+01 8.97436E+00 5.67247E-03
 4.00000E+01 9.76594E+00 6.16817E-03
 4.20000E+01 1.04764E+01 6.62198E-03
 4.40000E+01 1.11189E+01 7.04338E-03
 4.60000E+01 1.17095E+01 7.44181E-03
 4.80000E+01 1.22777E+01 7.83489E-03
 5.00000E+01 1.28129E+01 8.21477E-03
 5.20000E+01 1.33287E+01 8.59001E-03
 5.40000E+01 1.38356E+01 8.96714E-03
 5.60000E+01 1.43087E+01 9.32972E-03
 5.80000E+01 1.48284E+01 9.72959E-03
 6.00000E+01 1.53546E+01 1.01406E-02
