# p +  64Ni Total alpha    production
# Q-value    = 6.63202E-01
# 
# # energies =   100
#    E         xs         Yield
 1.00000E-11 0.00000E+00 0.00000E+00
 2.53000E-08 0.00000E+00 0.00000E+00
 2.00000E-07 0.00000E+00 0.00000E+00
 1.00000E-06 0.00000E+00 0.00000E+00
 1.00000E-05 0.00000E+00 0.00000E+00
 1.00000E-04 0.00000E+00 0.00000E+00
 1.00000E-03 0.00000E+00 0.00000E+00
 2.00000E-03 0.00000E+00 0.00000E+00
 4.00000E-03 0.00000E+00 0.00000E+00
 7.00000E-03 0.00000E+00 0.00000E+00
 1.00000E-02 0.00000E+00 0.00000E+00
 2.00000E-02 0.00000E+00 0.00000E+00
 4.00000E-02 0.00000E+00 0.00000E+00
 7.00000E-02 0.00000E+00 0.00000E+00
 1.00000E-01 0.00000E+00 0.00000E+00
 2.00000E-01 0.00000E+00 0.00000E+00
 3.00000E-01 0.00000E+00 0.00000E+00
 4.00000E-01 0.00000E+00 0.00000E+00
 5.00000E-01 0.00000E+00 0.00000E+00
 6.00000E-01 0.00000E+00 0.00000E+00
 7.00000E-01 0.00000E+00 0.00000E+00
 8.00000E-01 0.00000E+00 0.00000E+00
 9.00000E-01 0.00000E+00 0.00000E+00
 1.00000E+00 0.00000E+00 0.00000E+00
 1.20000E+00 0.00000E+00 0.00000E+00
 1.40000E+00 0.00000E+00 0.00000E+00
 1.60000E+00 0.00000E+00 0.00000E+00
 1.80000E+00 0.00000E+00 0.00000E+00
 2.00000E+00 0.00000E+00 0.00000E+00
 2.20000E+00 0.00000E+00 0.00000E+00
 2.40000E+00 0.00000E+00 0.00000E+00
 2.60000E+00 0.00000E+00 0.00000E+00
 2.80000E+00 2.60861E-07 1.35401E-08
 3.00000E+00 9.66637E-07 2.93965E-08
 3.20000E+00 3.12669E-06 6.32017E-08
 3.40000E+00 8.52755E-06 1.21616E-07
 3.60000E+00 3.10412E-05 3.27613E-07
 3.80000E+00 6.46393E-05 5.28171E-07
 4.00000E+00 1.81095E-04 1.18667E-06
 4.20000E+00 4.23087E-04 2.28936E-06
 4.40000E+00 7.26225E-04 3.32494E-06
 4.60000E+00 1.96716E-03 7.77917E-06
 4.80000E+00 3.64427E-03 1.26679E-05
 5.00000E+00 6.91654E-03 2.14574E-05
 5.20000E+00 1.31004E-02 3.67573E-05
 5.40000E+00 2.07138E-02 5.31826E-05
 5.60000E+00 3.72953E-02 8.85300E-05
 5.80000E+00 5.92830E-02 1.31283E-04
 6.00000E+00 8.99533E-02 1.87298E-04
 6.20000E+00 1.38364E-01 2.72702E-04
 6.40000E+00 1.96924E-01 3.69470E-04
 6.60000E+00 2.79887E-01 5.02272E-04
 6.80000E+00 3.86909E-01 6.66727E-04
 7.00000E+00 5.13000E-01 8.51611E-04
 7.20000E+00 6.72785E-01 1.07879E-03
 7.40000E+00 8.66202E-01 1.34450E-03
 7.60000E+00 1.08038E+00 1.62625E-03
 7.80000E+00 1.33766E+00 1.95569E-03
 8.00000E+00 1.62935E+00 2.31690E-03
 8.50000E+00 2.47170E+00 3.29619E-03
 9.00000E+00 3.44764E+00 4.34242E-03
 9.50000E+00 4.45519E+00 5.33712E-03
 1.00000E+01 5.39234E+00 6.18654E-03
 1.05000E+01 6.18825E+00 6.84340E-03
 1.10000E+01 6.88947E+00 7.38545E-03
 1.15000E+01 7.54617E+00 7.87834E-03
 1.20000E+01 8.19075E+00 8.35902E-03
 1.25000E+01 8.87739E+00 8.88156E-03
 1.30000E+01 9.48426E+00 9.32294E-03
 1.35000E+01 1.02780E+01 9.94533E-03
 1.40000E+01 1.11646E+01 1.06515E-02
 1.45000E+01 1.21464E+01 1.14421E-02
 1.50000E+01 1.32429E+01 1.23344E-02
 1.60000E+01 1.58586E+01 1.44934E-02
 1.70000E+01 1.91511E+01 1.72466E-02
 1.80000E+01 2.29733E+01 2.04513E-02
 1.90000E+01 2.72590E+01 2.40379E-02
 2.00000E+01 3.14617E+01 2.75157E-02
 2.10000E+01 3.53700E+01 3.07018E-02
 2.20000E+01 3.88607E+01 3.35049E-02
 2.30000E+01 4.21535E+01 3.61404E-02
 2.40000E+01 4.51619E+01 3.85630E-02
 2.50000E+01 4.82951E+01 4.11446E-02
 2.60000E+01 5.12389E+01 4.36291E-02
 2.70000E+01 5.41710E+01 4.61690E-02
 2.80000E+01 5.69001E+01 4.85935E-02
 2.90000E+01 5.93898E+01 5.08592E-02
 3.00000E+01 6.12828E+01 5.26480E-02
 3.20000E+01 6.36502E+01 5.50693E-02
 3.40000E+01 6.45283E+01 5.62622E-02
 3.60000E+01 6.42786E+01 5.65285E-02
 3.80000E+01 6.40110E+01 5.68360E-02
 4.00000E+01 6.45649E+01 5.79291E-02
 4.20000E+01 6.54150E+01 5.93403E-02
 4.40000E+01 6.60681E+01 6.06124E-02
 4.60000E+01 6.63595E+01 6.15774E-02
 4.80000E+01 6.58531E+01 6.18089E-02
 5.00000E+01 6.53972E+01 6.20850E-02
 5.20000E+01 6.48083E+01 6.22278E-02
 5.40000E+01 6.39073E+01 6.20568E-02
