# p +  60Ni Total alpha    production
# Q-value    =-2.63527E-01
# 
# # energies =   100
#    E         xs         Yield
 1.00000E-11 0.00000E+00 0.00000E+00
 2.53000E-08 0.00000E+00 0.00000E+00
 2.00000E-07 0.00000E+00 0.00000E+00
 1.00000E-06 0.00000E+00 0.00000E+00
 1.00000E-05 0.00000E+00 0.00000E+00
 1.00000E-04 0.00000E+00 0.00000E+00
 1.00000E-03 0.00000E+00 0.00000E+00
 2.00000E-03 0.00000E+00 0.00000E+00
 4.00000E-03 0.00000E+00 0.00000E+00
 7.00000E-03 0.00000E+00 0.00000E+00
 1.00000E-02 0.00000E+00 0.00000E+00
 2.00000E-02 0.00000E+00 0.00000E+00
 4.00000E-02 0.00000E+00 0.00000E+00
 7.00000E-02 0.00000E+00 0.00000E+00
 1.00000E-01 0.00000E+00 0.00000E+00
 2.00000E-01 0.00000E+00 0.00000E+00
 3.00000E-01 0.00000E+00 0.00000E+00
 4.00000E-01 0.00000E+00 0.00000E+00
 5.00000E-01 0.00000E+00 0.00000E+00
 6.00000E-01 0.00000E+00 0.00000E+00
 7.00000E-01 0.00000E+00 0.00000E+00
 8.00000E-01 0.00000E+00 0.00000E+00
 9.00000E-01 0.00000E+00 0.00000E+00
 1.00000E+00 0.00000E+00 0.00000E+00
 1.20000E+00 0.00000E+00 0.00000E+00
 1.40000E+00 0.00000E+00 0.00000E+00
 1.60000E+00 0.00000E+00 0.00000E+00
 1.80000E+00 0.00000E+00 0.00000E+00
 2.00000E+00 0.00000E+00 0.00000E+00
 2.20000E+00 0.00000E+00 0.00000E+00
 2.40000E+00 0.00000E+00 0.00000E+00
 2.60000E+00 0.00000E+00 0.00000E+00
 2.80000E+00 0.00000E+00 0.00000E+00
 3.00000E+00 0.00000E+00 0.00000E+00
 3.20000E+00 0.00000E+00 0.00000E+00
 3.40000E+00 0.00000E+00 0.00000E+00
 3.60000E+00 0.00000E+00 0.00000E+00
 3.80000E+00 2.26599E-05 2.71766E-06
 4.00000E+00 1.15111E-04 8.35498E-06
 4.20000E+00 3.37318E-04 1.55270E-05
 4.40000E+00 1.06572E-03 3.24728E-05
 4.60000E+00 2.91023E-03 6.10957E-05
 4.80000E+00 5.22356E-03 7.84090E-05
 5.00000E+00 1.37743E-02 1.53060E-04
 5.20000E+00 2.53824E-02 2.15654E-04
 5.40000E+00 4.51277E-02 3.01936E-04
 5.60000E+00 9.55520E-02 5.17266E-04
 5.80000E+00 1.50311E-01 6.74266E-04
 6.00000E+00 3.15327E-01 1.19740E-03
 6.20000E+00 5.52147E-01 1.81014E-03
 6.40000E+00 8.33050E-01 2.39928E-03
 6.60000E+00 1.36485E+00 3.50989E-03
 6.80000E+00 1.90324E+00 4.43440E-03
 7.00000E+00 2.65890E+00 5.68759E-03
 7.20000E+00 3.45942E+00 6.79077E-03
 7.40000E+00 4.22151E+00 7.73493E-03
 7.60000E+00 5.20932E+00 9.00536E-03
 7.80000E+00 5.84991E+00 9.60905E-03
 8.00000E+00 6.58625E+00 1.03758E-02
 8.50000E+00 8.82206E+00 1.28132E-02
 9.00000E+00 1.17097E+01 1.59624E-02
 9.50000E+00 1.53818E+01 1.98717E-02
 1.00000E+01 2.00826E+01 2.46430E-02
 1.05000E+01 2.56538E+01 3.02755E-02
 1.10000E+01 3.17301E+01 3.62000E-02
 1.15000E+01 3.77855E+01 4.18688E-02
 1.20000E+01 4.34861E+01 4.69868E-02
 1.25000E+01 4.86465E+01 5.14208E-02
 1.30000E+01 5.32077E+01 5.51590E-02
 1.35000E+01 5.72351E+01 5.83061E-02
 1.40000E+01 6.07301E+01 6.08922E-02
 1.45000E+01 6.38329E+01 6.30850E-02
 1.50000E+01 6.65834E+01 6.49466E-02
 1.60000E+01 7.11872E+01 6.79154E-02
 1.70000E+01 7.47846E+01 7.01528E-02
 1.80000E+01 7.77962E+01 7.20839E-02
 1.90000E+01 8.05051E+01 7.39314E-02
 2.00000E+01 8.33596E+01 7.60356E-02
 2.10000E+01 8.70034E+01 7.89156E-02
 2.20000E+01 9.11676E+01 8.22806E-02
 2.30000E+01 9.54033E+01 8.57150E-02
 2.40000E+01 9.88523E+01 8.84735E-02
 2.50000E+01 1.01419E+02 9.05117E-02
 2.60000E+01 1.03124E+02 9.18862E-02
 2.70000E+01 1.03792E+02 9.24591E-02
 2.80000E+01 1.03806E+02 9.25686E-02
 2.90000E+01 1.03212E+02 9.22348E-02
 3.00000E+01 1.01945E+02 9.13744E-02
 3.20000E+01 9.90518E+01 8.94518E-02
 3.40000E+01 9.64010E+01 8.78121E-02
 3.60000E+01 9.41692E+01 8.65780E-02
 3.80000E+01 9.17918E+01 8.52307E-02
 4.00000E+01 8.93226E+01 8.38151E-02
 4.20000E+01 8.64306E+01 8.20040E-02
 4.40000E+01 8.30072E+01 7.96614E-02
 4.60000E+01 7.97363E+01 7.74184E-02
 4.80000E+01 7.74074E+01 7.60424E-02
 5.00000E+01 7.46696E+01 7.42154E-02
 5.20000E+01 7.26349E+01 7.30376E-02
 5.40000E+01 7.09517E+01 7.21719E-02
