# p +  58Ni Total alpha    production
# Q-value    =-1.33482E+00
# 
# # energies =   100
#    E         xs         Yield
 1.00000E-11 0.00000E+00 0.00000E+00
 2.53000E-08 0.00000E+00 0.00000E+00
 2.00000E-07 0.00000E+00 0.00000E+00
 1.00000E-06 0.00000E+00 0.00000E+00
 1.00000E-05 0.00000E+00 0.00000E+00
 1.00000E-04 0.00000E+00 0.00000E+00
 1.00000E-03 0.00000E+00 0.00000E+00
 2.00000E-03 0.00000E+00 0.00000E+00
 4.00000E-03 0.00000E+00 0.00000E+00
 7.00000E-03 0.00000E+00 0.00000E+00
 1.00000E-02 0.00000E+00 0.00000E+00
 2.00000E-02 0.00000E+00 0.00000E+00
 4.00000E-02 0.00000E+00 0.00000E+00
 7.00000E-02 0.00000E+00 0.00000E+00
 1.00000E-01 0.00000E+00 0.00000E+00
 2.00000E-01 0.00000E+00 0.00000E+00
 3.00000E-01 0.00000E+00 0.00000E+00
 4.00000E-01 0.00000E+00 0.00000E+00
 5.00000E-01 0.00000E+00 0.00000E+00
 6.00000E-01 0.00000E+00 0.00000E+00
 7.00000E-01 0.00000E+00 0.00000E+00
 8.00000E-01 0.00000E+00 0.00000E+00
 9.00000E-01 0.00000E+00 0.00000E+00
 1.00000E+00 0.00000E+00 0.00000E+00
 1.20000E+00 0.00000E+00 0.00000E+00
 1.40000E+00 0.00000E+00 0.00000E+00
 1.60000E+00 0.00000E+00 0.00000E+00
 1.80000E+00 0.00000E+00 0.00000E+00
 2.00000E+00 0.00000E+00 0.00000E+00
 2.20000E+00 0.00000E+00 0.00000E+00
 2.40000E+00 0.00000E+00 0.00000E+00
 2.60000E+00 0.00000E+00 0.00000E+00
 2.80000E+00 0.00000E+00 0.00000E+00
 3.00000E+00 0.00000E+00 0.00000E+00
 3.20000E+00 0.00000E+00 0.00000E+00
 3.40000E+00 0.00000E+00 0.00000E+00
 3.60000E+00 0.00000E+00 0.00000E+00
 3.80000E+00 0.00000E+00 0.00000E+00
 4.00000E+00 0.00000E+00 0.00000E+00
 4.20000E+00 0.00000E+00 0.00000E+00
 4.40000E+00 0.00000E+00 0.00000E+00
 4.60000E+00 3.80529E-33 1.25581E-34
 4.80000E+00 5.39203E-28 1.23720E-29
 5.00000E+00 3.20511E-24 5.28308E-26
 5.20000E+00 1.30641E-04 1.59282E-06
 5.40000E+00 3.75365E-04 3.47814E-06
 5.60000E+00 1.34215E-03 9.69637E-06
 5.80000E+00 2.80671E-03 1.62035E-05
 6.00000E+00 5.80008E-03 2.73698E-05
 6.20000E+00 1.24415E-02 4.90982E-05
 6.40000E+00 1.92782E-02 6.50060E-05
 6.60000E+00 3.70848E-02 1.09051E-04
 6.80000E+00 5.94000E-02 1.55347E-04
 7.00000E+00 9.37347E-02 2.21841E-04
 7.20000E+00 1.78992E-01 3.89315E-04
 7.40000E+00 2.66778E-01 5.40206E-04
 7.60000E+00 4.42244E-01 8.42649E-04
 7.80000E+00 6.71996E-01 1.21545E-03
 8.00000E+00 9.23059E-01 1.59571E-03
 8.50000E+00 2.04912E+00 3.10333E-03
 9.00000E+00 3.71953E+00 5.31727E-03
 9.50000E+00 5.78484E+00 7.86122E-03
 1.00000E+01 7.79992E+00 1.01266E-02
 1.05000E+01 9.44411E+00 1.17718E-02
 1.10000E+01 1.08472E+01 1.30425E-02
 1.15000E+01 1.26273E+01 1.47136E-02
 1.20000E+01 1.53924E+01 1.74546E-02
 1.25000E+01 1.93447E+01 2.14247E-02
 1.30000E+01 2.41127E+01 2.61575E-02
 1.35000E+01 2.90143E+01 3.08977E-02
 1.40000E+01 3.34625E+01 3.50413E-02
 1.45000E+01 3.72626E+01 3.84253E-02
 1.50000E+01 4.03711E+01 4.10481E-02
 1.60000E+01 4.48411E+01 4.44988E-02
 1.70000E+01 4.76418E+01 4.63980E-02
 1.80000E+01 4.95265E+01 4.75863E-02
 1.90000E+01 5.10150E+01 4.85659E-02
 2.00000E+01 5.25617E+01 4.97232E-02
 2.10000E+01 5.44626E+01 5.12812E-02
 2.20000E+01 5.68835E+01 5.33509E-02
 2.30000E+01 5.99925E+01 5.60642E-02
 2.40000E+01 6.34569E+01 5.91073E-02
 2.50000E+01 6.68178E+01 6.20689E-02
 2.60000E+01 6.95236E+01 6.44662E-02
 2.70000E+01 7.14018E+01 6.61649E-02
 2.80000E+01 7.26996E+01 6.74087E-02
 2.90000E+01 7.33359E+01 6.81200E-02
 3.00000E+01 7.36546E+01 6.86072E-02
 3.20000E+01 7.32858E+01 6.87845E-02
 3.40000E+01 7.24912E+01 6.86554E-02
 3.60000E+01 7.22447E+01 6.90841E-02
 3.80000E+01 7.24820E+01 7.00113E-02
 4.00000E+01 7.29449E+01 7.12033E-02
 4.20000E+01 7.32396E+01 7.22783E-02
 4.40000E+01 7.27325E+01 7.25932E-02
 4.60000E+01 7.19685E+01 7.26604E-02
 4.80000E+01 7.08234E+01 7.23339E-02
 5.00000E+01 6.95323E+01 7.18362E-02
 5.20000E+01 6.84903E+01 7.15702E-02
 5.40000E+01 6.70903E+01 7.09001E-02
