# p +  62Ni Total alpha    production
# Q-value    = 3.47456E-01
# 
# # energies =   100
#    E         xs         Yield
 1.00000E-11 0.00000E+00 0.00000E+00
 2.53000E-08 0.00000E+00 0.00000E+00
 2.00000E-07 0.00000E+00 0.00000E+00
 1.00000E-06 0.00000E+00 0.00000E+00
 1.00000E-05 0.00000E+00 0.00000E+00
 1.00000E-04 0.00000E+00 0.00000E+00
 1.00000E-03 0.00000E+00 0.00000E+00
 2.00000E-03 0.00000E+00 0.00000E+00
 4.00000E-03 0.00000E+00 0.00000E+00
 7.00000E-03 0.00000E+00 0.00000E+00
 1.00000E-02 0.00000E+00 0.00000E+00
 2.00000E-02 0.00000E+00 0.00000E+00
 4.00000E-02 0.00000E+00 0.00000E+00
 7.00000E-02 0.00000E+00 0.00000E+00
 1.00000E-01 0.00000E+00 0.00000E+00
 2.00000E-01 0.00000E+00 0.00000E+00
 3.00000E-01 0.00000E+00 0.00000E+00
 4.00000E-01 0.00000E+00 0.00000E+00
 5.00000E-01 0.00000E+00 0.00000E+00
 6.00000E-01 0.00000E+00 0.00000E+00
 7.00000E-01 0.00000E+00 0.00000E+00
 8.00000E-01 0.00000E+00 0.00000E+00
 9.00000E-01 0.00000E+00 0.00000E+00
 1.00000E+00 0.00000E+00 0.00000E+00
 1.20000E+00 0.00000E+00 0.00000E+00
 1.40000E+00 0.00000E+00 0.00000E+00
 1.60000E+00 0.00000E+00 0.00000E+00
 1.80000E+00 0.00000E+00 0.00000E+00
 2.00000E+00 0.00000E+00 0.00000E+00
 2.20000E+00 0.00000E+00 0.00000E+00
 2.40000E+00 0.00000E+00 0.00000E+00
 2.60000E+00 0.00000E+00 0.00000E+00
 2.80000E+00 0.00000E+00 0.00000E+00
 3.00000E+00 0.00000E+00 0.00000E+00
 3.20000E+00 5.67018E-06 1.57366E-06
 3.40000E+00 8.41539E-05 1.46766E-05
 3.60000E+00 3.37513E-04 3.71223E-05
 3.80000E+00 1.25503E-03 8.89141E-05
 4.00000E+00 3.65045E-03 1.71346E-04
 4.20000E+00 6.98841E-03 2.23981E-04
 4.40000E+00 2.22370E-02 5.01918E-04
 4.60000E+00 4.29622E-02 7.04166E-04
 4.80000E+00 9.13425E-02 1.11979E-03
 5.00000E+00 1.45683E-01 8.70861E-04
 5.20000E+00 1.61155E-01 6.93463E-04
 5.40000E+00 1.94795E-01 6.70730E-04
 5.60000E+00 2.34077E-01 6.70125E-04
 5.80000E+00 2.73049E-01 6.87454E-04
 6.00000E+00 3.72128E-01 8.50245E-04
 6.20000E+00 4.71801E-01 9.97771E-04
 6.40000E+00 6.42067E-01 1.27402E-03
 6.60000E+00 8.58298E-01 1.61366E-03
 6.80000E+00 1.10414E+00 1.98138E-03
 7.00000E+00 1.46293E+00 2.51983E-03
 7.20000E+00 1.85885E+00 3.08667E-03
 7.40000E+00 2.33069E+00 3.74379E-03
 7.60000E+00 2.89094E+00 4.50414E-03
 7.80000E+00 3.49883E+00 5.29868E-03
 8.00000E+00 4.17995E+00 6.16355E-03
 8.50000E+00 6.13147E+00 8.50613E-03
 9.00000E+00 8.36842E+00 1.09917E-02
 9.50000E+00 1.07630E+01 1.34592E-02
 1.00000E+01 1.31572E+01 1.57510E-02
 1.05000E+01 1.54323E+01 1.77834E-02
 1.10000E+01 1.75522E+01 1.95713E-02
 1.15000E+01 1.95008E+01 2.11279E-02
 1.20000E+01 2.13219E+01 2.25453E-02
 1.25000E+01 2.30243E+01 2.38319E-02
 1.30000E+01 2.46651E+01 2.50509E-02
 1.35000E+01 2.62845E+01 2.62443E-02
 1.40000E+01 2.78908E+01 2.74212E-02
 1.45000E+01 2.94855E+01 2.85864E-02
 1.50000E+01 3.11389E+01 2.98120E-02
 1.60000E+01 3.43430E+01 3.21942E-02
 1.70000E+01 3.79500E+01 3.50111E-02
 1.80000E+01 4.25364E+01 3.87781E-02
 1.90000E+01 4.92690E+01 4.45121E-02
 2.00000E+01 5.85507E+01 5.25124E-02
 2.10000E+01 6.90938E+01 6.15722E-02
 2.20000E+01 7.89727E+01 6.99660E-02
 2.30000E+01 8.68784E+01 7.65705E-02
 2.40000E+01 9.25040E+01 8.11830E-02
 2.50000E+01 9.54776E+01 8.35449E-02
 2.60000E+01 9.66846E+01 8.44739E-02
 2.70000E+01 9.67449E+01 8.45221E-02
 2.80000E+01 9.61921E+01 8.41399E-02
 2.90000E+01 9.55171E+01 8.37326E-02
 3.00000E+01 9.50702E+01 8.35818E-02
 3.20000E+01 9.42114E+01 8.34076E-02
 3.40000E+01 9.39930E+01 8.38729E-02
 3.60000E+01 9.35324E+01 8.41800E-02
 3.80000E+01 9.19292E+01 8.35113E-02
 4.00000E+01 9.07931E+01 8.33117E-02
 4.20000E+01 8.87771E+01 8.23306E-02
 4.40000E+01 8.69122E+01 8.14907E-02
 4.60000E+01 8.53524E+01 8.09258E-02
 4.80000E+01 8.34859E+01 8.00501E-02
 5.00000E+01 8.17304E+01 7.92506E-02
 5.20000E+01 7.98121E+01 7.82602E-02
 5.40000E+01 7.80862E+01 7.74219E-02
