# p +  61Ni Total alpha    production
# Q-value    = 4.89321E-01
# 
# # energies =   100
#    E         xs         Yield
 1.00000E-11 0.00000E+00 0.00000E+00
 2.53000E-08 0.00000E+00 0.00000E+00
 2.00000E-07 0.00000E+00 0.00000E+00
 1.00000E-06 0.00000E+00 0.00000E+00
 1.00000E-05 0.00000E+00 0.00000E+00
 1.00000E-04 0.00000E+00 0.00000E+00
 1.00000E-03 0.00000E+00 0.00000E+00
 2.00000E-03 0.00000E+00 0.00000E+00
 4.00000E-03 0.00000E+00 0.00000E+00
 7.00000E-03 0.00000E+00 0.00000E+00
 1.00000E-02 0.00000E+00 0.00000E+00
 2.00000E-02 0.00000E+00 0.00000E+00
 4.00000E-02 0.00000E+00 0.00000E+00
 7.00000E-02 0.00000E+00 0.00000E+00
 1.00000E-01 0.00000E+00 0.00000E+00
 2.00000E-01 0.00000E+00 0.00000E+00
 3.00000E-01 0.00000E+00 0.00000E+00
 4.00000E-01 0.00000E+00 0.00000E+00
 5.00000E-01 0.00000E+00 0.00000E+00
 6.00000E-01 0.00000E+00 0.00000E+00
 7.00000E-01 0.00000E+00 0.00000E+00
 8.00000E-01 0.00000E+00 0.00000E+00
 9.00000E-01 0.00000E+00 0.00000E+00
 1.00000E+00 0.00000E+00 0.00000E+00
 1.20000E+00 0.00000E+00 0.00000E+00
 1.40000E+00 0.00000E+00 0.00000E+00
 1.60000E+00 0.00000E+00 0.00000E+00
 1.80000E+00 0.00000E+00 0.00000E+00
 2.00000E+00 0.00000E+00 0.00000E+00
 2.20000E+00 0.00000E+00 0.00000E+00
 2.40000E+00 0.00000E+00 0.00000E+00
 2.60000E+00 0.00000E+00 0.00000E+00
 2.80000E+00 1.48386E-12 1.98125E-13
 3.00000E+00 5.19055E-06 4.16675E-07
 3.20000E+00 2.87735E-05 9.65966E-07
 3.40000E+00 1.08217E-04 2.37324E-06
 3.60000E+00 3.41575E-04 5.19652E-06
 3.80000E+00 1.16828E-03 1.31343E-05
 4.00000E+00 2.55760E-03 2.22722E-05
 4.20000E+00 5.77694E-03 3.95734E-05
 4.40000E+00 1.24386E-02 7.01332E-05
 4.60000E+00 1.91867E-02 8.99862E-05
 4.80000E+00 4.31608E-02 1.73591E-04
 5.00000E+00 7.42838E-02 2.61204E-04
 5.20000E+00 1.32310E-01 4.11828E-04
 5.40000E+00 2.46088E-01 6.90319E-04
 5.60000E+00 3.88670E-01 9.96150E-04
 5.80000E+00 6.58533E-01 1.56005E-03
 6.00000E+00 1.00166E+00 2.21541E-03
 6.20000E+00 1.48796E+00 3.09876E-03
 6.40000E+00 2.22203E+00 4.38860E-03
 6.60000E+00 3.10695E+00 5.85437E-03
 6.80000E+00 4.36165E+00 7.87946E-03
 7.00000E+00 5.88427E+00 1.02324E-02
 7.20000E+00 7.76310E+00 1.30365E-02
 7.40000E+00 1.00681E+01 1.63698E-02
 7.60000E+00 1.26435E+01 1.99453E-02
 7.80000E+00 1.56508E+01 2.39949E-02
 8.00000E+00 1.89163E+01 2.82247E-02
 8.50000E+00 2.81230E+01 3.94011E-02
 9.00000E+00 3.80389E+01 5.03392E-02
 9.50000E+00 4.77779E+01 6.00656E-02
 1.00000E+01 5.66079E+01 6.79331E-02
 1.05000E+01 6.38060E+01 7.36413E-02
 1.10000E+01 6.93083E+01 7.73557E-02
 1.15000E+01 7.31914E+01 7.93818E-02
 1.20000E+01 7.55815E+01 7.99787E-02
 1.25000E+01 7.68041E+01 7.95480E-02
 1.30000E+01 7.71310E+01 7.83875E-02
 1.35000E+01 7.68232E+01 7.67629E-02
 1.40000E+01 7.60811E+01 7.48711E-02
 1.45000E+01 7.51140E+01 7.29103E-02
 1.50000E+01 7.42789E+01 7.12161E-02
 1.60000E+01 7.29782E+01 6.85366E-02
 1.70000E+01 7.29410E+01 6.74191E-02
 1.80000E+01 7.37036E+01 6.72986E-02
 1.90000E+01 7.55713E+01 6.83466E-02
 2.00000E+01 7.87791E+01 7.06794E-02
 2.10000E+01 8.27002E+01 7.36718E-02
 2.20000E+01 8.64755E+01 7.65406E-02
 2.30000E+01 8.98512E+01 7.90853E-02
 2.40000E+01 9.24701E+01 8.10331E-02
 2.50000E+01 9.45091E+01 8.25775E-02
 2.60000E+01 9.59268E+01 8.37029E-02
 2.70000E+01 9.66868E+01 8.43756E-02
 2.80000E+01 9.73786E+01 8.50914E-02
 2.90000E+01 9.76849E+01 8.55482E-02
 3.00000E+01 9.78992E+01 8.59783E-02
 3.20000E+01 9.88263E+01 8.73757E-02
 3.40000E+01 9.98911E+01 8.89859E-02
 3.60000E+01 1.00126E+02 8.99440E-02
 3.80000E+01 9.95608E+01 9.02694E-02
 4.00000E+01 9.76741E+01 8.94558E-02
 4.20000E+01 9.57920E+01 8.86742E-02
 4.40000E+01 9.38776E+01 8.78667E-02
 4.60000E+01 9.15497E+01 8.66546E-02
 4.80000E+01 8.93269E+01 8.55106E-02
 5.00000E+01 8.66119E+01 8.38532E-02
 5.20000E+01 8.52365E+01 8.34563E-02
 5.40000E+01 8.28370E+01 8.20193E-02
