# p +  62Ni Total deuteron production
# Q-value    =-8.37116E+00
# 
# # energies =   100
#    E         xs         Yield
 1.00000E-11 0.00000E+00 0.00000E+00
 2.53000E-08 0.00000E+00 0.00000E+00
 2.00000E-07 0.00000E+00 0.00000E+00
 1.00000E-06 0.00000E+00 0.00000E+00
 1.00000E-05 0.00000E+00 0.00000E+00
 1.00000E-04 0.00000E+00 0.00000E+00
 1.00000E-03 0.00000E+00 0.00000E+00
 2.00000E-03 0.00000E+00 0.00000E+00
 4.00000E-03 0.00000E+00 0.00000E+00
 7.00000E-03 0.00000E+00 0.00000E+00
 1.00000E-02 0.00000E+00 0.00000E+00
 2.00000E-02 0.00000E+00 0.00000E+00
 4.00000E-02 0.00000E+00 0.00000E+00
 7.00000E-02 0.00000E+00 0.00000E+00
 1.00000E-01 0.00000E+00 0.00000E+00
 2.00000E-01 0.00000E+00 0.00000E+00
 3.00000E-01 0.00000E+00 0.00000E+00
 4.00000E-01 0.00000E+00 0.00000E+00
 5.00000E-01 0.00000E+00 0.00000E+00
 6.00000E-01 0.00000E+00 0.00000E+00
 7.00000E-01 0.00000E+00 0.00000E+00
 8.00000E-01 0.00000E+00 0.00000E+00
 9.00000E-01 0.00000E+00 0.00000E+00
 1.00000E+00 0.00000E+00 0.00000E+00
 1.20000E+00 0.00000E+00 0.00000E+00
 1.40000E+00 0.00000E+00 0.00000E+00
 1.60000E+00 0.00000E+00 0.00000E+00
 1.80000E+00 0.00000E+00 0.00000E+00
 2.00000E+00 0.00000E+00 0.00000E+00
 2.20000E+00 0.00000E+00 0.00000E+00
 2.40000E+00 0.00000E+00 0.00000E+00
 2.60000E+00 0.00000E+00 0.00000E+00
 2.80000E+00 0.00000E+00 0.00000E+00
 3.00000E+00 0.00000E+00 0.00000E+00
 3.20000E+00 0.00000E+00 0.00000E+00
 3.40000E+00 0.00000E+00 0.00000E+00
 3.60000E+00 0.00000E+00 0.00000E+00
 3.80000E+00 0.00000E+00 0.00000E+00
 4.00000E+00 0.00000E+00 0.00000E+00
 4.20000E+00 0.00000E+00 0.00000E+00
 4.40000E+00 0.00000E+00 0.00000E+00
 4.60000E+00 0.00000E+00 0.00000E+00
 4.80000E+00 0.00000E+00 0.00000E+00
 5.00000E+00 0.00000E+00 0.00000E+00
 5.20000E+00 0.00000E+00 0.00000E+00
 5.40000E+00 0.00000E+00 0.00000E+00
 5.60000E+00 0.00000E+00 0.00000E+00
 5.80000E+00 0.00000E+00 0.00000E+00
 6.00000E+00 0.00000E+00 0.00000E+00
 6.20000E+00 0.00000E+00 0.00000E+00
 6.40000E+00 0.00000E+00 0.00000E+00
 6.60000E+00 0.00000E+00 0.00000E+00
 6.80000E+00 0.00000E+00 0.00000E+00
 7.00000E+00 0.00000E+00 0.00000E+00
 7.20000E+00 0.00000E+00 0.00000E+00
 7.40000E+00 0.00000E+00 0.00000E+00
 7.60000E+00 0.00000E+00 0.00000E+00
 7.80000E+00 0.00000E+00 0.00000E+00
 8.00000E+00 0.00000E+00 0.00000E+00
 8.50000E+00 0.00000E+00 0.00000E+00
 9.00000E+00 2.47987E-19 3.25724E-22
 9.50000E+00 1.55573E-10 1.94545E-13
 1.00000E+01 1.51781E-05 1.81702E-08
 1.05000E+01 6.99566E-04 8.06148E-07
 1.10000E+01 8.08181E-03 9.01147E-06
 1.15000E+01 4.09240E-02 4.43386E-05
 1.20000E+01 1.36679E-01 1.44522E-04
 1.25000E+01 3.17199E-01 3.28324E-04
 1.30000E+01 5.85579E-01 5.94738E-04
 1.35000E+01 9.48256E-01 9.46807E-04
 1.40000E+01 1.42791E+00 1.40386E-03
 1.45000E+01 2.06618E+00 2.00317E-03
 1.50000E+01 2.80154E+00 2.68216E-03
 1.60000E+01 4.77356E+00 4.47488E-03
 1.70000E+01 7.30155E+00 6.73611E-03
 1.80000E+01 1.02143E+01 9.31183E-03
 1.90000E+01 1.33642E+01 1.20739E-02
 2.00000E+01 1.66464E+01 1.49297E-02
 2.10000E+01 2.00048E+01 1.78271E-02
 2.20000E+01 2.34186E+01 2.07478E-02
 2.30000E+01 2.68599E+01 2.36730E-02
 2.40000E+01 3.03050E+01 2.65961E-02
 2.50000E+01 3.37432E+01 2.95260E-02
 2.60000E+01 3.70951E+01 3.24102E-02
 2.70000E+01 4.02815E+01 3.51923E-02
 2.80000E+01 4.32617E+01 3.78413E-02
 2.90000E+01 4.60495E+01 4.03681E-02
 3.00000E+01 4.84761E+01 4.26182E-02
 3.20000E+01 5.37623E+01 4.75970E-02
 3.40000E+01 5.79831E+01 5.17402E-02
 3.60000E+01 6.17940E+01 5.56151E-02
 3.80000E+01 6.53260E+01 5.93441E-02
 4.00000E+01 6.65377E+01 6.10550E-02
 4.20000E+01 6.95249E+01 6.44764E-02
 4.40000E+01 7.22312E+01 6.77254E-02
 4.60000E+01 7.46691E+01 7.07966E-02
 4.80000E+01 7.68444E+01 7.36820E-02
 5.00000E+01 7.88443E+01 7.64521E-02
 5.20000E+01 8.16420E+01 8.00545E-02
 5.40000E+01 8.33072E+01 8.25985E-02
