# p +  58Ni Total deuteron production
# Q-value    =-9.99166E+00
# 
# # energies =   100
#    E         xs         Yield
 1.00000E-11 0.00000E+00 0.00000E+00
 2.53000E-08 0.00000E+00 0.00000E+00
 2.00000E-07 0.00000E+00 0.00000E+00
 1.00000E-06 0.00000E+00 0.00000E+00
 1.00000E-05 0.00000E+00 0.00000E+00
 1.00000E-04 0.00000E+00 0.00000E+00
 1.00000E-03 0.00000E+00 0.00000E+00
 2.00000E-03 0.00000E+00 0.00000E+00
 4.00000E-03 0.00000E+00 0.00000E+00
 7.00000E-03 0.00000E+00 0.00000E+00
 1.00000E-02 0.00000E+00 0.00000E+00
 2.00000E-02 0.00000E+00 0.00000E+00
 4.00000E-02 0.00000E+00 0.00000E+00
 7.00000E-02 0.00000E+00 0.00000E+00
 1.00000E-01 0.00000E+00 0.00000E+00
 2.00000E-01 0.00000E+00 0.00000E+00
 3.00000E-01 0.00000E+00 0.00000E+00
 4.00000E-01 0.00000E+00 0.00000E+00
 5.00000E-01 0.00000E+00 0.00000E+00
 6.00000E-01 0.00000E+00 0.00000E+00
 7.00000E-01 0.00000E+00 0.00000E+00
 8.00000E-01 0.00000E+00 0.00000E+00
 9.00000E-01 0.00000E+00 0.00000E+00
 1.00000E+00 0.00000E+00 0.00000E+00
 1.20000E+00 0.00000E+00 0.00000E+00
 1.40000E+00 0.00000E+00 0.00000E+00
 1.60000E+00 0.00000E+00 0.00000E+00
 1.80000E+00 0.00000E+00 0.00000E+00
 2.00000E+00 0.00000E+00 0.00000E+00
 2.20000E+00 0.00000E+00 0.00000E+00
 2.40000E+00 0.00000E+00 0.00000E+00
 2.60000E+00 0.00000E+00 0.00000E+00
 2.80000E+00 0.00000E+00 0.00000E+00
 3.00000E+00 0.00000E+00 0.00000E+00
 3.20000E+00 0.00000E+00 0.00000E+00
 3.40000E+00 0.00000E+00 0.00000E+00
 3.60000E+00 0.00000E+00 0.00000E+00
 3.80000E+00 0.00000E+00 0.00000E+00
 4.00000E+00 0.00000E+00 0.00000E+00
 4.20000E+00 0.00000E+00 0.00000E+00
 4.40000E+00 0.00000E+00 0.00000E+00
 4.60000E+00 0.00000E+00 0.00000E+00
 4.80000E+00 0.00000E+00 0.00000E+00
 5.00000E+00 0.00000E+00 0.00000E+00
 5.20000E+00 0.00000E+00 0.00000E+00
 5.40000E+00 0.00000E+00 0.00000E+00
 5.60000E+00 0.00000E+00 0.00000E+00
 5.80000E+00 0.00000E+00 0.00000E+00
 6.00000E+00 0.00000E+00 0.00000E+00
 6.20000E+00 0.00000E+00 0.00000E+00
 6.40000E+00 0.00000E+00 0.00000E+00
 6.60000E+00 0.00000E+00 0.00000E+00
 6.80000E+00 0.00000E+00 0.00000E+00
 7.00000E+00 0.00000E+00 0.00000E+00
 7.20000E+00 0.00000E+00 0.00000E+00
 7.40000E+00 0.00000E+00 0.00000E+00
 7.60000E+00 0.00000E+00 0.00000E+00
 7.80000E+00 0.00000E+00 0.00000E+00
 8.00000E+00 0.00000E+00 0.00000E+00
 8.50000E+00 0.00000E+00 0.00000E+00
 9.00000E+00 0.00000E+00 0.00000E+00
 9.50000E+00 0.00000E+00 0.00000E+00
 1.00000E+01 0.00000E+00 0.00000E+00
 1.05000E+01 4.04105E-23 5.03706E-26
 1.10000E+01 2.57284E-11 3.09355E-14
 1.15000E+01 4.33918E-06 5.05612E-09
 1.20000E+01 3.64621E-04 4.13470E-07
 1.25000E+01 5.76994E-03 6.39033E-06
 1.30000E+01 3.61601E-02 3.92266E-05
 1.35000E+01 1.39262E-01 1.48302E-04
 1.40000E+01 3.56044E-01 3.72843E-04
 1.45000E+01 7.26800E-01 7.49478E-04
 1.50000E+01 1.16907E+00 1.18867E-03
 1.60000E+01 2.24424E+00 2.22711E-03
 1.70000E+01 3.91048E+00 3.80838E-03
 1.80000E+01 6.29289E+00 6.04636E-03
 1.90000E+01 9.22076E+00 8.77809E-03
 2.00000E+01 1.22393E+01 1.15783E-02
 2.10000E+01 1.52875E+01 1.43945E-02
 2.20000E+01 1.82971E+01 1.71608E-02
 2.30000E+01 2.11891E+01 1.98017E-02
 2.40000E+01 2.24382E+01 2.09002E-02
 2.50000E+01 2.51232E+01 2.33377E-02
 2.60000E+01 2.77809E+01 2.57601E-02
 2.70000E+01 3.04225E+01 2.81912E-02
 2.80000E+01 3.30281E+01 3.06244E-02
 2.90000E+01 3.54582E+01 3.29363E-02
 3.00000E+01 3.78462E+01 3.52527E-02
 3.20000E+01 4.21818E+01 3.95910E-02
 3.40000E+01 4.75418E+01 4.50261E-02
 3.60000E+01 5.08290E+01 4.86053E-02
 3.80000E+01 5.38653E+01 5.20292E-02
 4.00000E+01 5.66497E+01 5.52972E-02
 4.20000E+01 5.92239E+01 5.84465E-02
 4.40000E+01 6.16398E+01 6.15217E-02
 4.60000E+01 6.38336E+01 6.44473E-02
 4.80000E+01 6.58118E+01 6.72155E-02
 5.00000E+01 6.76159E+01 6.98563E-02
 5.20000E+01 6.82893E+01 7.13602E-02
 5.40000E+01 7.05432E+01 7.45491E-02
