# p +  61Ni Total deuteron production
# Q-value    =-5.59554E+00
# 
# # energies =   100
#    E         xs         Yield
 1.00000E-11 0.00000E+00 0.00000E+00
 2.53000E-08 0.00000E+00 0.00000E+00
 2.00000E-07 0.00000E+00 0.00000E+00
 1.00000E-06 0.00000E+00 0.00000E+00
 1.00000E-05 0.00000E+00 0.00000E+00
 1.00000E-04 0.00000E+00 0.00000E+00
 1.00000E-03 0.00000E+00 0.00000E+00
 2.00000E-03 0.00000E+00 0.00000E+00
 4.00000E-03 0.00000E+00 0.00000E+00
 7.00000E-03 0.00000E+00 0.00000E+00
 1.00000E-02 0.00000E+00 0.00000E+00
 2.00000E-02 0.00000E+00 0.00000E+00
 4.00000E-02 0.00000E+00 0.00000E+00
 7.00000E-02 0.00000E+00 0.00000E+00
 1.00000E-01 0.00000E+00 0.00000E+00
 2.00000E-01 0.00000E+00 0.00000E+00
 3.00000E-01 0.00000E+00 0.00000E+00
 4.00000E-01 0.00000E+00 0.00000E+00
 5.00000E-01 0.00000E+00 0.00000E+00
 6.00000E-01 0.00000E+00 0.00000E+00
 7.00000E-01 0.00000E+00 0.00000E+00
 8.00000E-01 0.00000E+00 0.00000E+00
 9.00000E-01 0.00000E+00 0.00000E+00
 1.00000E+00 0.00000E+00 0.00000E+00
 1.20000E+00 0.00000E+00 0.00000E+00
 1.40000E+00 0.00000E+00 0.00000E+00
 1.60000E+00 0.00000E+00 0.00000E+00
 1.80000E+00 0.00000E+00 0.00000E+00
 2.00000E+00 0.00000E+00 0.00000E+00
 2.20000E+00 0.00000E+00 0.00000E+00
 2.40000E+00 0.00000E+00 0.00000E+00
 2.60000E+00 0.00000E+00 0.00000E+00
 2.80000E+00 0.00000E+00 0.00000E+00
 3.00000E+00 0.00000E+00 0.00000E+00
 3.20000E+00 0.00000E+00 0.00000E+00
 3.40000E+00 0.00000E+00 0.00000E+00
 3.60000E+00 0.00000E+00 0.00000E+00
 3.80000E+00 0.00000E+00 0.00000E+00
 4.00000E+00 0.00000E+00 0.00000E+00
 4.20000E+00 0.00000E+00 0.00000E+00
 4.40000E+00 0.00000E+00 0.00000E+00
 4.60000E+00 0.00000E+00 0.00000E+00
 4.80000E+00 0.00000E+00 0.00000E+00
 5.00000E+00 0.00000E+00 0.00000E+00
 5.20000E+00 0.00000E+00 0.00000E+00
 5.40000E+00 0.00000E+00 0.00000E+00
 5.60000E+00 0.00000E+00 0.00000E+00
 5.80000E+00 0.00000E+00 0.00000E+00
 6.00000E+00 6.38783E-23 1.41281E-25
 6.20000E+00 7.55728E-16 1.57384E-18
 6.40000E+00 4.41136E-12 8.71263E-15
 6.60000E+00 1.02371E-10 1.92897E-13
 6.80000E+00 1.04872E-08 1.89455E-11
 7.00000E+00 2.74434E-06 4.77226E-09
 7.20000E+00 2.21728E-05 3.72346E-08
 7.40000E+00 1.21272E-04 1.97178E-07
 7.60000E+00 4.86822E-04 7.67967E-07
 7.80000E+00 1.58500E-03 2.43004E-06
 8.00000E+00 4.19600E-03 6.26080E-06
 8.50000E+00 2.41807E-02 3.38778E-05
 9.00000E+00 9.69259E-02 1.28268E-04
 9.50000E+00 2.49372E-01 3.13506E-04
 1.00000E+01 4.88652E-01 5.86413E-04
 1.05000E+01 9.80459E-01 1.13159E-03
 1.10000E+01 1.65794E+00 1.85044E-03
 1.15000E+01 2.49245E+00 2.70326E-03
 1.20000E+01 3.42153E+00 3.62059E-03
 1.25000E+01 4.54670E+00 4.70913E-03
 1.30000E+01 5.88844E+00 5.98436E-03
 1.35000E+01 7.33633E+00 7.33057E-03
 1.40000E+01 8.85376E+00 8.71295E-03
 1.45000E+01 1.04014E+01 1.00962E-02
 1.50000E+01 1.16223E+01 1.11431E-02
 1.60000E+01 1.47770E+01 1.38777E-02
 1.70000E+01 1.78676E+01 1.65150E-02
 1.80000E+01 2.09076E+01 1.90907E-02
 1.90000E+01 2.38913E+01 2.16073E-02
 2.00000E+01 2.68207E+01 2.40631E-02
 2.10000E+01 2.82382E+01 2.51555E-02
 2.20000E+01 3.10485E+01 2.74815E-02
 2.30000E+01 3.38252E+01 2.97723E-02
 2.40000E+01 3.65671E+01 3.20444E-02
 2.50000E+01 3.92559E+01 3.42999E-02
 2.60000E+01 4.18979E+01 3.65589E-02
 2.70000E+01 4.44166E+01 3.87610E-02
 2.80000E+01 4.68615E+01 4.09486E-02
 2.90000E+01 4.89955E+01 4.29081E-02
 3.00000E+01 5.18200E+01 4.55101E-02
 3.20000E+01 5.59191E+01 4.94400E-02
 3.40000E+01 5.97189E+01 5.31993E-02
 3.60000E+01 6.33086E+01 5.68708E-02
 3.80000E+01 6.67771E+01 6.05452E-02
 4.00000E+01 7.01052E+01 6.42065E-02
 4.20000E+01 7.33257E+01 6.78772E-02
 4.40000E+01 7.64202E+01 7.15270E-02
 4.60000E+01 7.93209E+01 7.50797E-02
 4.80000E+01 8.20910E+01 7.85838E-02
 5.00000E+01 8.72991E+01 8.45184E-02
 5.20000E+01 8.49955E+01 8.32204E-02
 5.40000E+01 8.72527E+01 8.63914E-02
