# p +  60Ni Total deuteron production
# Q-value    =-9.16316E+00
# 
# # energies =   100
#    E         xs         Yield
 1.00000E-11 0.00000E+00 0.00000E+00
 2.53000E-08 0.00000E+00 0.00000E+00
 2.00000E-07 0.00000E+00 0.00000E+00
 1.00000E-06 0.00000E+00 0.00000E+00
 1.00000E-05 0.00000E+00 0.00000E+00
 1.00000E-04 0.00000E+00 0.00000E+00
 1.00000E-03 0.00000E+00 0.00000E+00
 2.00000E-03 0.00000E+00 0.00000E+00
 4.00000E-03 0.00000E+00 0.00000E+00
 7.00000E-03 0.00000E+00 0.00000E+00
 1.00000E-02 0.00000E+00 0.00000E+00
 2.00000E-02 0.00000E+00 0.00000E+00
 4.00000E-02 0.00000E+00 0.00000E+00
 7.00000E-02 0.00000E+00 0.00000E+00
 1.00000E-01 0.00000E+00 0.00000E+00
 2.00000E-01 0.00000E+00 0.00000E+00
 3.00000E-01 0.00000E+00 0.00000E+00
 4.00000E-01 0.00000E+00 0.00000E+00
 5.00000E-01 0.00000E+00 0.00000E+00
 6.00000E-01 0.00000E+00 0.00000E+00
 7.00000E-01 0.00000E+00 0.00000E+00
 8.00000E-01 0.00000E+00 0.00000E+00
 9.00000E-01 0.00000E+00 0.00000E+00
 1.00000E+00 0.00000E+00 0.00000E+00
 1.20000E+00 0.00000E+00 0.00000E+00
 1.40000E+00 0.00000E+00 0.00000E+00
 1.60000E+00 0.00000E+00 0.00000E+00
 1.80000E+00 0.00000E+00 0.00000E+00
 2.00000E+00 0.00000E+00 0.00000E+00
 2.20000E+00 0.00000E+00 0.00000E+00
 2.40000E+00 0.00000E+00 0.00000E+00
 2.60000E+00 0.00000E+00 0.00000E+00
 2.80000E+00 0.00000E+00 0.00000E+00
 3.00000E+00 0.00000E+00 0.00000E+00
 3.20000E+00 0.00000E+00 0.00000E+00
 3.40000E+00 0.00000E+00 0.00000E+00
 3.60000E+00 0.00000E+00 0.00000E+00
 3.80000E+00 0.00000E+00 0.00000E+00
 4.00000E+00 0.00000E+00 0.00000E+00
 4.20000E+00 0.00000E+00 0.00000E+00
 4.40000E+00 0.00000E+00 0.00000E+00
 4.60000E+00 0.00000E+00 0.00000E+00
 4.80000E+00 0.00000E+00 0.00000E+00
 5.00000E+00 0.00000E+00 0.00000E+00
 5.20000E+00 0.00000E+00 0.00000E+00
 5.40000E+00 0.00000E+00 0.00000E+00
 5.60000E+00 0.00000E+00 0.00000E+00
 5.80000E+00 0.00000E+00 0.00000E+00
 6.00000E+00 0.00000E+00 0.00000E+00
 6.20000E+00 0.00000E+00 0.00000E+00
 6.40000E+00 0.00000E+00 0.00000E+00
 6.60000E+00 0.00000E+00 0.00000E+00
 6.80000E+00 0.00000E+00 0.00000E+00
 7.00000E+00 0.00000E+00 0.00000E+00
 7.20000E+00 0.00000E+00 0.00000E+00
 7.40000E+00 0.00000E+00 0.00000E+00
 7.60000E+00 0.00000E+00 0.00000E+00
 7.80000E+00 0.00000E+00 0.00000E+00
 8.00000E+00 0.00000E+00 0.00000E+00
 8.50000E+00 0.00000E+00 0.00000E+00
 9.00000E+00 0.00000E+00 0.00000E+00
 9.50000E+00 0.00000E+00 0.00000E+00
 1.00000E+01 1.52673E-14 1.87343E-17
 1.05000E+01 4.18681E-07 4.94108E-10
 1.10000E+01 8.96489E-05 1.02278E-07
 1.15000E+01 2.23813E-03 2.47999E-06
 1.20000E+01 2.00417E-02 2.16551E-05
 1.25000E+01 9.01166E-02 9.52559E-05
 1.30000E+01 2.84248E-01 2.94672E-04
 1.35000E+01 6.29026E-01 6.40796E-04
 1.40000E+01 1.10561E+00 1.10856E-03
 1.45000E+01 1.77887E+00 1.75803E-03
 1.50000E+01 2.63945E+00 2.57457E-03
 1.60000E+01 5.05281E+00 4.82058E-03
 1.70000E+01 8.06809E+00 7.56840E-03
 1.80000E+01 1.07876E+01 9.99553E-03
 1.90000E+01 1.41193E+01 1.29664E-02
 2.00000E+01 1.76696E+01 1.61172E-02
 2.10000E+01 2.12795E+01 1.93014E-02
 2.20000E+01 2.49638E+01 2.25304E-02
 2.30000E+01 2.86572E+01 2.57470E-02
 2.40000E+01 3.23657E+01 2.89676E-02
 2.50000E+01 3.60627E+01 3.21842E-02
 2.60000E+01 3.97818E+01 3.54467E-02
 2.70000E+01 4.35840E+01 3.88252E-02
 2.80000E+01 4.74347E+01 4.22995E-02
 2.90000E+01 5.12867E+01 4.58322E-02
 3.00000E+01 5.50874E+01 4.93752E-02
 3.20000E+01 6.27164E+01 5.66380E-02
 3.40000E+01 6.94443E+01 6.32571E-02
 3.60000E+01 7.58130E+01 6.97015E-02
 3.80000E+01 8.13674E+01 7.55514E-02
 4.00000E+01 8.62999E+01 8.09788E-02
 4.20000E+01 9.06585E+01 8.60154E-02
 4.40000E+01 9.41894E+01 9.03929E-02
 4.60000E+01 9.69920E+01 9.41725E-02
 4.80000E+01 9.77734E+01 9.60493E-02
 5.00000E+01 9.93672E+01 9.87628E-02
 5.20000E+01 1.00358E+02 1.00914E-01
 5.40000E+01 1.00401E+02 1.02128E-01
