# p +  64Ni Total deuteron production
# Q-value    =-7.43289E+00
# 
# # energies =   100
#    E         xs         Yield
 1.00000E-11 0.00000E+00 0.00000E+00
 2.53000E-08 0.00000E+00 0.00000E+00
 2.00000E-07 0.00000E+00 0.00000E+00
 1.00000E-06 0.00000E+00 0.00000E+00
 1.00000E-05 0.00000E+00 0.00000E+00
 1.00000E-04 0.00000E+00 0.00000E+00
 1.00000E-03 0.00000E+00 0.00000E+00
 2.00000E-03 0.00000E+00 0.00000E+00
 4.00000E-03 0.00000E+00 0.00000E+00
 7.00000E-03 0.00000E+00 0.00000E+00
 1.00000E-02 0.00000E+00 0.00000E+00
 2.00000E-02 0.00000E+00 0.00000E+00
 4.00000E-02 0.00000E+00 0.00000E+00
 7.00000E-02 0.00000E+00 0.00000E+00
 1.00000E-01 0.00000E+00 0.00000E+00
 2.00000E-01 0.00000E+00 0.00000E+00
 3.00000E-01 0.00000E+00 0.00000E+00
 4.00000E-01 0.00000E+00 0.00000E+00
 5.00000E-01 0.00000E+00 0.00000E+00
 6.00000E-01 0.00000E+00 0.00000E+00
 7.00000E-01 0.00000E+00 0.00000E+00
 8.00000E-01 0.00000E+00 0.00000E+00
 9.00000E-01 0.00000E+00 0.00000E+00
 1.00000E+00 0.00000E+00 0.00000E+00
 1.20000E+00 0.00000E+00 0.00000E+00
 1.40000E+00 0.00000E+00 0.00000E+00
 1.60000E+00 0.00000E+00 0.00000E+00
 1.80000E+00 0.00000E+00 0.00000E+00
 2.00000E+00 0.00000E+00 0.00000E+00
 2.20000E+00 0.00000E+00 0.00000E+00
 2.40000E+00 0.00000E+00 0.00000E+00
 2.60000E+00 0.00000E+00 0.00000E+00
 2.80000E+00 0.00000E+00 0.00000E+00
 3.00000E+00 0.00000E+00 0.00000E+00
 3.20000E+00 0.00000E+00 0.00000E+00
 3.40000E+00 0.00000E+00 0.00000E+00
 3.60000E+00 0.00000E+00 0.00000E+00
 3.80000E+00 0.00000E+00 0.00000E+00
 4.00000E+00 0.00000E+00 0.00000E+00
 4.20000E+00 0.00000E+00 0.00000E+00
 4.40000E+00 0.00000E+00 0.00000E+00
 4.60000E+00 0.00000E+00 0.00000E+00
 4.80000E+00 0.00000E+00 0.00000E+00
 5.00000E+00 0.00000E+00 0.00000E+00
 5.20000E+00 0.00000E+00 0.00000E+00
 5.40000E+00 0.00000E+00 0.00000E+00
 5.60000E+00 0.00000E+00 0.00000E+00
 5.80000E+00 0.00000E+00 0.00000E+00
 6.00000E+00 0.00000E+00 0.00000E+00
 6.20000E+00 0.00000E+00 0.00000E+00
 6.40000E+00 0.00000E+00 0.00000E+00
 6.60000E+00 0.00000E+00 0.00000E+00
 6.80000E+00 0.00000E+00 0.00000E+00
 7.00000E+00 0.00000E+00 0.00000E+00
 7.20000E+00 0.00000E+00 0.00000E+00
 7.40000E+00 0.00000E+00 0.00000E+00
 7.60000E+00 0.00000E+00 0.00000E+00
 7.80000E+00 1.93006E-30 2.82180E-33
 8.00000E+00 4.62253E-20 6.57313E-23
 8.50000E+00 4.51591E-11 6.02230E-14
 9.00000E+00 3.69544E-06 4.65453E-09
 9.50000E+00 2.09256E-04 2.50679E-07
 1.00000E+01 2.74319E-03 3.14722E-06
 1.05000E+01 1.49546E-02 1.65378E-05
 1.10000E+01 5.62203E-02 6.02677E-05
 1.15000E+01 1.37919E-01 1.43990E-04
 1.20000E+01 2.95347E-01 3.01414E-04
 1.25000E+01 5.38129E-01 5.38382E-04
 1.30000E+01 8.89865E-01 8.74730E-04
 1.35000E+01 1.38716E+00 1.34226E-03
 1.40000E+01 1.97775E+00 1.88685E-03
 1.45000E+01 2.80102E+00 2.63860E-03
 1.50000E+01 3.72904E+00 3.47321E-03
 1.60000E+01 6.24519E+00 5.70755E-03
 1.70000E+01 9.18227E+00 8.26912E-03
 1.80000E+01 1.23891E+01 1.10290E-02
 1.90000E+01 1.57466E+01 1.38859E-02
 2.00000E+01 1.91362E+01 1.67360E-02
 2.10000E+01 2.25858E+01 1.96049E-02
 2.20000E+01 2.60379E+01 2.24494E-02
 2.30000E+01 2.94275E+01 2.52297E-02
 2.40000E+01 3.27185E+01 2.79378E-02
 2.50000E+01 3.58948E+01 3.05803E-02
 2.60000E+01 3.89117E+01 3.31327E-02
 2.70000E+01 4.17609E+01 3.55921E-02
 2.80000E+01 4.44526E+01 3.79632E-02
 2.90000E+01 4.68883E+01 4.01534E-02
 3.00000E+01 4.99008E+01 4.28697E-02
 3.20000E+01 5.44031E+01 4.70688E-02
 3.40000E+01 5.88097E+01 5.12762E-02
 3.60000E+01 6.24218E+01 5.48956E-02
 3.80000E+01 6.56682E+01 5.83074E-02
 4.00000E+01 6.61481E+01 5.93496E-02
 4.20000E+01 6.89125E+01 6.25130E-02
 4.40000E+01 7.14390E+01 6.55398E-02
 4.60000E+01 7.37411E+01 6.84271E-02
 4.80000E+01 7.58518E+01 7.11936E-02
 5.00000E+01 7.77430E+01 7.38055E-02
 5.20000E+01 7.88033E+01 7.56654E-02
 5.40000E+01 8.04998E+01 7.81689E-02
