# p +  60Ni Elastic cross sections
# 
# 
# # energies =   100
#    E      Cross section
 1.00000E-11 0.00000E+00
 2.53000E-08 0.00000E+00
 2.00000E-07 0.00000E+00
 1.00000E-06 0.00000E+00
 1.00000E-05 0.00000E+00
 1.00000E-04 0.00000E+00
 1.00000E-03 0.00000E+00
 2.00000E-03 0.00000E+00
 4.00000E-03 0.00000E+00
 7.00000E-03 0.00000E+00
 1.00000E-02 0.00000E+00
 2.00000E-02 0.00000E+00
 4.00000E-02 0.00000E+00
 7.00000E-02 0.00000E+00
 1.00000E-01 0.00000E+00
 2.00000E-01 0.00000E+00
 3.00000E-01 0.00000E+00
 4.00000E-01 0.00000E+00
 5.00000E-01 0.00000E+00
 6.00000E-01 0.00000E+00
 7.00000E-01 0.00000E+00
 8.00000E-01 1.29091E-07
 9.00000E-01 2.52522E-06
 1.00000E+00 3.26315E-05
 1.20000E+00 1.65204E-03
 1.40000E+00 1.99010E-02
 1.60000E+00 1.09700E-01
 1.80000E+00 3.96597E-01
 2.00000E+00 1.10605E+00
 2.20000E+00 2.58507E+00
 2.40000E+00 5.31254E+00
 2.60000E+00 9.88426E+00
 2.80000E+00 1.69551E+01
 3.00000E+00 2.71329E+01
 3.20000E+00 4.08465E+01
 3.40000E+00 5.82117E+01
 3.60000E+00 7.89274E+01
 3.80000E+00 1.02237E+02
 4.00000E+00 1.26984E+02
 4.20000E+00 1.51774E+02
 4.40000E+00 1.75175E+02
 4.60000E+00 1.95903E+02
 4.80000E+00 2.12896E+02
 5.00000E+00 2.25396E+02
 5.20000E+00 2.32957E+02
 5.40000E+00 2.35399E+02
 5.60000E+00 2.32866E+02
 5.80000E+00 2.25601E+02
 6.00000E+00 2.14106E+02
 6.20000E+00 1.99234E+02
 6.40000E+00 1.81782E+02
 6.60000E+00 1.62890E+02
 6.80000E+00 1.43530E+02
 7.00000E+00 1.24685E+02
 7.20000E+00 1.00922E+02
 7.40000E+00 8.17407E+01
 7.60000E+00 6.54230E+01
 7.80000E+00 5.09070E+01
 8.00000E+00 4.03270E+01
 8.50000E+00 2.40358E+01
 9.00000E+00 1.55265E+01
 9.50000E+00 1.05869E+01
 1.00000E+01 3.54238E+00
 1.05000E+01 2.53978E+00
 1.10000E+01 1.84373E+00
 1.15000E+01 1.34696E+00
 1.20000E+01 9.88086E-01
 1.25000E+01 7.26360E-01
 1.30000E+01 5.34638E-01
 1.35000E+01 3.93955E-01
 1.40000E+01 2.90589E-01
 1.45000E+01 2.14448E-01
 1.50000E+01 1.58250E-01
 1.60000E+01 8.59401E-02
 1.70000E+01 4.63566E-02
 1.80000E+01 2.48265E-02
 1.90000E+01 1.31767E-02
 2.00000E+01 6.94977E-03
 2.10000E+01 3.65507E-03
 2.20000E+01 1.91427E-03
 2.30000E+01 1.00190E-03
 2.40000E+01 5.23669E-04
 2.50000E+01 2.72811E-04
 2.60000E+01 1.42396E-04
 2.70000E+01 7.44457E-05
 2.80000E+01 3.90581E-05
 2.90000E+01 2.06069E-05
 3.00000E+01 1.09574E-05
 3.20000E+01 3.20164E-06
 3.40000E+01 1.01463E-06
 3.60000E+01 3.77665E-07
 3.80000E+01 1.86683E-07
 4.00000E+01 1.27712E-07
 4.20000E+01 1.09075E-07
 4.40000E+01 1.03013E-07
 4.60000E+01 1.01019E-07
 4.80000E+01 1.00354E-07
 5.00000E+01 1.00124E-07
 5.20000E+01 1.00044E-07
 5.40000E+01 1.00016E-07
