# p +  62Ni Elastic cross sections
# 
# 
# # energies =   100
#    E      Cross section
 1.00000E-11 0.00000E+00
 2.53000E-08 0.00000E+00
 2.00000E-07 0.00000E+00
 1.00000E-06 0.00000E+00
 1.00000E-05 0.00000E+00
 1.00000E-04 0.00000E+00
 1.00000E-03 0.00000E+00
 2.00000E-03 0.00000E+00
 4.00000E-03 0.00000E+00
 7.00000E-03 0.00000E+00
 1.00000E-02 0.00000E+00
 2.00000E-02 0.00000E+00
 4.00000E-02 0.00000E+00
 7.00000E-02 0.00000E+00
 1.00000E-01 0.00000E+00
 2.00000E-01 0.00000E+00
 3.00000E-01 0.00000E+00
 4.00000E-01 0.00000E+00
 5.00000E-01 0.00000E+00
 6.00000E-01 0.00000E+00
 7.00000E-01 0.00000E+00
 8.00000E-01 3.51816E-08
 9.00000E-01 6.07719E-07
 1.00000E+00 9.58967E-06
 1.20000E+00 6.64869E-04
 1.40000E+00 1.18717E-02
 1.60000E+00 8.40318E-02
 1.80000E+00 3.48129E-01
 2.00000E+00 1.05075E+00
 2.20000E+00 2.57539E+00
 2.40000E+00 5.43846E+00
 2.60000E+00 1.02534E+01
 2.80000E+00 1.76472E+01
 3.00000E+00 2.81446E+01
 3.20000E+00 4.20439E+01
 3.40000E+00 5.92975E+01
 3.60000E+00 7.94752E+01
 3.80000E+00 1.01741E+02
 4.00000E+00 1.24948E+02
 4.20000E+00 1.47810E+02
 4.40000E+00 1.69090E+02
 4.60000E+00 1.87736E+02
 4.80000E+00 2.02926E+02
 5.00000E+00 1.52833E+02
 5.20000E+00 1.22739E+02
 5.40000E+00 9.86684E+01
 5.60000E+00 7.23171E+01
 5.80000E+00 5.52385E+01
 6.00000E+00 4.36613E+01
 6.20000E+00 3.54136E+01
 6.40000E+00 2.93027E+01
 6.60000E+00 2.45839E+01
 6.80000E+00 2.08126E+01
 7.00000E+00 1.77185E+01
 7.20000E+00 1.51383E+01
 7.40000E+00 1.29637E+01
 7.60000E+00 1.11227E+01
 7.80000E+00 9.56000E+00
 8.00000E+00 8.23102E+00
 8.50000E+00 5.70568E+00
 9.00000E+00 4.00322E+00
 9.50000E+00 2.83714E+00
 1.00000E+01 2.02512E+00
 1.05000E+01 1.45113E+00
 1.10000E+01 1.04049E+00
 1.15000E+01 3.50889E-01
 1.20000E+01 2.50326E-01
 1.25000E+01 1.78036E-01
 1.30000E+01 1.26277E-01
 1.35000E+01 8.93556E-02
 1.40000E+01 6.31099E-02
 1.45000E+01 4.44775E-02
 1.50000E+01 3.12804E-02
 1.60000E+01 1.53772E-02
 1.70000E+01 7.47506E-03
 1.80000E+01 3.61813E-03
 1.90000E+01 1.75590E-03
 2.00000E+01 8.56905E-04
 2.10000E+01 4.22874E-04
 2.20000E+01 2.11052E-04
 2.30000E+01 1.06868E-04
 2.40000E+01 5.47986E-05
 2.50000E+01 2.83976E-05
 2.60000E+01 1.48872E-05
 2.70000E+01 7.88825E-06
 2.80000E+01 4.23661E-06
 2.90000E+01 2.31440E-06
 3.00000E+01 1.29491E-06
 3.20000E+01 4.56456E-07
 3.40000E+01 2.10170E-07
 3.60000E+01 1.35147E-07
 3.80000E+01 1.11526E-07
 4.00000E+01 1.03904E-07
 4.20000E+01 1.01347E-07
 4.40000E+01 1.00472E-07
 4.60000E+01 1.00169E-07
 4.80000E+01 1.00062E-07
 5.00000E+01 1.00023E-07
 5.20000E+01 1.00009E-07
 5.40000E+01 1.00003E-07
