# p +  64Ni Elastic cross sections
# 
# 
# # energies =   100
#    E      Cross section
 1.00000E-11 0.00000E+00
 2.53000E-08 0.00000E+00
 2.00000E-07 0.00000E+00
 1.00000E-06 0.00000E+00
 1.00000E-05 0.00000E+00
 1.00000E-04 0.00000E+00
 1.00000E-03 0.00000E+00
 2.00000E-03 0.00000E+00
 4.00000E-03 0.00000E+00
 7.00000E-03 0.00000E+00
 1.00000E-02 0.00000E+00
 2.00000E-02 0.00000E+00
 4.00000E-02 0.00000E+00
 7.00000E-02 0.00000E+00
 1.00000E-01 0.00000E+00
 2.00000E-01 0.00000E+00
 3.00000E-01 0.00000E+00
 4.00000E-01 0.00000E+00
 5.00000E-01 0.00000E+00
 6.00000E-01 0.00000E+00
 7.00000E-01 0.00000E+00
 8.00000E-01 1.29631E-08
 9.00000E-01 2.30731E-07
 1.00000E+00 3.68147E-06
 1.20000E+00 2.83963E-04
 1.40000E+00 6.58132E-03
 1.60000E+00 6.06981E-02
 1.80000E+00 2.98432E-01
 2.00000E+00 9.93652E-01
 2.20000E+00 2.58404E+00
 2.40000E+00 5.66818E+00
 2.60000E+00 4.16937E+00
 2.80000E+00 4.47466E+00
 3.00000E+00 4.08438E+00
 3.20000E+00 4.82255E+00
 3.40000E+00 5.60838E+00
 3.60000E+00 6.17521E+00
 3.80000E+00 6.91054E+00
 4.00000E+00 7.52881E+00
 4.20000E+00 7.96186E+00
 4.40000E+00 8.16840E+00
 4.60000E+00 8.18474E+00
 4.80000E+00 8.03234E+00
 5.00000E+00 7.74919E+00
 5.20000E+00 7.37063E+00
 5.40000E+00 6.92645E+00
 5.60000E+00 6.44060E+00
 5.80000E+00 5.93050E+00
 6.00000E+00 5.41188E+00
 6.20000E+00 4.89781E+00
 6.40000E+00 4.39925E+00
 6.60000E+00 3.92522E+00
 6.80000E+00 3.48189E+00
 7.00000E+00 3.07333E+00
 7.20000E+00 2.70158E+00
 7.40000E+00 2.36691E+00
 7.60000E+00 2.06598E+00
 7.80000E+00 1.80197E+00
 8.00000E+00 1.57067E+00
 8.50000E+00 1.10486E+00
 9.00000E+00 7.73130E-01
 9.50000E+00 5.37949E-01
 1.00000E+01 3.71597E-01
 1.05000E+01 2.54378E-01
 1.10000E+01 1.72625E-01
 1.15000E+01 1.16397E-01
 1.20000E+01 7.81823E-02
 1.25000E+01 5.24321E-02
 1.30000E+01 1.65740E-02
 1.35000E+01 1.11510E-02
 1.40000E+01 7.53572E-03
 1.45000E+01 5.10886E-03
 1.50000E+01 3.47794E-03
 1.60000E+01 1.63295E-03
 1.70000E+01 7.79314E-04
 1.80000E+01 3.77643E-04
 1.90000E+01 1.85697E-04
 2.00000E+01 9.26945E-05
 2.10000E+01 4.70344E-05
 2.20000E+01 2.42104E-05
 2.30000E+01 1.26634E-05
 2.40000E+01 6.71646E-06
 2.50000E+01 3.62652E-06
 2.60000E+01 1.98997E-06
 2.70000E+01 1.11961E-06
 2.80000E+01 6.54208E-07
 2.90000E+01 4.03513E-07
 3.00000E+01 2.67355E-07
 3.20000E+01 1.52326E-07
 3.40000E+01 1.16887E-07
 3.60000E+01 1.05607E-07
 3.80000E+01 1.01907E-07
 4.00000E+01 1.00670E-07
 4.20000E+01 1.00239E-07
 4.40000E+01 1.00086E-07
 4.60000E+01 1.00032E-07
 4.80000E+01 1.00012E-07
 5.00000E+01 1.00005E-07
 5.20000E+01 1.00002E-07
 5.40000E+01 1.00001E-07
