# p +  58Ni Elastic cross sections
# 
# 
# # energies =   100
#    E      Cross section
 1.00000E-11 0.00000E+00
 2.53000E-08 0.00000E+00
 2.00000E-07 0.00000E+00
 1.00000E-06 0.00000E+00
 1.00000E-05 0.00000E+00
 1.00000E-04 0.00000E+00
 1.00000E-03 0.00000E+00
 2.00000E-03 0.00000E+00
 4.00000E-03 0.00000E+00
 7.00000E-03 0.00000E+00
 1.00000E-02 0.00000E+00
 2.00000E-02 0.00000E+00
 4.00000E-02 0.00000E+00
 7.00000E-02 0.00000E+00
 1.00000E-01 0.00000E+00
 2.00000E-01 0.00000E+00
 3.00000E-01 0.00000E+00
 4.00000E-01 0.00000E+00
 5.00000E-01 0.00000E+00
 6.00000E-01 0.00000E+00
 7.00000E-01 0.00000E+00
 8.00000E-01 5.99095E-07
 9.00000E-01 1.01899E-05
 1.00000E+00 1.06458E-04
 1.20000E+00 2.86704E-03
 1.40000E+00 2.29750E-02
 1.60000E+00 1.03669E-01
 1.80000E+00 3.38632E-01
 2.00000E+00 8.96978E-01
 2.20000E+00 2.04594E+00
 2.40000E+00 4.16654E+00
 2.60000E+00 7.75600E+00
 2.80000E+00 1.34048E+01
 3.00000E+00 2.17387E+01
 3.20000E+00 3.33267E+01
 3.40000E+00 4.85652E+01
 3.60000E+00 6.75287E+01
 3.80000E+00 8.99326E+01
 4.00000E+00 1.15045E+02
 4.20000E+00 1.41756E+02
 4.40000E+00 1.68765E+02
 4.60000E+00 1.94719E+02
 4.80000E+00 2.18324E+02
 5.00000E+00 2.38365E+02
 5.20000E+00 2.53772E+02
 5.40000E+00 2.63693E+02
 5.60000E+00 2.67564E+02
 5.80000E+00 2.65230E+02
 6.00000E+00 2.56754E+02
 6.20000E+00 2.43043E+02
 6.40000E+00 2.25145E+02
 6.60000E+00 2.04447E+02
 6.80000E+00 1.82682E+02
 7.00000E+00 1.61031E+02
 7.20000E+00 1.40589E+02
 7.40000E+00 1.21882E+02
 7.60000E+00 1.05181E+02
 7.80000E+00 9.05951E+01
 8.00000E+00 7.79124E+01
 8.50000E+00 2.70924E+01
 9.00000E+00 1.85184E+01
 9.50000E+00 1.29957E+01
 1.00000E+01 9.22582E+00
 1.05000E+01 6.73826E+00
 1.10000E+01 4.98308E+00
 1.15000E+01 3.70480E+00
 1.20000E+01 2.75981E+00
 1.25000E+01 2.05315E+00
 1.30000E+01 1.52583E+00
 1.35000E+01 1.13357E+00
 1.40000E+01 8.42336E-01
 1.45000E+01 6.26366E-01
 1.50000E+01 4.65846E-01
 1.60000E+01 2.57512E-01
 1.70000E+01 1.41565E-01
 1.80000E+01 7.69471E-02
 1.90000E+01 4.13922E-02
 2.00000E+01 2.21312E-02
 2.10000E+01 1.17749E-02
 2.20000E+01 6.23639E-03
 2.30000E+01 3.30454E-03
 2.40000E+01 1.75207E-03
 2.50000E+01 9.28422E-04
 2.60000E+01 4.90471E-04
 2.70000E+01 2.58486E-04
 2.80000E+01 1.36024E-04
 2.90000E+01 7.17072E-05
 3.00000E+01 3.79285E-05
 3.20000E+01 1.08086E-05
 3.40000E+01 3.20771E-06
 3.60000E+01 1.03522E-06
 3.80000E+01 3.90474E-07
 4.00000E+01 1.92643E-07
 4.20000E+01 1.30389E-07
 4.40000E+01 1.10120E-07
 4.60000E+01 1.03453E-07
 4.80000E+01 1.01202E-07
 5.00000E+01 1.00426E-07
 5.20000E+01 1.00155E-07
 5.40000E+01 1.00056E-07
