# p +  61Ni Elastic cross sections
# 
# 
# # energies =   100
#    E      Cross section
 1.00000E-11 0.00000E+00
 2.53000E-08 0.00000E+00
 2.00000E-07 0.00000E+00
 1.00000E-06 0.00000E+00
 1.00000E-05 0.00000E+00
 1.00000E-04 0.00000E+00
 1.00000E-03 0.00000E+00
 2.00000E-03 0.00000E+00
 4.00000E-03 0.00000E+00
 7.00000E-03 0.00000E+00
 1.00000E-02 0.00000E+00
 2.00000E-02 0.00000E+00
 4.00000E-02 0.00000E+00
 7.00000E-02 0.00000E+00
 1.00000E-01 0.00000E+00
 2.00000E-01 0.00000E+00
 3.00000E-01 0.00000E+00
 4.00000E-01 0.00000E+00
 5.00000E-01 0.00000E+00
 6.00000E-01 0.00000E+00
 7.00000E-01 0.00000E+00
 8.00000E-01 8.26230E-09
 9.00000E-01 1.75391E-07
 1.00000E+00 2.61147E-06
 1.20000E+00 2.09631E-04
 1.40000E+00 5.03244E-03
 1.60000E+00 4.72500E-02
 1.80000E+00 2.30721E-01
 2.00000E+00 7.46841E-01
 2.20000E+00 1.86275E+00
 2.40000E+00 3.91471E+00
 2.60000E+00 7.27236E+00
 2.80000E+00 1.22603E+01
 3.00000E+00 1.90652E+01
 3.20000E+00 1.76967E+01
 3.40000E+00 2.22918E+01
 3.60000E+00 2.68517E+01
 3.80000E+00 3.20592E+01
 4.00000E+00 3.75250E+01
 4.20000E+00 3.97866E+01
 4.40000E+00 4.30937E+01
 4.60000E+00 4.25474E+01
 4.80000E+00 4.25422E+01
 5.00000E+00 4.18196E+01
 5.20000E+00 3.91519E+01
 5.40000E+00 3.69472E+01
 5.60000E+00 3.47109E+01
 5.80000E+00 3.24107E+01
 6.00000E+00 3.01188E+01
 6.20000E+00 2.78397E+01
 6.40000E+00 2.56014E+01
 6.60000E+00 2.34146E+01
 6.80000E+00 2.12995E+01
 7.00000E+00 1.92829E+01
 7.20000E+00 1.73750E+01
 7.40000E+00 1.55972E+01
 7.60000E+00 1.39507E+01
 7.80000E+00 1.24471E+01
 8.00000E+00 1.10746E+01
 8.50000E+00 8.21533E+00
 9.00000E+00 6.05526E+00
 9.50000E+00 4.44176E+00
 1.00000E+01 2.28333E+00
 1.05000E+01 1.66341E+00
 1.10000E+01 1.20280E+00
 1.15000E+01 8.62954E-01
 1.20000E+01 6.14580E-01
 1.25000E+01 4.34710E-01
 1.30000E+01 3.05721E-01
 1.35000E+01 2.14077E-01
 1.40000E+01 1.49338E-01
 1.45000E+01 1.03888E-01
 1.50000E+01 7.22164E-02
 1.60000E+01 3.46536E-02
 1.70000E+01 1.65839E-02
 1.80000E+01 7.95104E-03
 1.90000E+01 3.83421E-03
 2.00000E+01 1.86590E-03
 2.10000E+01 9.21004E-04
 2.20000E+01 4.59355E-04
 2.30000E+01 2.32249E-04
 2.40000E+01 1.18945E-04
 2.50000E+01 6.15681E-05
 2.60000E+01 3.21839E-05
 2.70000E+01 1.70011E-05
 2.80000E+01 9.07619E-06
 2.90000E+01 4.90876E-06
 3.00000E+01 2.69349E-06
 3.20000E+01 8.76083E-07
 3.40000E+01 3.40077E-07
 3.60000E+01 1.76540E-07
 3.80000E+01 1.25077E-07
 4.00000E+01 1.08418E-07
 4.20000E+01 1.02895E-07
 4.40000E+01 1.01017E-07
 4.60000E+01 1.00364E-07
 4.80000E+01 1.00132E-07
 5.00000E+01 1.00048E-07
 5.20000E+01 1.00019E-07
 5.40000E+01 1.00007E-07
