# p +  60Ni Total gamma    production
# Q-value    = 4.79979E+00
# 
# # energies =   100
#    E         xs         Yield
 1.00000E-11 0.00000E+00 0.00000E+00
 2.53000E-08 0.00000E+00 0.00000E+00
 2.00000E-07 0.00000E+00 0.00000E+00
 1.00000E-06 0.00000E+00 0.00000E+00
 1.00000E-05 0.00000E+00 0.00000E+00
 1.00000E-04 0.00000E+00 0.00000E+00
 1.00000E-03 0.00000E+00 0.00000E+00
 2.00000E-03 0.00000E+00 0.00000E+00
 4.00000E-03 0.00000E+00 0.00000E+00
 7.00000E-03 0.00000E+00 0.00000E+00
 1.00000E-02 0.00000E+00 0.00000E+00
 2.00000E-02 0.00000E+00 0.00000E+00
 4.00000E-02 0.00000E+00 0.00000E+00
 7.00000E-02 0.00000E+00 0.00000E+00
 1.00000E-01 0.00000E+00 0.00000E+00
 2.00000E-01 0.00000E+00 0.00000E+00
 3.00000E-01 0.00000E+00 0.00000E+00
 4.00000E-01 0.00000E+00 0.00000E+00
 5.00000E-01 0.00000E+00 0.00000E+00
 6.00000E-01 0.00000E+00 0.00000E+00
 7.00000E-01 0.00000E+00 0.00000E+00
 8.00000E-01 3.68317E-05 1.00000E+00
 9.00000E-01 1.90252E-04 1.00000E+00
 1.00000E+00 7.41668E-04 1.00000E+00
 1.20000E+00 7.73285E-03 1.40366E+00
 1.40000E+00 2.85122E-02 1.43744E+00
 1.60000E+00 6.81904E-02 1.46223E+00
 1.80000E+00 1.26226E-01 1.48236E+00
 2.00000E+00 1.99739E-01 1.50431E+00
 2.20000E+00 2.87572E-01 1.52752E+00
 2.40000E+00 3.90491E-01 1.54285E+00
 2.60000E+00 5.08116E-01 1.50760E+00
 2.80000E+00 6.34302E-01 1.32721E+00
 3.00000E+00 7.59226E-01 9.81466E-01
 3.20000E+00 8.77565E-01 6.25614E-01
 3.40000E+00 9.88284E-01 3.75888E-01
 3.60000E+00 1.09566E+00 2.28367E-01
 3.80000E+00 1.20047E+00 1.43976E-01
 4.00000E+00 1.29899E+00 9.42827E-02
 4.20000E+00 1.38897E+00 6.39352E-02
 4.40000E+00 1.46646E+00 4.46835E-02
 4.60000E+00 1.53656E+00 3.22577E-02
 4.80000E+00 1.60510E+00 2.40936E-02
 5.00000E+00 1.66964E+00 1.85531E-02
 5.20000E+00 1.72799E+00 1.46814E-02
 5.40000E+00 1.78298E+00 1.19294E-02
 5.60000E+00 1.85397E+00 1.00364E-02
 5.80000E+00 2.00505E+00 8.99425E-03
 6.00000E+00 2.40291E+00 9.12464E-03
 6.20000E+00 3.37522E+00 1.10652E-02
 6.40000E+00 5.44698E+00 1.56879E-02
 6.60000E+00 9.28537E+00 2.38786E-02
 6.80000E+00 1.56171E+01 3.63866E-02
 7.00000E+00 2.51420E+01 5.37807E-02
 7.20000E+00 3.65241E+01 7.16961E-02
 7.40000E+00 5.06995E+01 9.28951E-02
 7.60000E+00 6.66431E+01 1.15206E-01
 7.80000E+00 8.70691E+01 1.43019E-01
 8.00000E+00 1.25023E+02 1.96958E-01
 8.50000E+00 2.44215E+02 3.54700E-01
 9.00000E+00 3.78891E+02 5.16497E-01
 9.50000E+00 5.13652E+02 6.63585E-01
 1.00000E+01 6.45087E+02 7.91577E-01
 1.05000E+01 7.64548E+02 9.02285E-01
 1.10000E+01 8.76381E+02 9.99840E-01
 1.15000E+01 9.83310E+02 1.08957E+00
 1.20000E+01 1.08755E+03 1.17510E+00
 1.25000E+01 1.18992E+03 1.25778E+00
 1.30000E+01 1.28718E+03 1.33438E+00
 1.35000E+01 1.36163E+03 1.38711E+00
 1.40000E+01 1.38972E+03 1.39343E+00
 1.45000E+01 1.37402E+03 1.35792E+00
 1.50000E+01 1.32905E+03 1.29638E+00
 1.60000E+01 1.19353E+03 1.13868E+00
 1.70000E+01 1.05791E+03 9.92390E-01
 1.80000E+01 9.77704E+02 9.05915E-01
 1.90000E+01 9.81829E+02 9.01657E-01
 2.00000E+01 1.03519E+03 9.44235E-01
 2.10000E+01 1.12488E+03 1.02032E+00
 2.20000E+01 1.23169E+03 1.11163E+00
 2.30000E+01 1.34884E+03 1.21186E+00
 2.40000E+01 1.46824E+03 1.31408E+00
 2.50000E+01 1.57341E+03 1.40419E+00
 2.60000E+01 1.64084E+03 1.46203E+00
 2.70000E+01 1.65883E+03 1.47771E+00
 2.80000E+01 1.61652E+03 1.44152E+00
 2.90000E+01 1.53892E+03 1.37525E+00
 3.00000E+01 1.45591E+03 1.30494E+00
 3.20000E+01 1.35054E+03 1.21965E+00
 3.40000E+01 1.33906E+03 1.21975E+00
 3.60000E+01 1.36979E+03 1.25937E+00
 3.80000E+01 1.39274E+03 1.29319E+00
 4.00000E+01 1.38124E+03 1.29608E+00
 4.20000E+01 1.33979E+03 1.27117E+00
 4.40000E+01 1.27806E+03 1.22655E+00
 4.60000E+01 1.25045E+03 1.21410E+00
 4.80000E+01 1.20576E+03 1.18450E+00
 5.00000E+01 1.18562E+03 1.17841E+00
 5.20000E+01 1.15475E+03 1.16116E+00
 5.40000E+01 1.13886E+03 1.15845E+00
