# p +  62Ni Total gamma    production
# Q-value    = 6.12240E+00
# 
# # energies =   100
#    E         xs         Yield
 1.00000E-11 0.00000E+00 0.00000E+00
 2.53000E-08 0.00000E+00 0.00000E+00
 2.00000E-07 0.00000E+00 0.00000E+00
 1.00000E-06 0.00000E+00 0.00000E+00
 1.00000E-05 0.00000E+00 0.00000E+00
 1.00000E-04 0.00000E+00 0.00000E+00
 1.00000E-03 0.00000E+00 0.00000E+00
 2.00000E-03 0.00000E+00 0.00000E+00
 4.00000E-03 0.00000E+00 0.00000E+00
 7.00000E-03 0.00000E+00 0.00000E+00
 1.00000E-02 0.00000E+00 0.00000E+00
 2.00000E-02 0.00000E+00 0.00000E+00
 4.00000E-02 0.00000E+00 0.00000E+00
 7.00000E-02 0.00000E+00 0.00000E+00
 1.00000E-01 0.00000E+00 0.00000E+00
 2.00000E-01 0.00000E+00 0.00000E+00
 3.00000E-01 0.00000E+00 0.00000E+00
 4.00000E-01 0.00000E+00 0.00000E+00
 5.00000E-01 0.00000E+00 0.00000E+00
 6.00000E-01 0.00000E+00 0.00000E+00
 7.00000E-01 0.00000E+00 0.00000E+00
 8.00000E-01 4.41553E-05 1.00000E+00
 9.00000E-01 2.29056E-04 1.00000E+00
 1.00000E+00 9.09628E-04 1.00000E+00
 1.20000E+00 1.26534E-02 1.62729E+00
 1.40000E+00 5.74287E-02 1.65863E+00
 1.60000E+00 1.65096E-01 1.69254E+00
 1.80000E+00 3.56752E-01 1.72216E+00
 2.00000E+00 6.40213E-01 1.74946E+00
 2.20000E+00 1.01220E+00 1.77498E+00
 2.40000E+00 1.46774E+00 1.79014E+00
 2.60000E+00 1.99753E+00 1.76004E+00
 2.80000E+00 2.58035E+00 1.62551E+00
 3.00000E+00 3.18986E+00 1.36899E+00
 3.20000E+00 3.80889E+00 1.05709E+00
 3.40000E+00 4.43345E+00 7.73200E-01
 3.60000E+00 5.07721E+00 5.58431E-01
 3.80000E+00 5.74422E+00 4.06957E-01
 4.00000E+00 6.42714E+00 3.01679E-01
 4.20000E+00 7.11717E+00 2.28108E-01
 4.40000E+00 7.79311E+00 1.75901E-01
 4.60000E+00 8.45740E+00 1.38620E-01
 4.80000E+00 9.11903E+00 1.11793E-01
 5.00000E+00 6.36334E+00 3.80386E-02
 5.20000E+00 4.66298E+00 2.00652E-02
 5.40000E+00 3.32406E+00 1.14456E-02
 5.60000E+00 1.16484E+01 3.33477E-02
 5.80000E+00 5.18327E+01 1.30499E-01
 6.00000E+00 1.00700E+02 2.30081E-01
 6.20000E+00 1.55300E+02 3.28431E-01
 6.40000E+00 2.13275E+02 4.23190E-01
 6.60000E+00 2.72710E+02 5.12716E-01
 6.80000E+00 3.32012E+02 5.95793E-01
 7.00000E+00 3.90162E+02 6.72035E-01
 7.20000E+00 4.46612E+02 7.41613E-01
 7.40000E+00 5.01110E+02 8.04933E-01
 7.60000E+00 5.53665E+02 8.62621E-01
 7.80000E+00 6.04328E+02 9.15204E-01
 8.00000E+00 6.53291E+02 9.63312E-01
 8.50000E+00 7.70169E+02 1.06845E+00
 9.00000E+00 8.83264E+02 1.16014E+00
 9.50000E+00 9.97582E+02 1.24748E+00
 1.00000E+01 1.11439E+03 1.33407E+00
 1.05000E+01 1.23186E+03 1.41954E+00
 1.10000E+01 1.34740E+03 1.50239E+00
 1.15000E+01 1.46011E+03 1.58194E+00
 1.20000E+01 1.56757E+03 1.65751E+00
 1.25000E+01 1.65983E+03 1.71804E+00
 1.30000E+01 1.68863E+03 1.71504E+00
 1.35000E+01 1.63489E+03 1.63239E+00
 1.40000E+01 1.52408E+03 1.49842E+00
 1.45000E+01 1.38532E+03 1.34307E+00
 1.50000E+01 1.24944E+03 1.19620E+00
 1.60000E+01 1.03560E+03 9.70802E-01
 1.70000E+01 9.21692E+02 8.50315E-01
 1.80000E+01 9.31251E+02 8.48972E-01
 1.90000E+01 1.01545E+03 9.17407E-01
 2.00000E+01 1.13705E+03 1.01978E+00
 2.10000E+01 1.27813E+03 1.13899E+00
 2.20000E+01 1.41813E+03 1.25639E+00
 2.30000E+01 1.53513E+03 1.35299E+00
 2.40000E+01 1.60392E+03 1.40763E+00
 2.50000E+01 1.61996E+03 1.41750E+00
 2.60000E+01 1.59874E+03 1.39683E+00
 2.70000E+01 1.54431E+03 1.34920E+00
 2.80000E+01 1.50298E+03 1.31467E+00
 2.90000E+01 1.45749E+03 1.27767E+00
 3.00000E+01 1.43477E+03 1.26139E+00
 3.20000E+01 1.44186E+03 1.27652E+00
 3.40000E+01 1.50051E+03 1.33895E+00
 3.60000E+01 1.56375E+03 1.40738E+00
 3.80000E+01 1.58891E+03 1.44342E+00
 4.00000E+01 1.56186E+03 1.43317E+00
 4.20000E+01 1.50547E+03 1.39615E+00
 4.40000E+01 1.44062E+03 1.35076E+00
 4.60000E+01 1.39199E+03 1.31980E+00
 4.80000E+01 1.38087E+03 1.32404E+00
 5.00000E+01 1.34784E+03 1.30695E+00
 5.20000E+01 1.33398E+03 1.30804E+00
 5.40000E+01 1.31241E+03 1.30125E+00
