# p +  64Ni Total gamma    production
# Q-value    = 7.45361E+00
# 
# # energies =   100
#    E         xs         Yield
 1.00000E-11 0.00000E+00 0.00000E+00
 2.53000E-08 0.00000E+00 0.00000E+00
 2.00000E-07 0.00000E+00 0.00000E+00
 1.00000E-06 0.00000E+00 0.00000E+00
 1.00000E-05 0.00000E+00 0.00000E+00
 1.00000E-04 0.00000E+00 0.00000E+00
 1.00000E-03 0.00000E+00 0.00000E+00
 2.00000E-03 0.00000E+00 0.00000E+00
 4.00000E-03 0.00000E+00 0.00000E+00
 7.00000E-03 0.00000E+00 0.00000E+00
 1.00000E-02 0.00000E+00 0.00000E+00
 2.00000E-02 0.00000E+00 0.00000E+00
 4.00000E-02 0.00000E+00 0.00000E+00
 7.00000E-02 0.00000E+00 0.00000E+00
 1.00000E-01 0.00000E+00 0.00000E+00
 2.00000E-01 0.00000E+00 0.00000E+00
 3.00000E-01 0.00000E+00 0.00000E+00
 4.00000E-01 0.00000E+00 0.00000E+00
 5.00000E-01 0.00000E+00 0.00000E+00
 6.00000E-01 0.00000E+00 0.00000E+00
 7.00000E-01 0.00000E+00 0.00000E+00
 8.00000E-01 5.80604E-05 1.00000E+00
 9.00000E-01 3.01518E-04 1.00000E+00
 1.00000E+00 2.05697E-03 1.70915E+00
 1.20000E+00 1.89559E-02 1.75778E+00
 1.40000E+00 9.76307E-02 1.79995E+00
 1.60000E+00 3.25722E-01 1.85058E+00
 1.80000E+00 8.04138E-01 1.90497E+00
 2.00000E+00 1.63142E+00 1.95666E+00
 2.20000E+00 2.89074E+00 2.00385E+00
 2.40000E+00 4.63903E+00 2.04752E+00
 2.60000E+00 2.98900E+00 2.96095E-01
 2.80000E+00 9.14833E-01 4.74847E-02
 3.00000E+00 5.05475E-01 1.53721E-02
 3.20000E+00 4.56781E-01 9.23319E-03
 3.40000E+00 5.78155E-01 8.24536E-03
 3.60000E+00 7.96832E+00 8.40986E-02
 3.80000E+00 2.17627E+01 1.77824E-01
 4.00000E+00 4.24703E+01 2.78298E-01
 4.20000E+00 7.04790E+01 3.81367E-01
 4.40000E+00 1.05835E+02 4.84554E-01
 4.60000E+00 1.47324E+02 5.82596E-01
 4.80000E+00 1.94125E+02 6.74802E-01
 5.00000E+00 2.45111E+02 7.60416E-01
 5.20000E+00 2.99116E+02 8.39262E-01
 5.40000E+00 3.55005E+02 9.11473E-01
 5.60000E+00 4.11711E+02 9.77304E-01
 5.80000E+00 4.68400E+02 1.03728E+00
 6.00000E+00 5.24462E+02 1.09202E+00
 6.20000E+00 5.79609E+02 1.14236E+00
 6.40000E+00 6.33813E+02 1.18916E+00
 6.60000E+00 6.87300E+02 1.23340E+00
 6.80000E+00 7.40461E+02 1.27597E+00
 7.00000E+00 7.93676E+02 1.31755E+00
 7.20000E+00 8.47242E+02 1.35852E+00
 7.40000E+00 9.01340E+02 1.39904E+00
 7.60000E+00 9.55053E+02 1.43760E+00
 7.80000E+00 1.01080E+03 1.47781E+00
 8.00000E+00 1.06737E+03 1.51778E+00
 8.50000E+00 1.20792E+03 1.61085E+00
 9.00000E+00 1.34801E+03 1.69786E+00
 9.50000E+00 1.48497E+03 1.77893E+00
 1.00000E+01 1.61701E+03 1.85517E+00
 1.05000E+01 1.74304E+03 1.92758E+00
 1.10000E+01 1.72688E+03 1.85120E+00
 1.15000E+01 1.60392E+03 1.67452E+00
 1.20000E+01 1.42269E+03 1.45192E+00
 1.25000E+01 1.22931E+03 1.22989E+00
 1.30000E+01 1.06540E+03 1.04728E+00
 1.35000E+01 9.49853E+02 9.19109E-01
 1.40000E+01 8.84916E+02 8.44246E-01
 1.45000E+01 8.58737E+02 8.08943E-01
 1.50000E+01 8.75110E+02 8.15075E-01
 1.60000E+01 9.75055E+02 8.91113E-01
 1.70000E+01 1.12686E+03 1.01480E+00
 1.80000E+01 1.28707E+03 1.14577E+00
 1.90000E+01 1.45726E+03 1.28506E+00
 2.00000E+01 1.61424E+03 1.41178E+00
 2.10000E+01 1.73293E+03 1.50421E+00
 2.20000E+01 1.79240E+03 1.54537E+00
 2.30000E+01 1.78051E+03 1.52653E+00
 2.40000E+01 1.71600E+03 1.46527E+00
 2.50000E+01 1.62803E+03 1.38699E+00
 2.60000E+01 1.55765E+03 1.32631E+00
 2.70000E+01 1.51001E+03 1.28695E+00
 2.80000E+01 1.49948E+03 1.28058E+00
 2.90000E+01 1.50423E+03 1.28817E+00
 3.00000E+01 1.53393E+03 1.31780E+00
 3.20000E+01 1.62655E+03 1.40727E+00
 3.40000E+01 1.67497E+03 1.46041E+00
 3.60000E+01 1.65726E+03 1.45744E+00
 3.80000E+01 1.59642E+03 1.41748E+00
 4.00000E+01 1.53625E+03 1.37836E+00
 4.20000E+01 1.48721E+03 1.34911E+00
 4.40000E+01 1.45231E+03 1.33238E+00
 4.60000E+01 1.44026E+03 1.33647E+00
 4.80000E+01 1.41507E+03 1.32816E+00
 5.00000E+01 1.38835E+03 1.31803E+00
 5.20000E+01 1.34480E+03 1.29126E+00
 5.40000E+01 1.32211E+03 1.28383E+00
