# p +  61Ni Total gamma    production
# Q-value    = 5.85448E+00
# 
# # energies =   100
#    E         xs         Yield
 1.00000E-11 0.00000E+00 0.00000E+00
 2.53000E-08 0.00000E+00 0.00000E+00
 2.00000E-07 0.00000E+00 0.00000E+00
 1.00000E-06 0.00000E+00 0.00000E+00
 1.00000E-05 0.00000E+00 0.00000E+00
 1.00000E-04 0.00000E+00 0.00000E+00
 1.00000E-03 0.00000E+00 0.00000E+00
 2.00000E-03 0.00000E+00 0.00000E+00
 4.00000E-03 0.00000E+00 0.00000E+00
 7.00000E-03 0.00000E+00 0.00000E+00
 1.00000E-02 0.00000E+00 0.00000E+00
 2.00000E-02 0.00000E+00 0.00000E+00
 4.00000E-02 0.00000E+00 0.00000E+00
 7.00000E-02 0.00000E+00 0.00000E+00
 1.00000E-01 0.00000E+00 0.00000E+00
 2.00000E-01 0.00000E+00 0.00000E+00
 3.00000E-01 0.00000E+00 0.00000E+00
 4.00000E-01 0.00000E+00 0.00000E+00
 5.00000E-01 0.00000E+00 0.00000E+00
 6.00000E-01 0.00000E+00 0.00000E+00
 7.00000E-01 0.00000E+00 0.00000E+00
 8.00000E-01 4.07912E-05 1.00000E+00
 9.00000E-01 2.13096E-04 9.99952E-01
 1.00000E+00 8.55673E-04 9.99657E-01
 1.20000E+00 1.63933E-02 2.11119E+00
 1.40000E+00 8.24299E-02 2.09231E+00
 1.60000E+00 2.54396E-01 1.98432E+00
 1.80000E+00 5.40755E-01 1.73443E+00
 2.00000E+00 8.92702E-01 1.36853E+00
 2.20000E+00 1.25417E+00 9.82260E-01
 2.40000E+00 1.60469E+00 6.69932E-01
 2.60000E+00 1.93917E+00 4.48857E-01
 2.80000E+00 2.25469E+00 3.01045E-01
 3.00000E+00 2.55017E+00 2.04717E-01
 3.20000E+00 2.00289E+00 6.72397E-02
 3.40000E+00 1.90957E+00 4.18777E-02
 3.60000E+00 1.93173E+00 2.93881E-02
 3.80000E+00 1.99559E+00 2.24353E-02
 4.00000E+00 2.11378E+00 1.84073E-02
 4.20000E+00 2.10137E+00 1.43949E-02
 4.40000E+00 2.18146E+00 1.22998E-02
 4.60000E+00 2.10199E+00 9.85840E-03
 4.80000E+00 2.25205E+00 9.05768E-03
 5.00000E+00 2.55376E+00 8.97976E-03
 5.20000E+00 3.13808E+00 9.76756E-03
 5.40000E+00 1.36199E+01 3.82061E-02
 5.60000E+00 3.10113E+01 7.94812E-02
 5.80000E+00 5.40892E+01 1.28136E-01
 6.00000E+00 8.21483E+01 1.81690E-01
 6.20000E+00 1.14176E+02 2.37777E-01
 6.40000E+00 1.49219E+02 2.94715E-01
 6.60000E+00 1.86502E+02 3.51424E-01
 6.80000E+00 2.25392E+02 4.07178E-01
 7.00000E+00 2.65479E+02 4.61653E-01
 7.20000E+00 3.06396E+02 5.14529E-01
 7.40000E+00 3.47888E+02 5.65636E-01
 7.60000E+00 3.90010E+02 6.15244E-01
 7.80000E+00 4.32346E+02 6.62848E-01
 8.00000E+00 4.75052E+02 7.08818E-01
 8.50000E+00 5.83757E+02 8.17860E-01
 9.00000E+00 6.96128E+02 9.21227E-01
 9.50000E+00 8.08302E+02 1.01618E+00
 1.00000E+01 9.07241E+02 1.08875E+00
 1.05000E+01 9.81149E+02 1.13239E+00
 1.10000E+01 1.03009E+03 1.14969E+00
 1.15000E+01 1.05141E+03 1.14034E+00
 1.20000E+01 1.04724E+03 1.10817E+00
 1.25000E+01 1.02025E+03 1.05670E+00
 1.30000E+01 9.75315E+02 9.91204E-01
 1.35000E+01 9.23487E+02 9.22762E-01
 1.40000E+01 8.76801E+02 8.62857E-01
 1.45000E+01 8.46132E+02 8.21307E-01
 1.50000E+01 8.37365E+02 8.02837E-01
 1.60000E+01 8.67360E+02 8.14571E-01
 1.70000E+01 9.41958E+02 8.70649E-01
 1.80000E+01 1.04703E+03 9.56046E-01
 1.90000E+01 1.17378E+03 1.06156E+00
 2.00000E+01 1.31004E+03 1.17535E+00
 2.10000E+01 1.44604E+03 1.28818E+00
 2.20000E+01 1.57626E+03 1.39517E+00
 2.30000E+01 1.68795E+03 1.48570E+00
 2.40000E+01 1.75967E+03 1.54203E+00
 2.50000E+01 1.77282E+03 1.54901E+00
 2.60000E+01 1.73595E+03 1.51474E+00
 2.70000E+01 1.66923E+03 1.45669E+00
 2.80000E+01 1.59284E+03 1.39186E+00
 2.90000E+01 1.53027E+03 1.34014E+00
 3.00000E+01 1.49139E+03 1.30979E+00
 3.20000E+01 1.46813E+03 1.29802E+00
 3.40000E+01 1.50195E+03 1.33798E+00
 3.60000E+01 1.54291E+03 1.38601E+00
 3.80000E+01 1.54992E+03 1.40528E+00
 4.00000E+01 1.50714E+03 1.38033E+00
 4.20000E+01 1.44355E+03 1.33628E+00
 4.40000E+01 1.40707E+03 1.31698E+00
 4.60000E+01 1.36029E+03 1.28756E+00
 4.80000E+01 1.35071E+03 1.29300E+00
 5.00000E+01 1.31424E+03 1.27238E+00
 5.20000E+01 1.30402E+03 1.27678E+00
 5.40000E+01 1.26952E+03 1.25699E+00
