# p +  58Ni Total gamma    production
# Q-value    = 3.41855E+00
# 
# # energies =   100
#    E         xs         Yield
 1.00000E-11 0.00000E+00 0.00000E+00
 2.53000E-08 0.00000E+00 0.00000E+00
 2.00000E-07 0.00000E+00 0.00000E+00
 1.00000E-06 0.00000E+00 0.00000E+00
 1.00000E-05 0.00000E+00 0.00000E+00
 1.00000E-04 0.00000E+00 0.00000E+00
 1.00000E-03 0.00000E+00 0.00000E+00
 2.00000E-03 0.00000E+00 0.00000E+00
 4.00000E-03 0.00000E+00 0.00000E+00
 7.00000E-03 0.00000E+00 0.00000E+00
 1.00000E-02 0.00000E+00 0.00000E+00
 2.00000E-02 0.00000E+00 0.00000E+00
 4.00000E-02 0.00000E+00 0.00000E+00
 7.00000E-02 0.00000E+00 0.00000E+00
 1.00000E-01 0.00000E+00 0.00000E+00
 2.00000E-01 0.00000E+00 0.00000E+00
 3.00000E-01 0.00000E+00 0.00000E+00
 4.00000E-01 0.00000E+00 0.00000E+00
 5.00000E-01 0.00000E+00 0.00000E+00
 6.00000E-01 0.00000E+00 0.00000E+00
 7.00000E-01 0.00000E+00 0.00000E+00
 8.00000E-01 2.62330E-05 1.00000E+00
 9.00000E-01 1.29894E-04 1.00000E+00
 1.00000E+00 4.56874E-04 1.00000E+00
 1.20000E+00 2.68046E-03 1.13683E+00
 1.40000E+00 7.16234E-03 1.16957E+00
 1.60000E+00 1.35408E-02 1.19563E+00
 1.80000E+00 2.15258E-02 1.22264E+00
 2.00000E+00 3.10866E-02 1.25086E+00
 2.20000E+00 4.23912E-02 1.27860E+00
 2.40000E+00 5.53521E-02 1.29433E+00
 2.60000E+00 6.98001E-02 1.23106E+00
 2.80000E+00 8.46133E-02 9.33990E-01
 3.00000E+00 9.81756E-02 5.06502E-01
 3.20000E+00 1.10459E-01 2.34462E-01
 3.40000E+00 1.21500E-01 1.11024E-01
 3.60000E+00 1.31788E-01 5.66178E-02
 3.80000E+00 1.41895E-01 3.18192E-02
 4.00000E+00 1.51556E-01 1.92843E-02
 4.20000E+00 1.60864E-01 1.24015E-02
 4.40000E+00 1.70616E-01 8.41396E-03
 4.60000E+00 1.82377E-01 6.01874E-03
 4.80000E+00 1.93460E-01 4.43894E-03
 5.00000E+00 2.04946E-01 3.37819E-03
 5.20000E+00 2.19489E-01 2.67609E-03
 5.40000E+00 2.30367E-01 2.13458E-03
 5.60000E+00 2.39831E-01 1.73266E-03
 5.80000E+00 2.50740E-01 1.44756E-03
 6.00000E+00 2.77146E-01 1.30782E-03
 6.20000E+00 3.61908E-01 1.42820E-03
 6.40000E+00 6.10197E-01 2.05758E-03
 6.60000E+00 1.21161E+00 3.56282E-03
 6.80000E+00 2.47418E+00 6.47065E-03
 7.00000E+00 4.79317E+00 1.13439E-02
 7.20000E+00 8.63541E+00 1.87824E-02
 7.40000E+00 1.45069E+01 2.93754E-02
 7.60000E+00 2.29200E+01 4.36715E-02
 7.80000E+00 3.43434E+01 6.21174E-02
 8.00000E+00 4.91198E+01 8.49143E-02
 8.50000E+00 1.04527E+02 1.58303E-01
 9.00000E+00 1.77232E+02 2.53363E-01
 9.50000E+00 2.64266E+02 3.59119E-01
 1.00000E+01 3.55906E+02 4.62071E-01
 1.05000E+01 4.50935E+02 5.62078E-01
 1.10000E+01 5.45249E+02 6.55603E-01
 1.15000E+01 6.34481E+02 7.39312E-01
 1.20000E+01 7.18935E+02 8.15252E-01
 1.25000E+01 7.99302E+02 8.85244E-01
 1.30000E+01 8.70232E+02 9.44032E-01
 1.35000E+01 9.24099E+02 9.84084E-01
 1.40000E+01 9.50036E+02 9.94860E-01
 1.45000E+01 9.42241E+02 9.71641E-01
 1.50000E+01 9.03549E+02 9.18701E-01
 1.60000E+01 7.64971E+02 7.59131E-01
 1.70000E+01 6.07385E+02 5.91527E-01
 1.80000E+01 4.86387E+02 4.67333E-01
 1.90000E+01 4.26691E+02 4.06206E-01
 2.00000E+01 4.31667E+02 4.08355E-01
 2.10000E+01 4.91061E+02 4.62376E-01
 2.20000E+01 5.85116E+02 5.48780E-01
 2.30000E+01 6.96803E+02 6.51177E-01
 2.40000E+01 8.10273E+02 7.54734E-01
 2.50000E+01 9.11203E+02 8.46442E-01
 2.60000E+01 9.85965E+02 9.14243E-01
 2.70000E+01 1.02040E+03 9.45557E-01
 2.80000E+01 1.01347E+03 9.39714E-01
 2.90000E+01 9.78592E+02 9.08991E-01
 3.00000E+01 9.28650E+02 8.65011E-01
 3.20000E+01 8.50784E+02 7.98529E-01
 3.40000E+01 8.34668E+02 7.90502E-01
 3.60000E+01 8.68765E+02 8.30758E-01
 3.80000E+01 9.17922E+02 8.86632E-01
 4.00000E+01 9.49370E+02 9.26703E-01
 4.20000E+01 9.48877E+02 9.36423E-01
 4.40000E+01 9.29101E+02 9.27321E-01
 4.60000E+01 9.04425E+02 9.13120E-01
 4.80000E+01 8.88202E+02 9.07146E-01
 5.00000E+01 8.81775E+02 9.10993E-01
 5.20000E+01 8.79871E+02 9.19437E-01
 5.40000E+01 8.74007E+02 9.23638E-01
