# p +  62Ni Total helium-3 production
# Q-value    =-1.27382E+01
# 
# # energies =   100
#    E         xs         Yield
 1.00000E-11 0.00000E+00 0.00000E+00
 2.53000E-08 0.00000E+00 0.00000E+00
 2.00000E-07 0.00000E+00 0.00000E+00
 1.00000E-06 0.00000E+00 0.00000E+00
 1.00000E-05 0.00000E+00 0.00000E+00
 1.00000E-04 0.00000E+00 0.00000E+00
 1.00000E-03 0.00000E+00 0.00000E+00
 2.00000E-03 0.00000E+00 0.00000E+00
 4.00000E-03 0.00000E+00 0.00000E+00
 7.00000E-03 0.00000E+00 0.00000E+00
 1.00000E-02 0.00000E+00 0.00000E+00
 2.00000E-02 0.00000E+00 0.00000E+00
 4.00000E-02 0.00000E+00 0.00000E+00
 7.00000E-02 0.00000E+00 0.00000E+00
 1.00000E-01 0.00000E+00 0.00000E+00
 2.00000E-01 0.00000E+00 0.00000E+00
 3.00000E-01 0.00000E+00 0.00000E+00
 4.00000E-01 0.00000E+00 0.00000E+00
 5.00000E-01 0.00000E+00 0.00000E+00
 6.00000E-01 0.00000E+00 0.00000E+00
 7.00000E-01 0.00000E+00 0.00000E+00
 8.00000E-01 0.00000E+00 0.00000E+00
 9.00000E-01 0.00000E+00 0.00000E+00
 1.00000E+00 0.00000E+00 0.00000E+00
 1.20000E+00 0.00000E+00 0.00000E+00
 1.40000E+00 0.00000E+00 0.00000E+00
 1.60000E+00 0.00000E+00 0.00000E+00
 1.80000E+00 0.00000E+00 0.00000E+00
 2.00000E+00 0.00000E+00 0.00000E+00
 2.20000E+00 0.00000E+00 0.00000E+00
 2.40000E+00 0.00000E+00 0.00000E+00
 2.60000E+00 0.00000E+00 0.00000E+00
 2.80000E+00 0.00000E+00 0.00000E+00
 3.00000E+00 0.00000E+00 0.00000E+00
 3.20000E+00 0.00000E+00 0.00000E+00
 3.40000E+00 0.00000E+00 0.00000E+00
 3.60000E+00 0.00000E+00 0.00000E+00
 3.80000E+00 0.00000E+00 0.00000E+00
 4.00000E+00 0.00000E+00 0.00000E+00
 4.20000E+00 0.00000E+00 0.00000E+00
 4.40000E+00 0.00000E+00 0.00000E+00
 4.60000E+00 0.00000E+00 0.00000E+00
 4.80000E+00 0.00000E+00 0.00000E+00
 5.00000E+00 0.00000E+00 0.00000E+00
 5.20000E+00 0.00000E+00 0.00000E+00
 5.40000E+00 0.00000E+00 0.00000E+00
 5.60000E+00 0.00000E+00 0.00000E+00
 5.80000E+00 0.00000E+00 0.00000E+00
 6.00000E+00 0.00000E+00 0.00000E+00
 6.20000E+00 0.00000E+00 0.00000E+00
 6.40000E+00 0.00000E+00 0.00000E+00
 6.60000E+00 0.00000E+00 0.00000E+00
 6.80000E+00 0.00000E+00 0.00000E+00
 7.00000E+00 0.00000E+00 0.00000E+00
 7.20000E+00 0.00000E+00 0.00000E+00
 7.40000E+00 0.00000E+00 0.00000E+00
 7.60000E+00 0.00000E+00 0.00000E+00
 7.80000E+00 0.00000E+00 0.00000E+00
 8.00000E+00 0.00000E+00 0.00000E+00
 8.50000E+00 0.00000E+00 0.00000E+00
 9.00000E+00 0.00000E+00 0.00000E+00
 9.50000E+00 0.00000E+00 0.00000E+00
 1.00000E+01 0.00000E+00 0.00000E+00
 1.05000E+01 0.00000E+00 0.00000E+00
 1.10000E+01 0.00000E+00 0.00000E+00
 1.15000E+01 0.00000E+00 0.00000E+00
 1.20000E+01 0.00000E+00 0.00000E+00
 1.25000E+01 0.00000E+00 0.00000E+00
 1.30000E+01 0.00000E+00 0.00000E+00
 1.35000E+01 0.00000E+00 0.00000E+00
 1.40000E+01 1.24435E-42 1.40130E-45
 1.45000E+01 4.09850E-26 3.97351E-29
 1.50000E+01 3.64773E-19 3.49230E-22
 1.60000E+01 3.48114E-11 3.26333E-14
 1.70000E+01 1.51490E-07 1.39758E-10
 1.80000E+01 9.61342E-06 8.76404E-09
 1.90000E+01 1.82565E-04 1.64939E-07
 2.00000E+01 1.18668E-03 1.06430E-06
 2.10000E+01 8.83793E-03 7.87582E-06
 2.20000E+01 4.39777E-02 3.89621E-05
 2.30000E+01 1.48520E-01 1.30899E-04
 2.40000E+01 3.63725E-01 3.19211E-04
 2.50000E+01 7.22957E-01 6.32602E-04
 2.60000E+01 1.19438E+00 1.04354E-03
 2.70000E+01 1.77533E+00 1.55103E-03
 2.80000E+01 2.44772E+00 2.14104E-03
 2.90000E+01 3.19278E+00 2.79886E-03
 3.00000E+01 4.01688E+00 3.53148E-03
 3.20000E+01 5.71086E+00 5.05596E-03
 3.40000E+01 7.47332E+00 6.66868E-03
 3.60000E+01 9.18493E+00 8.26652E-03
 3.80000E+01 1.08660E+01 9.87100E-03
 4.00000E+01 1.24753E+01 1.14474E-02
 4.20000E+01 1.40032E+01 1.29864E-02
 4.40000E+01 1.54493E+01 1.44856E-02
 4.60000E+01 1.67572E+01 1.58881E-02
 4.80000E+01 1.79983E+01 1.72576E-02
 5.00000E+01 1.90698E+01 1.84912E-02
 5.20000E+01 2.00322E+01 1.96427E-02
 5.40000E+01 2.08744E+01 2.06968E-02
