# p +  61Ni Total helium-3 production
# Q-value    =-9.63442E+00
# 
# # energies =   100
#    E         xs         Yield
 1.00000E-11 0.00000E+00 0.00000E+00
 2.53000E-08 0.00000E+00 0.00000E+00
 2.00000E-07 0.00000E+00 0.00000E+00
 1.00000E-06 0.00000E+00 0.00000E+00
 1.00000E-05 0.00000E+00 0.00000E+00
 1.00000E-04 0.00000E+00 0.00000E+00
 1.00000E-03 0.00000E+00 0.00000E+00
 2.00000E-03 0.00000E+00 0.00000E+00
 4.00000E-03 0.00000E+00 0.00000E+00
 7.00000E-03 0.00000E+00 0.00000E+00
 1.00000E-02 0.00000E+00 0.00000E+00
 2.00000E-02 0.00000E+00 0.00000E+00
 4.00000E-02 0.00000E+00 0.00000E+00
 7.00000E-02 0.00000E+00 0.00000E+00
 1.00000E-01 0.00000E+00 0.00000E+00
 2.00000E-01 0.00000E+00 0.00000E+00
 3.00000E-01 0.00000E+00 0.00000E+00
 4.00000E-01 0.00000E+00 0.00000E+00
 5.00000E-01 0.00000E+00 0.00000E+00
 6.00000E-01 0.00000E+00 0.00000E+00
 7.00000E-01 0.00000E+00 0.00000E+00
 8.00000E-01 0.00000E+00 0.00000E+00
 9.00000E-01 0.00000E+00 0.00000E+00
 1.00000E+00 0.00000E+00 0.00000E+00
 1.20000E+00 0.00000E+00 0.00000E+00
 1.40000E+00 0.00000E+00 0.00000E+00
 1.60000E+00 0.00000E+00 0.00000E+00
 1.80000E+00 0.00000E+00 0.00000E+00
 2.00000E+00 0.00000E+00 0.00000E+00
 2.20000E+00 0.00000E+00 0.00000E+00
 2.40000E+00 0.00000E+00 0.00000E+00
 2.60000E+00 0.00000E+00 0.00000E+00
 2.80000E+00 0.00000E+00 0.00000E+00
 3.00000E+00 0.00000E+00 0.00000E+00
 3.20000E+00 0.00000E+00 0.00000E+00
 3.40000E+00 0.00000E+00 0.00000E+00
 3.60000E+00 0.00000E+00 0.00000E+00
 3.80000E+00 0.00000E+00 0.00000E+00
 4.00000E+00 0.00000E+00 0.00000E+00
 4.20000E+00 0.00000E+00 0.00000E+00
 4.40000E+00 0.00000E+00 0.00000E+00
 4.60000E+00 0.00000E+00 0.00000E+00
 4.80000E+00 0.00000E+00 0.00000E+00
 5.00000E+00 0.00000E+00 0.00000E+00
 5.20000E+00 0.00000E+00 0.00000E+00
 5.40000E+00 0.00000E+00 0.00000E+00
 5.60000E+00 0.00000E+00 0.00000E+00
 5.80000E+00 0.00000E+00 0.00000E+00
 6.00000E+00 0.00000E+00 0.00000E+00
 6.20000E+00 0.00000E+00 0.00000E+00
 6.40000E+00 0.00000E+00 0.00000E+00
 6.60000E+00 0.00000E+00 0.00000E+00
 6.80000E+00 0.00000E+00 0.00000E+00
 7.00000E+00 0.00000E+00 0.00000E+00
 7.20000E+00 0.00000E+00 0.00000E+00
 7.40000E+00 0.00000E+00 0.00000E+00
 7.60000E+00 0.00000E+00 0.00000E+00
 7.80000E+00 0.00000E+00 0.00000E+00
 8.00000E+00 0.00000E+00 0.00000E+00
 8.50000E+00 0.00000E+00 0.00000E+00
 9.00000E+00 0.00000E+00 0.00000E+00
 9.50000E+00 0.00000E+00 0.00000E+00
 1.00000E+01 0.00000E+00 0.00000E+00
 1.05000E+01 3.08794E-38 3.56392E-41
 1.10000E+01 8.04683E-25 8.98114E-28
 1.15000E+01 1.04663E-18 1.13515E-21
 1.20000E+01 1.18794E-15 1.25705E-18
 1.25000E+01 1.62489E-12 1.68295E-15
 1.30000E+01 1.10660E-09 1.12463E-12
 1.35000E+01 1.00687E-07 1.00608E-10
 1.40000E+01 1.07859E-06 1.06144E-09
 1.45000E+01 6.12488E-06 5.94518E-09
 1.50000E+01 2.39590E-05 2.29710E-08
 1.60000E+01 2.00658E-04 1.88446E-07
 1.70000E+01 9.85520E-04 9.10913E-07
 1.80000E+01 3.74912E-03 3.42332E-06
 1.90000E+01 1.32150E-02 1.19517E-05
 2.00000E+01 4.75680E-02 4.26773E-05
 2.10000E+01 1.23765E-01 1.10253E-04
 2.20000E+01 3.34315E-01 2.95907E-04
 2.30000E+01 7.09716E-01 6.24678E-04
 2.40000E+01 1.25678E+00 1.10134E-03
 2.50000E+01 1.95917E+00 1.71182E-03
 2.60000E+01 2.79105E+00 2.43538E-03
 2.70000E+01 3.72501E+00 3.25070E-03
 2.80000E+01 4.73500E+00 4.13754E-03
 2.90000E+01 5.79766E+00 5.07734E-03
 3.00000E+01 6.89290E+00 6.05357E-03
 3.20000E+01 9.11836E+00 8.06186E-03
 3.40000E+01 1.12876E+01 1.00553E-02
 3.60000E+01 1.33912E+01 1.20295E-02
 3.80000E+01 1.53799E+01 1.39446E-02
 4.00000E+01 1.72444E+01 1.57934E-02
 4.20000E+01 1.89873E+01 1.75765E-02
 4.40000E+01 2.06047E+01 1.92854E-02
 4.60000E+01 2.20665E+01 2.08866E-02
 4.80000E+01 2.33494E+01 2.23518E-02
 5.00000E+01 2.43893E+01 2.36124E-02
 5.20000E+01 2.53493E+01 2.48199E-02
 5.40000E+01 2.61853E+01 2.59268E-02
