# p +  60Ni Total helium-3 production
# Q-value    =-1.22682E+01
# 
# # energies =   100
#    E         xs         Yield
 1.00000E-11 0.00000E+00 0.00000E+00
 2.53000E-08 0.00000E+00 0.00000E+00
 2.00000E-07 0.00000E+00 0.00000E+00
 1.00000E-06 0.00000E+00 0.00000E+00
 1.00000E-05 0.00000E+00 0.00000E+00
 1.00000E-04 0.00000E+00 0.00000E+00
 1.00000E-03 0.00000E+00 0.00000E+00
 2.00000E-03 0.00000E+00 0.00000E+00
 4.00000E-03 0.00000E+00 0.00000E+00
 7.00000E-03 0.00000E+00 0.00000E+00
 1.00000E-02 0.00000E+00 0.00000E+00
 2.00000E-02 0.00000E+00 0.00000E+00
 4.00000E-02 0.00000E+00 0.00000E+00
 7.00000E-02 0.00000E+00 0.00000E+00
 1.00000E-01 0.00000E+00 0.00000E+00
 2.00000E-01 0.00000E+00 0.00000E+00
 3.00000E-01 0.00000E+00 0.00000E+00
 4.00000E-01 0.00000E+00 0.00000E+00
 5.00000E-01 0.00000E+00 0.00000E+00
 6.00000E-01 0.00000E+00 0.00000E+00
 7.00000E-01 0.00000E+00 0.00000E+00
 8.00000E-01 0.00000E+00 0.00000E+00
 9.00000E-01 0.00000E+00 0.00000E+00
 1.00000E+00 0.00000E+00 0.00000E+00
 1.20000E+00 0.00000E+00 0.00000E+00
 1.40000E+00 0.00000E+00 0.00000E+00
 1.60000E+00 0.00000E+00 0.00000E+00
 1.80000E+00 0.00000E+00 0.00000E+00
 2.00000E+00 0.00000E+00 0.00000E+00
 2.20000E+00 0.00000E+00 0.00000E+00
 2.40000E+00 0.00000E+00 0.00000E+00
 2.60000E+00 0.00000E+00 0.00000E+00
 2.80000E+00 0.00000E+00 0.00000E+00
 3.00000E+00 0.00000E+00 0.00000E+00
 3.20000E+00 0.00000E+00 0.00000E+00
 3.40000E+00 0.00000E+00 0.00000E+00
 3.60000E+00 0.00000E+00 0.00000E+00
 3.80000E+00 0.00000E+00 0.00000E+00
 4.00000E+00 0.00000E+00 0.00000E+00
 4.20000E+00 0.00000E+00 0.00000E+00
 4.40000E+00 0.00000E+00 0.00000E+00
 4.60000E+00 0.00000E+00 0.00000E+00
 4.80000E+00 0.00000E+00 0.00000E+00
 5.00000E+00 0.00000E+00 0.00000E+00
 5.20000E+00 0.00000E+00 0.00000E+00
 5.40000E+00 0.00000E+00 0.00000E+00
 5.60000E+00 0.00000E+00 0.00000E+00
 5.80000E+00 0.00000E+00 0.00000E+00
 6.00000E+00 0.00000E+00 0.00000E+00
 6.20000E+00 0.00000E+00 0.00000E+00
 6.40000E+00 0.00000E+00 0.00000E+00
 6.60000E+00 0.00000E+00 0.00000E+00
 6.80000E+00 0.00000E+00 0.00000E+00
 7.00000E+00 0.00000E+00 0.00000E+00
 7.20000E+00 0.00000E+00 0.00000E+00
 7.40000E+00 0.00000E+00 0.00000E+00
 7.60000E+00 0.00000E+00 0.00000E+00
 7.80000E+00 0.00000E+00 0.00000E+00
 8.00000E+00 0.00000E+00 0.00000E+00
 8.50000E+00 0.00000E+00 0.00000E+00
 9.00000E+00 0.00000E+00 0.00000E+00
 9.50000E+00 0.00000E+00 0.00000E+00
 1.00000E+01 0.00000E+00 0.00000E+00
 1.05000E+01 0.00000E+00 0.00000E+00
 1.10000E+01 0.00000E+00 0.00000E+00
 1.15000E+01 0.00000E+00 0.00000E+00
 1.20000E+01 0.00000E+00 0.00000E+00
 1.25000E+01 0.00000E+00 0.00000E+00
 1.30000E+01 0.00000E+00 0.00000E+00
 1.35000E+01 1.06218E-42 1.40130E-45
 1.40000E+01 3.70461E-26 3.71450E-29
 1.45000E+01 3.63096E-19 3.58842E-22
 1.50000E+01 9.24566E-15 9.01838E-18
 1.60000E+01 1.01949E-07 9.72638E-11
 1.70000E+01 1.31533E-05 1.23387E-08
 1.80000E+01 2.82203E-04 2.61482E-07
 1.90000E+01 2.48405E-03 2.28121E-06
 2.00000E+01 1.29744E-02 1.18344E-05
 2.10000E+01 4.88701E-02 4.43272E-05
 2.20000E+01 1.50322E-01 1.35668E-04
 2.30000E+01 3.63712E-01 3.26777E-04
 2.40000E+01 7.25693E-01 6.49500E-04
 2.50000E+01 1.24423E+00 1.11042E-03
 2.60000E+01 1.90913E+00 1.70108E-03
 2.70000E+01 2.70011E+00 2.40529E-03
 2.80000E+01 3.59367E+00 3.20463E-03
 2.90000E+01 4.56686E+00 4.08116E-03
 3.00000E+01 5.64514E+00 5.05977E-03
 3.20000E+01 7.80738E+00 7.05070E-03
 3.40000E+01 1.00172E+01 9.12470E-03
 3.60000E+01 1.21765E+01 1.11949E-02
 3.80000E+01 1.42538E+01 1.32350E-02
 4.00000E+01 1.62590E+01 1.52565E-02
 4.20000E+01 1.81228E+01 1.71946E-02
 4.40000E+01 1.97452E+01 1.89493E-02
 4.60000E+01 2.13676E+01 2.07464E-02
 4.80000E+01 2.28241E+01 2.24216E-02
 5.00000E+01 2.40935E+01 2.39470E-02
 5.20000E+01 2.51849E+01 2.53246E-02
 5.40000E+01 2.60938E+01 2.65426E-02
