# p +  58Ni Total helium-3 production
# Q-value    =-1.18306E+01
# 
# # energies =   100
#    E         xs         Yield
 1.00000E-11 0.00000E+00 0.00000E+00
 2.53000E-08 0.00000E+00 0.00000E+00
 2.00000E-07 0.00000E+00 0.00000E+00
 1.00000E-06 0.00000E+00 0.00000E+00
 1.00000E-05 0.00000E+00 0.00000E+00
 1.00000E-04 0.00000E+00 0.00000E+00
 1.00000E-03 0.00000E+00 0.00000E+00
 2.00000E-03 0.00000E+00 0.00000E+00
 4.00000E-03 0.00000E+00 0.00000E+00
 7.00000E-03 0.00000E+00 0.00000E+00
 1.00000E-02 0.00000E+00 0.00000E+00
 2.00000E-02 0.00000E+00 0.00000E+00
 4.00000E-02 0.00000E+00 0.00000E+00
 7.00000E-02 0.00000E+00 0.00000E+00
 1.00000E-01 0.00000E+00 0.00000E+00
 2.00000E-01 0.00000E+00 0.00000E+00
 3.00000E-01 0.00000E+00 0.00000E+00
 4.00000E-01 0.00000E+00 0.00000E+00
 5.00000E-01 0.00000E+00 0.00000E+00
 6.00000E-01 0.00000E+00 0.00000E+00
 7.00000E-01 0.00000E+00 0.00000E+00
 8.00000E-01 0.00000E+00 0.00000E+00
 9.00000E-01 0.00000E+00 0.00000E+00
 1.00000E+00 0.00000E+00 0.00000E+00
 1.20000E+00 0.00000E+00 0.00000E+00
 1.40000E+00 0.00000E+00 0.00000E+00
 1.60000E+00 0.00000E+00 0.00000E+00
 1.80000E+00 0.00000E+00 0.00000E+00
 2.00000E+00 0.00000E+00 0.00000E+00
 2.20000E+00 0.00000E+00 0.00000E+00
 2.40000E+00 0.00000E+00 0.00000E+00
 2.60000E+00 0.00000E+00 0.00000E+00
 2.80000E+00 0.00000E+00 0.00000E+00
 3.00000E+00 0.00000E+00 0.00000E+00
 3.20000E+00 0.00000E+00 0.00000E+00
 3.40000E+00 0.00000E+00 0.00000E+00
 3.60000E+00 0.00000E+00 0.00000E+00
 3.80000E+00 0.00000E+00 0.00000E+00
 4.00000E+00 0.00000E+00 0.00000E+00
 4.20000E+00 0.00000E+00 0.00000E+00
 4.40000E+00 0.00000E+00 0.00000E+00
 4.60000E+00 0.00000E+00 0.00000E+00
 4.80000E+00 0.00000E+00 0.00000E+00
 5.00000E+00 0.00000E+00 0.00000E+00
 5.20000E+00 0.00000E+00 0.00000E+00
 5.40000E+00 0.00000E+00 0.00000E+00
 5.60000E+00 0.00000E+00 0.00000E+00
 5.80000E+00 0.00000E+00 0.00000E+00
 6.00000E+00 0.00000E+00 0.00000E+00
 6.20000E+00 0.00000E+00 0.00000E+00
 6.40000E+00 0.00000E+00 0.00000E+00
 6.60000E+00 0.00000E+00 0.00000E+00
 6.80000E+00 0.00000E+00 0.00000E+00
 7.00000E+00 0.00000E+00 0.00000E+00
 7.20000E+00 0.00000E+00 0.00000E+00
 7.40000E+00 0.00000E+00 0.00000E+00
 7.60000E+00 0.00000E+00 0.00000E+00
 7.80000E+00 0.00000E+00 0.00000E+00
 8.00000E+00 0.00000E+00 0.00000E+00
 8.50000E+00 0.00000E+00 0.00000E+00
 9.00000E+00 0.00000E+00 0.00000E+00
 9.50000E+00 0.00000E+00 0.00000E+00
 1.00000E+01 0.00000E+00 0.00000E+00
 1.05000E+01 0.00000E+00 0.00000E+00
 1.10000E+01 0.00000E+00 0.00000E+00
 1.15000E+01 0.00000E+00 0.00000E+00
 1.20000E+01 0.00000E+00 0.00000E+00
 1.25000E+01 0.00000E+00 0.00000E+00
 1.30000E+01 0.00000E+00 0.00000E+00
 1.35000E+01 7.38048E-33 7.85956E-36
 1.40000E+01 4.53958E-22 4.75377E-25
 1.45000E+01 1.32207E-16 1.36333E-19
 1.50000E+01 2.59963E-12 2.64322E-15
 1.60000E+01 1.86710E-06 1.85285E-09
 1.70000E+01 9.29532E-05 9.05264E-08
 1.80000E+01 1.19377E-03 1.14700E-06
 1.90000E+01 7.96379E-03 7.58147E-06
 2.00000E+01 3.56884E-02 3.37610E-05
 2.10000E+01 1.21623E-01 1.14519E-04
 2.20000E+01 3.27738E-01 3.07385E-04
 2.30000E+01 7.08459E-01 6.62070E-04
 2.40000E+01 1.27897E+00 1.19130E-03
 2.50000E+01 2.02143E+00 1.87776E-03
 2.60000E+01 2.92590E+00 2.71306E-03
 2.70000E+01 4.02452E+00 3.72934E-03
 2.80000E+01 5.18005E+00 4.80306E-03
 2.90000E+01 6.41814E+00 5.96166E-03
 3.00000E+01 7.71480E+00 7.18612E-03
 3.20000E+01 1.04048E+01 9.76573E-03
 3.40000E+01 1.33396E+01 1.26337E-02
 3.60000E+01 1.59963E+01 1.52965E-02
 3.80000E+01 1.83604E+01 1.77345E-02
 4.00000E+01 2.07340E+01 2.02389E-02
 4.20000E+01 2.29676E+01 2.26662E-02
 4.40000E+01 2.50589E+01 2.50109E-02
 4.60000E+01 2.70973E+01 2.73578E-02
 4.80000E+01 2.87953E+01 2.94095E-02
 5.00000E+01 3.02738E+01 3.12770E-02
 5.20000E+01 3.15517E+01 3.29705E-02
 5.40000E+01 3.26584E+01 3.45129E-02
