# p +  64Ni Nonelastic cross sections
# 
# 
# # energies =   100
#    E      Cross section
 1.00000E-11 0.00000E+00
 2.53000E-08 0.00000E+00
 2.00000E-07 0.00000E+00
 1.00000E-06 0.00000E+00
 1.00000E-05 0.00000E+00
 1.00000E-04 0.00000E+00
 1.00000E-03 0.00000E+00
 2.00000E-03 0.00000E+00
 4.00000E-03 0.00000E+00
 7.00000E-03 0.00000E+00
 1.00000E-02 0.00000E+00
 2.00000E-02 0.00000E+00
 4.00000E-02 0.00000E+00
 7.00000E-02 0.00000E+00
 1.00000E-01 0.00000E+00
 2.00000E-01 0.00000E+00
 3.00000E-01 0.00000E+00
 4.00000E-01 0.00000E+00
 5.00000E-01 0.00000E+00
 6.00000E-01 0.00000E+00
 7.00000E-01 0.00000E+00
 8.00000E-01 5.80604E-05
 9.00000E-01 3.01518E-04
 1.00000E+00 1.20351E-03
 1.20000E+00 1.07840E-02
 1.40000E+00 5.42409E-02
 1.60000E+00 1.76011E-01
 1.80000E+00 4.22127E-01
 2.00000E+00 8.33778E-01
 2.20000E+00 1.44260E+00
 2.40000E+00 2.26568E+00
 2.60000E+00 1.00947E+01
 2.80000E+00 1.92658E+01
 3.00000E+00 3.28827E+01
 3.20000E+00 4.94716E+01
 3.40000E+00 7.01188E+01
 3.60000E+00 9.47498E+01
 3.80000E+00 1.22383E+02
 4.00000E+00 1.52607E+02
 4.20000E+00 1.84806E+02
 4.40000E+00 2.18418E+02
 4.60000E+00 2.52875E+02
 4.80000E+00 2.87678E+02
 5.00000E+00 3.22338E+02
 5.20000E+00 3.56403E+02
 5.40000E+00 3.89485E+02
 5.60000E+00 4.21272E+02
 5.80000E+00 4.51565E+02
 6.00000E+00 4.80267E+02
 6.20000E+00 5.07380E+02
 6.40000E+00 5.32991E+02
 6.60000E+00 5.57242E+02
 6.80000E+00 5.80311E+02
 7.00000E+00 6.02388E+02
 7.20000E+00 6.23650E+02
 7.40000E+00 6.44257E+02
 7.60000E+00 6.64338E+02
 7.80000E+00 6.83982E+02
 8.00000E+00 7.03246E+02
 8.50000E+00 7.49865E+02
 9.00000E+00 7.93945E+02
 9.50000E+00 8.34755E+02
 1.00000E+01 8.71623E+02
 1.05000E+01 9.04266E+02
 1.10000E+01 9.32843E+02
 1.15000E+01 9.57838E+02
 1.20000E+01 9.79870E+02
 1.25000E+01 9.99531E+02
 1.30000E+01 1.01730E+03
 1.35000E+01 1.03345E+03
 1.40000E+01 1.04817E+03
 1.45000E+01 1.06155E+03
 1.50000E+01 1.07366E+03
 1.60000E+01 1.09420E+03
 1.70000E+01 1.11043E+03
 1.80000E+01 1.12332E+03
 1.90000E+01 1.13400E+03
 2.00000E+01 1.14341E+03
 2.10000E+01 1.15205E+03
 2.20000E+01 1.15985E+03
 2.30000E+01 1.16638E+03
 2.40000E+01 1.17112E+03
 2.50000E+01 1.17379E+03
 2.60000E+01 1.17442E+03
 2.70000E+01 1.17332E+03
 2.80000E+01 1.17094E+03
 2.90000E+01 1.16773E+03
 3.00000E+01 1.16401E+03
 3.20000E+01 1.15582E+03
 3.40000E+01 1.14692E+03
 3.60000E+01 1.13710E+03
 3.80000E+01 1.12624E+03
 4.00000E+01 1.11455E+03
 4.20000E+01 1.10237E+03
 4.40000E+01 1.09001E+03
 4.60000E+01 1.07766E+03
 4.80000E+01 1.06543E+03
 5.00000E+01 1.05335E+03
 5.20000E+01 1.04147E+03
 5.40000E+01 1.02982E+03
