# p +  61Ni Nonelastic cross sections
# 
# 
# # energies =   100
#    E      Cross section
 1.00000E-11 0.00000E+00
 2.53000E-08 0.00000E+00
 2.00000E-07 0.00000E+00
 1.00000E-06 0.00000E+00
 1.00000E-05 0.00000E+00
 1.00000E-04 0.00000E+00
 1.00000E-03 0.00000E+00
 2.00000E-03 0.00000E+00
 4.00000E-03 0.00000E+00
 7.00000E-03 0.00000E+00
 1.00000E-02 0.00000E+00
 2.00000E-02 0.00000E+00
 4.00000E-02 0.00000E+00
 7.00000E-02 0.00000E+00
 1.00000E-01 0.00000E+00
 2.00000E-01 0.00000E+00
 3.00000E-01 0.00000E+00
 4.00000E-01 0.00000E+00
 5.00000E-01 0.00000E+00
 6.00000E-01 0.00000E+00
 7.00000E-01 0.00000E+00
 8.00000E-01 4.07912E-05
 9.00000E-01 2.13107E-04
 1.00000E+00 8.55967E-04
 1.20000E+00 7.76496E-03
 1.40000E+00 3.93966E-02
 1.60000E+00 1.28203E-01
 1.80000E+00 3.11776E-01
 2.00000E+00 6.52309E-01
 2.20000E+00 1.27682E+00
 2.40000E+00 2.39531E+00
 2.60000E+00 4.32024E+00
 2.80000E+00 7.48954E+00
 3.00000E+00 1.24571E+01
 3.20000E+00 2.97873E+01
 3.40000E+00 4.55988E+01
 3.60000E+00 6.57315E+01
 3.80000E+00 8.89488E+01
 4.00000E+00 1.14834E+02
 4.20000E+00 1.45980E+02
 4.40000E+00 1.77357E+02
 4.60000E+00 2.13219E+02
 4.80000E+00 2.48635E+02
 5.00000E+00 2.84390E+02
 5.20000E+00 3.21276E+02
 5.40000E+00 3.56485E+02
 5.60000E+00 3.90172E+02
 5.80000E+00 4.22124E+02
 6.00000E+00 4.52135E+02
 6.20000E+00 4.80180E+02
 6.40000E+00 5.06318E+02
 6.60000E+00 5.30705E+02
 6.80000E+00 5.53547E+02
 7.00000E+00 5.75061E+02
 7.20000E+00 5.95488E+02
 7.40000E+00 6.15039E+02
 7.60000E+00 6.33910E+02
 7.80000E+00 6.52255E+02
 8.00000E+00 6.70202E+02
 8.50000E+00 7.13762E+02
 9.00000E+00 7.55653E+02
 9.50000E+00 7.95429E+02
 1.00000E+01 8.33290E+02
 1.05000E+01 8.66444E+02
 1.10000E+01 8.95969E+02
 1.15000E+01 9.22018E+02
 1.20000E+01 9.45020E+02
 1.25000E+01 9.65506E+02
 1.30000E+01 9.83970E+02
 1.35000E+01 1.00079E+03
 1.40000E+01 1.01616E+03
 1.45000E+01 1.03023E+03
 1.50000E+01 1.04301E+03
 1.60000E+01 1.06481E+03
 1.70000E+01 1.08190E+03
 1.80000E+01 1.09517E+03
 1.90000E+01 1.10571E+03
 2.00000E+01 1.11460E+03
 2.10000E+01 1.12255E+03
 2.20000E+01 1.12980E+03
 2.30000E+01 1.13613E+03
 2.40000E+01 1.14114E+03
 2.50000E+01 1.14449E+03
 2.60000E+01 1.14604E+03
 2.70000E+01 1.14591E+03
 2.80000E+01 1.14440E+03
 2.90000E+01 1.14187E+03
 3.00000E+01 1.13865E+03
 3.20000E+01 1.13105E+03
 3.40000E+01 1.12255E+03
 3.60000E+01 1.11320E+03
 3.80000E+01 1.10293E+03
 4.00000E+01 1.09187E+03
 4.20000E+01 1.08027E+03
 4.40000E+01 1.06841E+03
 4.60000E+01 1.05649E+03
 4.80000E+01 1.04463E+03
 5.00000E+01 1.03290E+03
 5.20000E+01 1.02133E+03
 5.40000E+01 1.00997E+03
