# p +  60Ni Nonelastic cross sections
# 
# 
# # energies =   100
#    E      Cross section
 1.00000E-11 0.00000E+00
 2.53000E-08 0.00000E+00
 2.00000E-07 0.00000E+00
 1.00000E-06 0.00000E+00
 1.00000E-05 0.00000E+00
 1.00000E-04 0.00000E+00
 1.00000E-03 0.00000E+00
 2.00000E-03 0.00000E+00
 4.00000E-03 0.00000E+00
 7.00000E-03 0.00000E+00
 1.00000E-02 0.00000E+00
 2.00000E-02 0.00000E+00
 4.00000E-02 0.00000E+00
 7.00000E-02 0.00000E+00
 1.00000E-01 0.00000E+00
 2.00000E-01 0.00000E+00
 3.00000E-01 0.00000E+00
 4.00000E-01 0.00000E+00
 5.00000E-01 0.00000E+00
 6.00000E-01 0.00000E+00
 7.00000E-01 0.00000E+00
 8.00000E-01 3.68317E-05
 9.00000E-01 1.90252E-04
 1.00000E+00 7.41668E-04
 1.20000E+00 5.50908E-03
 1.40000E+00 1.98354E-02
 1.60000E+00 4.66345E-02
 1.80000E+00 8.51519E-02
 2.00000E+00 1.32778E-01
 2.20000E+00 1.88261E-01
 2.40000E+00 2.53098E-01
 2.60000E+00 3.37037E-01
 2.80000E+00 4.77921E-01
 3.00000E+00 7.73563E-01
 3.20000E+00 1.40273E+00
 3.40000E+00 2.62920E+00
 3.60000E+00 4.79781E+00
 3.80000E+00 8.33800E+00
 4.00000E+00 1.37776E+01
 4.20000E+00 2.17246E+01
 4.40000E+00 3.28188E+01
 4.60000E+00 4.76340E+01
 4.80000E+00 6.66194E+01
 5.00000E+00 8.99924E+01
 5.20000E+00 1.17700E+02
 5.40000E+00 1.49461E+02
 5.60000E+00 1.84725E+02
 5.80000E+00 2.22925E+02
 6.00000E+00 2.63343E+02
 6.20000E+00 3.05030E+02
 6.40000E+00 3.47208E+02
 6.60000E+00 3.88857E+02
 6.80000E+00 4.29199E+02
 7.00000E+00 4.67492E+02
 7.20000E+00 5.09430E+02
 7.40000E+00 5.45771E+02
 7.60000E+00 5.78469E+02
 7.80000E+00 6.08792E+02
 8.00000E+00 6.34771E+02
 8.50000E+00 6.88511E+02
 9.00000E+00 7.33577E+02
 9.50000E+00 7.74056E+02
 1.00000E+01 8.14940E+02
 1.05000E+01 8.47346E+02
 1.10000E+01 8.76521E+02
 1.15000E+01 9.02474E+02
 1.20000E+01 9.25495E+02
 1.25000E+01 9.46048E+02
 1.30000E+01 9.64624E+02
 1.35000E+01 9.81632E+02
 1.40000E+01 9.97337E+02
 1.45000E+01 1.01186E+03
 1.50000E+01 1.02520E+03
 1.60000E+01 1.04817E+03
 1.70000E+01 1.06602E+03
 1.80000E+01 1.07925E+03
 1.90000E+01 1.08892E+03
 2.00000E+01 1.09632E+03
 2.10000E+01 1.10249E+03
 2.20000E+01 1.10801E+03
 2.30000E+01 1.11303E+03
 2.40000E+01 1.11731E+03
 2.50000E+01 1.12051E+03
 2.60000E+01 1.12230E+03
 2.70000E+01 1.12257E+03
 2.80000E+01 1.12140E+03
 2.90000E+01 1.11901E+03
 3.00000E+01 1.11569E+03
 3.20000E+01 1.10732E+03
 3.40000E+01 1.09781E+03
 3.60000E+01 1.08768E+03
 3.80000E+01 1.07698E+03
 4.00000E+01 1.06571E+03
 4.20000E+01 1.05398E+03
 4.40000E+01 1.04200E+03
 4.60000E+01 1.02994E+03
 4.80000E+01 1.01795E+03
 5.00000E+01 1.00612E+03
 5.20000E+01 9.94486E+02
 5.40000E+01 9.83093E+02
