# p +  62Ni Nonelastic cross sections
# 
# 
# # energies =   100
#    E      Cross section
 1.00000E-11 0.00000E+00
 2.53000E-08 0.00000E+00
 2.00000E-07 0.00000E+00
 1.00000E-06 0.00000E+00
 1.00000E-05 0.00000E+00
 1.00000E-04 0.00000E+00
 1.00000E-03 0.00000E+00
 2.00000E-03 0.00000E+00
 4.00000E-03 0.00000E+00
 7.00000E-03 0.00000E+00
 1.00000E-02 0.00000E+00
 2.00000E-02 0.00000E+00
 4.00000E-02 0.00000E+00
 7.00000E-02 0.00000E+00
 1.00000E-01 0.00000E+00
 2.00000E-01 0.00000E+00
 3.00000E-01 0.00000E+00
 4.00000E-01 0.00000E+00
 5.00000E-01 0.00000E+00
 6.00000E-01 0.00000E+00
 7.00000E-01 0.00000E+00
 8.00000E-01 4.41553E-05
 9.00000E-01 2.29056E-04
 1.00000E+00 9.09628E-04
 1.20000E+00 7.77572E-03
 1.40000E+00 3.46243E-02
 1.60000E+00 9.75432E-02
 1.80000E+00 2.07154E-01
 2.00000E+00 3.65949E-01
 2.20000E+00 5.70261E-01
 2.40000E+00 8.19905E-01
 2.60000E+00 1.13494E+00
 2.80000E+00 1.58740E+00
 3.00000E+00 2.33008E+00
 3.20000E+00 3.60318E+00
 3.40000E+00 5.73390E+00
 3.60000E+00 9.09192E+00
 3.80000E+00 1.41151E+01
 4.00000E+00 2.13046E+01
 4.20000E+00 3.12009E+01
 4.40000E+00 4.43040E+01
 4.60000E+00 6.10115E+01
 4.80000E+00 8.15708E+01
 5.00000E+00 1.67286E+02
 5.20000E+00 2.32392E+02
 5.40000E+00 2.90423E+02
 5.60000E+00 3.49303E+02
 5.80000E+00 3.97190E+02
 6.00000E+00 4.37672E+02
 6.20000E+00 4.72854E+02
 6.40000E+00 5.03970E+02
 6.60000E+00 5.31894E+02
 6.80000E+00 5.57260E+02
 7.00000E+00 5.80568E+02
 7.20000E+00 6.02218E+02
 7.40000E+00 6.22548E+02
 7.60000E+00 6.41840E+02
 7.80000E+00 6.60321E+02
 8.00000E+00 6.78172E+02
 8.50000E+00 7.20830E+02
 9.00000E+00 7.61341E+02
 9.50000E+00 7.99677E+02
 1.00000E+01 8.35328E+02
 1.05000E+01 8.67788E+02
 1.10000E+01 8.96836E+02
 1.15000E+01 9.22988E+02
 1.20000E+01 9.45736E+02
 1.25000E+01 9.66116E+02
 1.30000E+01 9.84599E+02
 1.35000E+01 1.00153E+03
 1.40000E+01 1.01713E+03
 1.45000E+01 1.03146E+03
 1.50000E+01 1.04451E+03
 1.60000E+01 1.06674E+03
 1.70000E+01 1.08394E+03
 1.80000E+01 1.09692E+03
 1.90000E+01 1.10687E+03
 2.00000E+01 1.11499E+03
 2.10000E+01 1.12216E+03
 2.20000E+01 1.12873E+03
 2.30000E+01 1.13462E+03
 2.40000E+01 1.13945E+03
 2.50000E+01 1.14283E+03
 2.60000E+01 1.14455E+03
 2.70000E+01 1.14461E+03
 2.80000E+01 1.14324E+03
 2.90000E+01 1.14074E+03
 3.00000E+01 1.13745E+03
 3.20000E+01 1.12953E+03
 3.40000E+01 1.12066E+03
 3.60000E+01 1.11110E+03
 3.80000E+01 1.10080E+03
 4.00000E+01 1.08980E+03
 4.20000E+01 1.07830E+03
 4.40000E+01 1.06653E+03
 4.60000E+01 1.05470E+03
 4.80000E+01 1.04292E+03
 5.00000E+01 1.03129E+03
 5.20000E+01 1.01983E+03
 5.40000E+01 1.00858E+03
