# p +  58Ni Nonelastic cross sections
# 
# 
# # energies =   100
#    E      Cross section
 1.00000E-11 0.00000E+00
 2.53000E-08 0.00000E+00
 2.00000E-07 0.00000E+00
 1.00000E-06 0.00000E+00
 1.00000E-05 0.00000E+00
 1.00000E-04 0.00000E+00
 1.00000E-03 0.00000E+00
 2.00000E-03 0.00000E+00
 4.00000E-03 0.00000E+00
 7.00000E-03 0.00000E+00
 1.00000E-02 0.00000E+00
 2.00000E-02 0.00000E+00
 4.00000E-02 0.00000E+00
 7.00000E-02 0.00000E+00
 1.00000E-01 0.00000E+00
 2.00000E-01 0.00000E+00
 3.00000E-01 0.00000E+00
 4.00000E-01 0.00000E+00
 5.00000E-01 0.00000E+00
 6.00000E-01 0.00000E+00
 7.00000E-01 0.00000E+00
 8.00000E-01 2.62330E-05
 9.00000E-01 1.29894E-04
 1.00000E+00 4.56874E-04
 1.20000E+00 2.35783E-03
 1.40000E+00 6.12393E-03
 1.60000E+00 1.13253E-02
 1.80000E+00 1.76061E-02
 2.00000E+00 2.48522E-02
 2.20000E+00 3.31545E-02
 2.40000E+00 4.27651E-02
 2.60000E+00 5.66993E-02
 2.80000E+00 9.05933E-02
 3.00000E+00 1.93830E-01
 3.20000E+00 4.71115E-01
 3.40000E+00 1.09436E+00
 3.60000E+00 2.32768E+00
 3.80000E+00 4.45943E+00
 4.00000E+00 7.85906E+00
 4.20000E+00 1.29713E+01
 4.40000E+00 2.02777E+01
 4.60000E+00 3.03015E+01
 4.80000E+00 4.35825E+01
 5.00000E+00 6.06675E+01
 5.20000E+00 8.20187E+01
 5.40000E+00 1.07921E+02
 5.60000E+00 1.38418E+02
 5.80000E+00 1.73216E+02
 6.00000E+00 2.11915E+02
 6.20000E+00 2.53401E+02
 6.40000E+00 2.96560E+02
 6.60000E+00 3.40070E+02
 6.80000E+00 3.82370E+02
 7.00000E+00 4.22532E+02
 7.20000E+00 4.59761E+02
 7.40000E+00 4.93846E+02
 7.60000E+00 5.24827E+02
 7.80000E+00 5.52880E+02
 8.00000E+00 5.78464E+02
 8.50000E+00 6.60297E+02
 9.00000E+00 6.99519E+02
 9.50000E+00 7.35871E+02
 1.00000E+01 7.70241E+02
 1.05000E+01 8.02264E+02
 1.10000E+01 8.31677E+02
 1.15000E+01 8.58204E+02
 1.20000E+01 8.81856E+02
 1.25000E+01 9.02917E+02
 1.30000E+01 9.21825E+02
 1.35000E+01 9.39044E+02
 1.40000E+01 9.54944E+02
 1.45000E+01 9.69743E+02
 1.50000E+01 9.83507E+02
 1.60000E+01 1.00769E+03
 1.70000E+01 1.02681E+03
 1.80000E+01 1.04077E+03
 1.90000E+01 1.05043E+03
 2.00000E+01 1.05709E+03
 2.10000E+01 1.06204E+03
 2.20000E+01 1.06621E+03
 2.30000E+01 1.07007E+03
 2.40000E+01 1.07359E+03
 2.50000E+01 1.07651E+03
 2.60000E+01 1.07845E+03
 2.70000E+01 1.07915E+03
 2.80000E+01 1.07849E+03
 2.90000E+01 1.07657E+03
 3.00000E+01 1.07357E+03
 3.20000E+01 1.06544E+03
 3.40000E+01 1.05587E+03
 3.60000E+01 1.04575E+03
 3.80000E+01 1.03529E+03
 4.00000E+01 1.02446E+03
 4.20000E+01 1.01330E+03
 4.40000E+01 1.00192E+03
 4.60000E+01 9.90478E+02
 4.80000E+01 9.79117E+02
 5.00000E+01 9.67928E+02
 5.20000E+01 9.56967E+02
 5.40000E+01 9.46265E+02
