# p +  58Ni Total neutron  production
# Q-value    =-9.34337E+00
# 
# # energies =   100
#    E         xs         Yield
 1.00000E-11 0.00000E+00 0.00000E+00
 2.53000E-08 0.00000E+00 0.00000E+00
 2.00000E-07 0.00000E+00 0.00000E+00
 1.00000E-06 0.00000E+00 0.00000E+00
 1.00000E-05 0.00000E+00 0.00000E+00
 1.00000E-04 0.00000E+00 0.00000E+00
 1.00000E-03 0.00000E+00 0.00000E+00
 2.00000E-03 0.00000E+00 0.00000E+00
 4.00000E-03 0.00000E+00 0.00000E+00
 7.00000E-03 0.00000E+00 0.00000E+00
 1.00000E-02 0.00000E+00 0.00000E+00
 2.00000E-02 0.00000E+00 0.00000E+00
 4.00000E-02 0.00000E+00 0.00000E+00
 7.00000E-02 0.00000E+00 0.00000E+00
 1.00000E-01 0.00000E+00 0.00000E+00
 2.00000E-01 0.00000E+00 0.00000E+00
 3.00000E-01 0.00000E+00 0.00000E+00
 4.00000E-01 0.00000E+00 0.00000E+00
 5.00000E-01 0.00000E+00 0.00000E+00
 6.00000E-01 0.00000E+00 0.00000E+00
 7.00000E-01 0.00000E+00 0.00000E+00
 8.00000E-01 0.00000E+00 0.00000E+00
 9.00000E-01 0.00000E+00 0.00000E+00
 1.00000E+00 0.00000E+00 0.00000E+00
 1.20000E+00 0.00000E+00 0.00000E+00
 1.40000E+00 0.00000E+00 0.00000E+00
 1.60000E+00 0.00000E+00 0.00000E+00
 1.80000E+00 0.00000E+00 0.00000E+00
 2.00000E+00 0.00000E+00 0.00000E+00
 2.20000E+00 0.00000E+00 0.00000E+00
 2.40000E+00 0.00000E+00 0.00000E+00
 2.60000E+00 0.00000E+00 0.00000E+00
 2.80000E+00 0.00000E+00 0.00000E+00
 3.00000E+00 0.00000E+00 0.00000E+00
 3.20000E+00 0.00000E+00 0.00000E+00
 3.40000E+00 0.00000E+00 0.00000E+00
 3.60000E+00 0.00000E+00 0.00000E+00
 3.80000E+00 0.00000E+00 0.00000E+00
 4.00000E+00 0.00000E+00 0.00000E+00
 4.20000E+00 0.00000E+00 0.00000E+00
 4.40000E+00 0.00000E+00 0.00000E+00
 4.60000E+00 0.00000E+00 0.00000E+00
 4.80000E+00 0.00000E+00 0.00000E+00
 5.00000E+00 0.00000E+00 0.00000E+00
 5.20000E+00 0.00000E+00 0.00000E+00
 5.40000E+00 0.00000E+00 0.00000E+00
 5.60000E+00 0.00000E+00 0.00000E+00
 5.80000E+00 0.00000E+00 0.00000E+00
 6.00000E+00 0.00000E+00 0.00000E+00
 6.20000E+00 0.00000E+00 0.00000E+00
 6.40000E+00 0.00000E+00 0.00000E+00
 6.60000E+00 0.00000E+00 0.00000E+00
 6.80000E+00 0.00000E+00 0.00000E+00
 7.00000E+00 0.00000E+00 0.00000E+00
 7.20000E+00 0.00000E+00 0.00000E+00
 7.40000E+00 0.00000E+00 0.00000E+00
 7.60000E+00 0.00000E+00 0.00000E+00
 7.80000E+00 0.00000E+00 0.00000E+00
 8.00000E+00 0.00000E+00 0.00000E+00
 8.50000E+00 0.00000E+00 0.00000E+00
 9.00000E+00 0.00000E+00 0.00000E+00
 9.50000E+00 0.00000E+00 0.00000E+00
 1.00000E+01 7.29326E+00 9.46880E-03
 1.05000E+01 1.17227E+01 1.46120E-02
 1.10000E+01 1.55768E+01 1.87294E-02
 1.15000E+01 2.12990E+01 2.48181E-02
 1.20000E+01 2.66305E+01 3.01982E-02
 1.25000E+01 3.15518E+01 3.49443E-02
 1.30000E+01 3.58977E+01 3.89419E-02
 1.35000E+01 3.96916E+01 4.22681E-02
 1.40000E+01 4.34762E+01 4.55275E-02
 1.45000E+01 4.72964E+01 4.87721E-02
 1.50000E+01 5.18959E+01 5.27662E-02
 1.60000E+01 6.85928E+01 6.80692E-02
 1.70000E+01 1.03624E+02 1.00918E-01
 1.80000E+01 1.52304E+02 1.46338E-01
 1.90000E+01 1.92599E+02 1.83353E-01
 2.00000E+01 2.17951E+02 2.06180E-01
 2.10000E+01 2.32152E+02 2.18591E-01
 2.20000E+01 2.43656E+02 2.28525E-01
 2.30000E+01 2.54861E+02 2.38173E-01
 2.40000E+01 2.66773E+02 2.48487E-01
 2.50000E+01 2.77691E+02 2.57955E-01
 2.60000E+01 2.87659E+02 2.66734E-01
 2.70000E+01 2.96753E+02 2.74987E-01
 2.80000E+01 3.10418E+02 2.87827E-01
 2.90000E+01 3.28919E+02 3.05525E-01
 3.00000E+01 3.54149E+02 3.29880E-01
 3.20000E+01 4.13593E+02 3.88190E-01
 3.40000E+01 4.58894E+02 4.34612E-01
 3.60000E+01 4.87237E+02 4.65921E-01
 3.80000E+01 5.05627E+02 4.88392E-01
 4.00000E+01 5.18767E+02 5.06381E-01
 4.20000E+01 5.35728E+02 5.28696E-01
 4.40000E+01 5.54359E+02 5.53297E-01
 4.60000E+01 5.77069E+02 5.82616E-01
 4.80000E+01 5.95568E+02 6.08270E-01
 5.00000E+01 6.10290E+02 6.30512E-01
 5.20000E+01 6.26888E+02 6.55078E-01
 5.40000E+01 6.40572E+02 6.76948E-01
