# p +  62Ni Total neutron  production
# Q-value    =-4.74125E+00
# 
# # energies =   100
#    E         xs         Yield
 1.00000E-11 0.00000E+00 0.00000E+00
 2.53000E-08 0.00000E+00 0.00000E+00
 2.00000E-07 0.00000E+00 0.00000E+00
 1.00000E-06 0.00000E+00 0.00000E+00
 1.00000E-05 0.00000E+00 0.00000E+00
 1.00000E-04 0.00000E+00 0.00000E+00
 1.00000E-03 0.00000E+00 0.00000E+00
 2.00000E-03 0.00000E+00 0.00000E+00
 4.00000E-03 0.00000E+00 0.00000E+00
 7.00000E-03 0.00000E+00 0.00000E+00
 1.00000E-02 0.00000E+00 0.00000E+00
 2.00000E-02 0.00000E+00 0.00000E+00
 4.00000E-02 0.00000E+00 0.00000E+00
 7.00000E-02 0.00000E+00 0.00000E+00
 1.00000E-01 0.00000E+00 0.00000E+00
 2.00000E-01 0.00000E+00 0.00000E+00
 3.00000E-01 0.00000E+00 0.00000E+00
 4.00000E-01 0.00000E+00 0.00000E+00
 5.00000E-01 0.00000E+00 0.00000E+00
 6.00000E-01 0.00000E+00 0.00000E+00
 7.00000E-01 0.00000E+00 0.00000E+00
 8.00000E-01 0.00000E+00 0.00000E+00
 9.00000E-01 0.00000E+00 0.00000E+00
 1.00000E+00 0.00000E+00 0.00000E+00
 1.20000E+00 0.00000E+00 0.00000E+00
 1.40000E+00 0.00000E+00 0.00000E+00
 1.60000E+00 0.00000E+00 0.00000E+00
 1.80000E+00 0.00000E+00 0.00000E+00
 2.00000E+00 0.00000E+00 0.00000E+00
 2.20000E+00 0.00000E+00 0.00000E+00
 2.40000E+00 0.00000E+00 0.00000E+00
 2.60000E+00 0.00000E+00 0.00000E+00
 2.80000E+00 0.00000E+00 0.00000E+00
 3.00000E+00 0.00000E+00 0.00000E+00
 3.20000E+00 0.00000E+00 0.00000E+00
 3.40000E+00 0.00000E+00 0.00000E+00
 3.60000E+00 0.00000E+00 0.00000E+00
 3.80000E+00 0.00000E+00 0.00000E+00
 4.00000E+00 0.00000E+00 0.00000E+00
 4.20000E+00 0.00000E+00 0.00000E+00
 4.40000E+00 0.00000E+00 0.00000E+00
 4.60000E+00 0.00000E+00 0.00000E+00
 4.80000E+00 0.00000E+00 0.00000E+00
 5.00000E+00 9.65620E+01 5.77225E-01
 5.20000E+00 1.68081E+02 7.23267E-01
 5.40000E+00 2.27846E+02 7.84533E-01
 5.60000E+00 2.90924E+02 8.32870E-01
 5.80000E+00 3.38709E+02 8.52764E-01
 6.00000E+00 3.77094E+02 8.61591E-01
 6.20000E+00 4.08675E+02 8.64272E-01
 6.40000E+00 4.34831E+02 8.62811E-01
 6.60000E+00 4.56635E+02 8.58507E-01
 6.80000E+00 4.74894E+02 8.52195E-01
 7.00000E+00 4.90303E+02 8.44523E-01
 7.20000E+00 5.03500E+02 8.36077E-01
 7.40000E+00 5.14939E+02 8.27146E-01
 7.60000E+00 5.25063E+02 8.18058E-01
 7.80000E+00 5.34172E+02 8.08957E-01
 8.00000E+00 5.42514E+02 7.99966E-01
 8.50000E+00 5.61622E+02 7.79132E-01
 9.00000E+00 5.79245E+02 7.60822E-01
 9.50000E+00 5.96379E+02 7.45775E-01
 1.00000E+01 6.13072E+02 7.33930E-01
 1.05000E+01 6.29040E+02 7.24877E-01
 1.10000E+01 6.44064E+02 7.18152E-01
 1.15000E+01 6.58355E+02 7.13287E-01
 1.20000E+01 6.71218E+02 7.09731E-01
 1.25000E+01 6.83154E+02 7.07114E-01
 1.30000E+01 6.94442E+02 7.05305E-01
 1.35000E+01 7.05978E+02 7.04899E-01
 1.40000E+01 7.21367E+02 7.09220E-01
 1.45000E+01 7.57978E+02 7.34862E-01
 1.50000E+01 8.11072E+02 7.76511E-01
 1.60000E+01 9.34023E+02 8.75583E-01
 1.70000E+01 1.05062E+03 9.69260E-01
 1.80000E+01 1.14043E+03 1.03967E+00
 1.90000E+01 1.20445E+03 1.08816E+00
 2.00000E+01 1.24362E+03 1.11537E+00
 2.10000E+01 1.26293E+03 1.12544E+00
 2.20000E+01 1.26881E+03 1.12411E+00
 2.30000E+01 1.27013E+03 1.11943E+00
 2.40000E+01 1.27701E+03 1.12072E+00
 2.50000E+01 1.29107E+03 1.12971E+00
 2.60000E+01 1.30973E+03 1.14432E+00
 2.70000E+01 1.34054E+03 1.17118E+00
 2.80000E+01 1.36947E+03 1.19789E+00
 2.90000E+01 1.40804E+03 1.23432E+00
 3.00000E+01 1.44091E+03 1.26679E+00
 3.20000E+01 1.49141E+03 1.32038E+00
 3.40000E+01 1.51919E+03 1.35562E+00
 3.60000E+01 1.53032E+03 1.37730E+00
 3.80000E+01 1.53989E+03 1.39888E+00
 4.00000E+01 1.55487E+03 1.42674E+00
 4.20000E+01 1.57189E+03 1.45775E+00
 4.40000E+01 1.59124E+03 1.49197E+00
 4.60000E+01 1.60729E+03 1.52393E+00
 4.80000E+01 1.60495E+03 1.53890E+00
 5.00000E+01 1.61899E+03 1.56987E+00
 5.20000E+01 1.61640E+03 1.58497E+00
 5.40000E+01 1.62210E+03 1.60830E+00
