# p +  60Ni Total neutron  production
# Q-value    =-6.91033E+00
# 
# # energies =   100
#    E         xs         Yield
 1.00000E-11 0.00000E+00 0.00000E+00
 2.53000E-08 0.00000E+00 0.00000E+00
 2.00000E-07 0.00000E+00 0.00000E+00
 1.00000E-06 0.00000E+00 0.00000E+00
 1.00000E-05 0.00000E+00 0.00000E+00
 1.00000E-04 0.00000E+00 0.00000E+00
 1.00000E-03 0.00000E+00 0.00000E+00
 2.00000E-03 0.00000E+00 0.00000E+00
 4.00000E-03 0.00000E+00 0.00000E+00
 7.00000E-03 0.00000E+00 0.00000E+00
 1.00000E-02 0.00000E+00 0.00000E+00
 2.00000E-02 0.00000E+00 0.00000E+00
 4.00000E-02 0.00000E+00 0.00000E+00
 7.00000E-02 0.00000E+00 0.00000E+00
 1.00000E-01 0.00000E+00 0.00000E+00
 2.00000E-01 0.00000E+00 0.00000E+00
 3.00000E-01 0.00000E+00 0.00000E+00
 4.00000E-01 0.00000E+00 0.00000E+00
 5.00000E-01 0.00000E+00 0.00000E+00
 6.00000E-01 0.00000E+00 0.00000E+00
 7.00000E-01 0.00000E+00 0.00000E+00
 8.00000E-01 0.00000E+00 0.00000E+00
 9.00000E-01 0.00000E+00 0.00000E+00
 1.00000E+00 0.00000E+00 0.00000E+00
 1.20000E+00 0.00000E+00 0.00000E+00
 1.40000E+00 0.00000E+00 0.00000E+00
 1.60000E+00 0.00000E+00 0.00000E+00
 1.80000E+00 0.00000E+00 0.00000E+00
 2.00000E+00 0.00000E+00 0.00000E+00
 2.20000E+00 0.00000E+00 0.00000E+00
 2.40000E+00 0.00000E+00 0.00000E+00
 2.60000E+00 0.00000E+00 0.00000E+00
 2.80000E+00 0.00000E+00 0.00000E+00
 3.00000E+00 0.00000E+00 0.00000E+00
 3.20000E+00 0.00000E+00 0.00000E+00
 3.40000E+00 0.00000E+00 0.00000E+00
 3.60000E+00 0.00000E+00 0.00000E+00
 3.80000E+00 0.00000E+00 0.00000E+00
 4.00000E+00 0.00000E+00 0.00000E+00
 4.20000E+00 0.00000E+00 0.00000E+00
 4.40000E+00 0.00000E+00 0.00000E+00
 4.60000E+00 0.00000E+00 0.00000E+00
 4.80000E+00 0.00000E+00 0.00000E+00
 5.00000E+00 0.00000E+00 0.00000E+00
 5.20000E+00 0.00000E+00 0.00000E+00
 5.40000E+00 0.00000E+00 0.00000E+00
 5.60000E+00 0.00000E+00 0.00000E+00
 5.80000E+00 0.00000E+00 0.00000E+00
 6.00000E+00 0.00000E+00 0.00000E+00
 6.20000E+00 0.00000E+00 0.00000E+00
 6.40000E+00 0.00000E+00 0.00000E+00
 6.60000E+00 0.00000E+00 0.00000E+00
 6.80000E+00 0.00000E+00 0.00000E+00
 7.00000E+00 0.00000E+00 0.00000E+00
 7.20000E+00 3.40235E+01 6.67874E-02
 7.40000E+00 6.04123E+01 1.10692E-01
 7.60000E+00 9.02323E+01 1.55985E-01
 7.80000E+00 1.36657E+02 2.24472E-01
 8.00000E+00 1.70716E+02 2.68941E-01
 8.50000E+00 2.32646E+02 3.37897E-01
 9.00000E+00 2.71346E+02 3.69894E-01
 9.50000E+00 2.98084E+02 3.85094E-01
 1.00000E+01 3.20717E+02 3.93547E-01
 1.05000E+01 3.37415E+02 3.98202E-01
 1.10000E+01 3.51605E+02 4.01137E-01
 1.15000E+01 3.63983E+02 4.03317E-01
 1.20000E+01 3.74571E+02 4.04725E-01
 1.25000E+01 3.83778E+02 4.05664E-01
 1.30000E+01 3.92095E+02 4.06475E-01
 1.35000E+01 3.99764E+02 4.07244E-01
 1.40000E+01 4.07378E+02 4.08466E-01
 1.45000E+01 4.17121E+02 4.12234E-01
 1.50000E+01 4.31026E+02 4.20430E-01
 1.60000E+01 4.78809E+02 4.56803E-01
 1.70000E+01 5.51410E+02 5.17258E-01
 1.80000E+01 6.29199E+02 5.82999E-01
 1.90000E+01 6.88388E+02 6.32177E-01
 2.00000E+01 7.37852E+02 6.73024E-01
 2.10000E+01 7.75763E+02 7.03648E-01
 2.20000E+01 8.06444E+02 7.27833E-01
 2.30000E+01 8.29574E+02 7.45330E-01
 2.40000E+01 8.44520E+02 7.55851E-01
 2.50000E+01 8.55760E+02 7.63724E-01
 2.60000E+01 8.71838E+02 7.76831E-01
 2.70000E+01 8.90819E+02 7.93553E-01
 2.80000E+01 9.16697E+02 8.17458E-01
 2.90000E+01 9.44774E+02 8.44295E-01
 3.00000E+01 9.71911E+02 8.71130E-01
 3.20000E+01 1.01103E+03 9.13043E-01
 3.40000E+01 1.02963E+03 9.37894E-01
 3.60000E+01 1.03735E+03 9.53728E-01
 3.80000E+01 1.04626E+03 9.71479E-01
 4.00000E+01 1.05537E+03 9.90299E-01
 4.20000E+01 1.07231E+03 1.01739E+00
 4.40000E+01 1.09611E+03 1.05193E+00
 4.60000E+01 1.10715E+03 1.07496E+00
 4.80000E+01 1.12853E+03 1.10863E+00
 5.00000E+01 1.13711E+03 1.13019E+00
 5.20000E+01 1.14666E+03 1.15302E+00
 5.40000E+01 1.15363E+03 1.17347E+00
