# p +  61Ni Total neutron  production
# Q-value    =-3.02032E+00
# 
# # energies =   100
#    E         xs         Yield
 1.00000E-11 0.00000E+00 0.00000E+00
 2.53000E-08 0.00000E+00 0.00000E+00
 2.00000E-07 0.00000E+00 0.00000E+00
 1.00000E-06 0.00000E+00 0.00000E+00
 1.00000E-05 0.00000E+00 0.00000E+00
 1.00000E-04 0.00000E+00 0.00000E+00
 1.00000E-03 0.00000E+00 0.00000E+00
 2.00000E-03 0.00000E+00 0.00000E+00
 4.00000E-03 0.00000E+00 0.00000E+00
 7.00000E-03 0.00000E+00 0.00000E+00
 1.00000E-02 0.00000E+00 0.00000E+00
 2.00000E-02 0.00000E+00 0.00000E+00
 4.00000E-02 0.00000E+00 0.00000E+00
 7.00000E-02 0.00000E+00 0.00000E+00
 1.00000E-01 0.00000E+00 0.00000E+00
 2.00000E-01 0.00000E+00 0.00000E+00
 3.00000E-01 0.00000E+00 0.00000E+00
 4.00000E-01 0.00000E+00 0.00000E+00
 5.00000E-01 0.00000E+00 0.00000E+00
 6.00000E-01 0.00000E+00 0.00000E+00
 7.00000E-01 0.00000E+00 0.00000E+00
 8.00000E-01 0.00000E+00 0.00000E+00
 9.00000E-01 0.00000E+00 0.00000E+00
 1.00000E+00 0.00000E+00 0.00000E+00
 1.20000E+00 0.00000E+00 0.00000E+00
 1.40000E+00 0.00000E+00 0.00000E+00
 1.60000E+00 0.00000E+00 0.00000E+00
 1.80000E+00 0.00000E+00 0.00000E+00
 2.00000E+00 0.00000E+00 0.00000E+00
 2.20000E+00 0.00000E+00 0.00000E+00
 2.40000E+00 0.00000E+00 0.00000E+00
 2.60000E+00 0.00000E+00 0.00000E+00
 2.80000E+00 0.00000E+00 0.00000E+00
 3.00000E+00 0.00000E+00 0.00000E+00
 3.20000E+00 1.62249E+01 5.44690E-01
 3.40000E+00 2.68300E+01 5.88393E-01
 3.60000E+00 3.99090E+01 6.07151E-01
 3.80000E+00 5.32510E+01 5.98671E-01
 4.00000E+00 6.59261E+01 5.74099E-01
 4.20000E+00 8.56916E+01 5.87007E-01
 4.40000E+00 1.00338E+02 5.65738E-01
 4.60000E+00 1.25543E+02 5.88801E-01
 4.80000E+00 1.45344E+02 5.84570E-01
 5.00000E+00 1.66438E+02 5.85243E-01
 5.20000E+00 1.93215E+02 6.01400E-01
 5.40000E+00 2.15998E+02 6.05911E-01
 5.60000E+00 2.37418E+02 6.08496E-01
 5.80000E+00 2.57428E+02 6.09840E-01
 6.00000E+00 2.75744E+02 6.09871E-01
 6.20000E+00 2.92294E+02 6.08718E-01
 6.40000E+00 3.07230E+02 6.06794E-01
 6.60000E+00 3.20775E+02 6.04432E-01
 6.80000E+00 3.33100E+02 6.01757E-01
 7.00000E+00 3.44500E+02 5.99067E-01
 7.20000E+00 3.54949E+02 5.96064E-01
 7.40000E+00 3.64600E+02 5.92809E-01
 7.60000E+00 3.73440E+02 5.89105E-01
 7.80000E+00 3.81823E+02 5.85389E-01
 8.00000E+00 3.89523E+02 5.81203E-01
 8.50000E+00 4.06307E+02 5.69247E-01
 9.00000E+00 4.19864E+02 5.55630E-01
 9.50000E+00 4.30453E+02 5.41158E-01
 1.00000E+01 4.38999E+02 5.26827E-01
 1.05000E+01 4.45212E+02 5.13838E-01
 1.10000E+01 4.51903E+02 5.04373E-01
 1.15000E+01 4.63369E+02 5.02559E-01
 1.20000E+01 4.81534E+02 5.09549E-01
 1.25000E+01 5.06301E+02 5.24390E-01
 1.30000E+01 5.37701E+02 5.46460E-01
 1.35000E+01 5.74179E+02 5.73728E-01
 1.40000E+01 6.13473E+02 6.03717E-01
 1.45000E+01 6.52882E+02 6.33727E-01
 1.50000E+01 6.90343E+02 6.61877E-01
 1.60000E+01 7.64480E+02 7.17953E-01
 1.70000E+01 8.42021E+02 7.78277E-01
 1.80000E+01 9.11038E+02 8.31868E-01
 1.90000E+01 9.60598E+02 8.68764E-01
 2.00000E+01 9.91890E+02 8.89908E-01
 2.10000E+01 1.01136E+03 9.00948E-01
 2.20000E+01 1.02265E+03 9.05158E-01
 2.30000E+01 1.02827E+03 9.05063E-01
 2.40000E+01 1.03595E+03 9.07824E-01
 2.50000E+01 1.04955E+03 9.17047E-01
 2.60000E+01 1.07332E+03 9.36549E-01
 2.70000E+01 1.10648E+03 9.65590E-01
 2.80000E+01 1.14248E+03 9.98322E-01
 2.90000E+01 1.17737E+03 1.03109E+00
 3.00000E+01 1.20439E+03 1.05774E+00
 3.20000E+01 1.24429E+03 1.10012E+00
 3.40000E+01 1.26386E+03 1.12588E+00
 3.60000E+01 1.27572E+03 1.14599E+00
 3.80000E+01 1.28983E+03 1.16946E+00
 4.00000E+01 1.31313E+03 1.20265E+00
 4.20000E+01 1.33966E+03 1.24011E+00
 4.40000E+01 1.35808E+03 1.27113E+00
 4.60000E+01 1.39026E+03 1.31593E+00
 4.80000E+01 1.39917E+03 1.33940E+00
 5.00000E+01 1.41144E+03 1.36648E+00
 5.20000E+01 1.42686E+03 1.39706E+00
 5.40000E+01 1.44868E+03 1.43438E+00
