# p +  64Ni Total neutron  production
# Q-value    =-2.45697E+00
# 
# # energies =   100
#    E         xs         Yield
 1.00000E-11 0.00000E+00 0.00000E+00
 2.53000E-08 0.00000E+00 0.00000E+00
 2.00000E-07 0.00000E+00 0.00000E+00
 1.00000E-06 0.00000E+00 0.00000E+00
 1.00000E-05 0.00000E+00 0.00000E+00
 1.00000E-04 0.00000E+00 0.00000E+00
 1.00000E-03 0.00000E+00 0.00000E+00
 2.00000E-03 0.00000E+00 0.00000E+00
 4.00000E-03 0.00000E+00 0.00000E+00
 7.00000E-03 0.00000E+00 0.00000E+00
 1.00000E-02 0.00000E+00 0.00000E+00
 2.00000E-02 0.00000E+00 0.00000E+00
 4.00000E-02 0.00000E+00 0.00000E+00
 7.00000E-02 0.00000E+00 0.00000E+00
 1.00000E-01 0.00000E+00 0.00000E+00
 2.00000E-01 0.00000E+00 0.00000E+00
 3.00000E-01 0.00000E+00 0.00000E+00
 4.00000E-01 0.00000E+00 0.00000E+00
 5.00000E-01 0.00000E+00 0.00000E+00
 6.00000E-01 0.00000E+00 0.00000E+00
 7.00000E-01 0.00000E+00 0.00000E+00
 8.00000E-01 0.00000E+00 0.00000E+00
 9.00000E-01 0.00000E+00 0.00000E+00
 1.00000E+00 0.00000E+00 0.00000E+00
 1.20000E+00 0.00000E+00 0.00000E+00
 1.40000E+00 0.00000E+00 0.00000E+00
 1.60000E+00 0.00000E+00 0.00000E+00
 1.80000E+00 0.00000E+00 0.00000E+00
 2.00000E+00 0.00000E+00 0.00000E+00
 2.20000E+00 0.00000E+00 0.00000E+00
 2.40000E+00 0.00000E+00 0.00000E+00
 2.60000E+00 8.68611E+00 8.60460E-01
 2.80000E+00 1.88461E+01 9.78215E-01
 3.00000E+00 3.26467E+01 9.92822E-01
 3.20000E+00 4.92489E+01 9.95497E-01
 3.40000E+00 6.98788E+01 9.96576E-01
 3.60000E+00 9.44597E+01 9.96938E-01
 3.80000E+00 1.21990E+02 9.96788E-01
 4.00000E+00 1.52038E+02 9.96271E-01
 4.20000E+00 1.83956E+02 9.95402E-01
 4.40000E+00 2.17130E+02 9.94104E-01
 4.60000E+00 2.50983E+02 9.92518E-01
 4.80000E+00 2.84973E+02 9.90598E-01
 5.00000E+00 3.18585E+02 9.88358E-01
 5.20000E+00 3.51345E+02 9.85807E-01
 5.40000E+00 3.82858E+02 9.82986E-01
 5.60000E+00 4.12798E+02 9.79883E-01
 5.80000E+00 4.40960E+02 9.76514E-01
 6.00000E+00 4.67255E+02 9.72906E-01
 6.20000E+00 4.91678E+02 9.69052E-01
 6.40000E+00 5.14359E+02 9.65042E-01
 6.60000E+00 5.35432E+02 9.60861E-01
 6.80000E+00 5.55115E+02 9.56582E-01
 7.00000E+00 5.73607E+02 9.52222E-01
 7.20000E+00 5.91081E+02 9.47776E-01
 7.40000E+00 6.07715E+02 9.43280E-01
 7.60000E+00 6.23640E+02 9.38740E-01
 7.80000E+00 6.38925E+02 9.34126E-01
 8.00000E+00 6.53633E+02 9.29452E-01
 8.50000E+00 6.88379E+02 9.18004E-01
 9.00000E+00 7.20036E+02 9.06910E-01
 9.50000E+00 7.47988E+02 8.96057E-01
 1.00000E+01 7.71948E+02 8.85644E-01
 1.05000E+01 7.91769E+02 8.75593E-01
 1.10000E+01 8.65163E+02 9.27447E-01
 1.15000E+01 9.73326E+02 1.01617E+00
 1.20000E+01 1.09414E+03 1.11662E+00
 1.25000E+01 1.20874E+03 1.20930E+00
 1.30000E+01 1.30339E+03 1.28122E+00
 1.35000E+01 1.37787E+03 1.33327E+00
 1.40000E+01 1.43973E+03 1.37356E+00
 1.45000E+01 1.49091E+03 1.40446E+00
 1.50000E+01 1.52893E+03 1.42404E+00
 1.60000E+01 1.57871E+03 1.44280E+00
 1.70000E+01 1.60186E+03 1.44256E+00
 1.80000E+01 1.61358E+03 1.43644E+00
 1.90000E+01 1.61324E+03 1.42261E+00
 2.00000E+01 1.60878E+03 1.40701E+00
 2.10000E+01 1.59950E+03 1.38839E+00
 2.20000E+01 1.59645E+03 1.37643E+00
 2.30000E+01 1.60426E+03 1.37542E+00
 2.40000E+01 1.63444E+03 1.39562E+00
 2.50000E+01 1.68799E+03 1.43807E+00
 2.60000E+01 1.74024E+03 1.48178E+00
 2.70000E+01 1.78678E+03 1.52285E+00
 2.80000E+01 1.81967E+03 1.55403E+00
 2.90000E+01 1.84502E+03 1.58001E+00
 3.00000E+01 1.85657E+03 1.59498E+00
 3.20000E+01 1.86089E+03 1.61001E+00
 3.40000E+01 1.86142E+03 1.62298E+00
 3.60000E+01 1.87185E+03 1.64616E+00
 3.80000E+01 1.89082E+03 1.67888E+00
 4.00000E+01 1.92013E+03 1.72278E+00
 4.20000E+01 1.94008E+03 1.75992E+00
 4.40000E+01 1.95434E+03 1.79296E+00
 4.60000E+01 1.95863E+03 1.81748E+00
 4.80000E+01 1.96506E+03 1.84438E+00
 5.00000E+01 1.97295E+03 1.87303E+00
 5.20000E+01 1.98559E+03 1.90653E+00
 5.40000E+01 1.99418E+03 1.93644E+00
