# p +  62Ni Total proton   production
# Q-value    = 0.00000E+00
# 
# # energies =   100
#    E         xs         Yield
 1.00000E-11 0.00000E+00 0.00000E+00
 2.53000E-08 0.00000E+00 0.00000E+00
 2.00000E-07 0.00000E+00 0.00000E+00
 1.00000E-06 0.00000E+00 0.00000E+00
 1.00000E-05 0.00000E+00 0.00000E+00
 1.00000E-04 0.00000E+00 0.00000E+00
 1.00000E-03 0.00000E+00 0.00000E+00
 2.00000E-03 0.00000E+00 0.00000E+00
 4.00000E-03 0.00000E+00 0.00000E+00
 7.00000E-03 0.00000E+00 0.00000E+00
 1.00000E-02 0.00000E+00 0.00000E+00
 2.00000E-02 0.00000E+00 0.00000E+00
 4.00000E-02 0.00000E+00 0.00000E+00
 7.00000E-02 0.00000E+00 0.00000E+00
 1.00000E-01 0.00000E+00 0.00000E+00
 2.00000E-01 0.00000E+00 0.00000E+00
 3.00000E-01 0.00000E+00 0.00000E+00
 4.00000E-01 0.00000E+00 0.00000E+00
 5.00000E-01 0.00000E+00 0.00000E+00
 6.00000E-01 0.00000E+00 0.00000E+00
 7.00000E-01 0.00000E+00 0.00000E+00
 8.00000E-01 0.00000E+00 0.00000E+00
 9.00000E-01 0.00000E+00 0.00000E+00
 1.00000E+00 0.00000E+00 0.00000E+00
 1.20000E+00 0.00000E+00 0.00000E+00
 1.40000E+00 6.18015E-08 1.78492E-06
 1.60000E+00 1.87100E-06 1.91813E-05
 1.80000E+00 1.54061E-05 7.43705E-05
 2.00000E+00 7.88655E-05 2.15510E-04
 2.20000E+00 8.30658E-04 1.45663E-03
 2.40000E+00 7.73618E-03 9.43546E-03
 2.60000E+00 4.92107E-02 4.33599E-02
 2.80000E+00 2.10520E-01 1.32619E-01
 3.00000E+00 6.59629E-01 2.83092E-01
 3.20000E+00 1.64528E+00 4.56618E-01
 3.40000E+00 3.49589E+00 6.09689E-01
 3.60000E+00 6.57443E+00 7.23107E-01
 3.80000E+00 1.13151E+01 8.01634E-01
 4.00000E+00 1.82219E+01 8.55301E-01
 4.20000E+00 2.78365E+01 8.92170E-01
 4.40000E+00 4.06601E+01 9.17753E-01
 4.60000E+00 5.70948E+01 9.35803E-01
 4.80000E+00 7.73623E+01 9.48406E-01
 5.00000E+00 6.77863E+01 4.05211E-01
 5.20000E+00 6.21387E+01 2.67387E-01
 5.40000E+00 6.09336E+01 2.09810E-01
 5.60000E+00 5.70413E+01 1.63300E-01
 5.80000E+00 5.73123E+01 1.44295E-01
 6.00000E+00 5.94282E+01 1.35783E-01
 6.20000E+00 6.30039E+01 1.33242E-01
 6.40000E+00 6.78399E+01 1.34611E-01
 6.60000E+00 7.37769E+01 1.38706E-01
 6.80000E+00 8.06598E+01 1.44743E-01
 7.00000E+00 8.82120E+01 1.51941E-01
 7.20000E+00 9.62785E+01 1.59873E-01
 7.40000E+00 1.04704E+02 1.68186E-01
 7.60000E+00 1.13316E+02 1.76549E-01
 7.80000E+00 1.22082E+02 1.84882E-01
 8.00000E+00 1.30905E+02 1.93026E-01
 8.50000E+00 1.52491E+02 2.11549E-01
 9.00000E+00 1.73118E+02 2.27386E-01
 9.50000E+00 1.91892E+02 2.39962E-01
 1.00000E+01 2.08413E+02 2.49499E-01
 1.05000E+01 2.22582E+02 2.56494E-01
 1.10000E+01 2.34425E+02 2.61391E-01
 1.15000E+01 2.44253E+02 2.64632E-01
 1.20000E+01 2.52291E+02 2.66767E-01
 1.25000E+01 2.64476E+02 2.73752E-01
 1.30000E+01 3.01688E+02 3.06407E-01
 1.35000E+01 3.70083E+02 3.69517E-01
 1.40000E+01 4.54382E+02 4.46731E-01
 1.45000E+01 5.25098E+02 5.09084E-01
 1.50000E+01 5.75548E+02 5.51023E-01
 1.60000E+01 6.30166E+02 5.90738E-01
 1.70000E+01 6.42898E+02 5.93111E-01
 1.80000E+01 6.37459E+02 5.81137E-01
 1.90000E+01 6.30280E+02 5.69426E-01
 2.00000E+01 6.25490E+02 5.60983E-01
 2.10000E+01 6.26851E+02 5.58611E-01
 2.20000E+01 6.37989E+02 5.65227E-01
 2.30000E+01 6.62028E+02 5.83480E-01
 2.40000E+01 6.97235E+02 6.11905E-01
 2.50000E+01 7.39554E+02 6.47125E-01
 2.60000E+01 7.82073E+02 6.83302E-01
 2.70000E+01 8.19107E+02 7.15621E-01
 2.80000E+01 8.47399E+02 7.41226E-01
 2.90000E+01 8.65236E+02 7.58486E-01
 3.00000E+01 8.75192E+02 7.69434E-01
 3.20000E+01 8.81203E+02 7.80151E-01
 3.40000E+01 8.83511E+02 7.88385E-01
 3.60000E+01 8.92031E+02 8.02836E-01
 3.80000E+01 9.09221E+02 8.25964E-01
 4.00000E+01 9.34209E+02 8.57230E-01
 4.20000E+01 9.57916E+02 8.88358E-01
 4.40000E+01 9.78041E+02 9.17031E-01
 4.60000E+01 9.94503E+02 9.42925E-01
 4.80000E+01 1.00553E+03 9.64147E-01
 5.00000E+01 1.01631E+03 9.85470E-01
 5.20000E+01 1.02383E+03 1.00392E+00
 5.40000E+01 1.03334E+03 1.02455E+00
