# p +  64Ni Total proton   production
# Q-value    = 0.00000E+00
# 
# # energies =   100
#    E         xs         Yield
 1.00000E-11 0.00000E+00 0.00000E+00
 2.53000E-08 0.00000E+00 0.00000E+00
 2.00000E-07 0.00000E+00 0.00000E+00
 1.00000E-06 0.00000E+00 0.00000E+00
 1.00000E-05 0.00000E+00 0.00000E+00
 1.00000E-04 0.00000E+00 0.00000E+00
 1.00000E-03 0.00000E+00 0.00000E+00
 2.00000E-03 0.00000E+00 0.00000E+00
 4.00000E-03 0.00000E+00 0.00000E+00
 7.00000E-03 0.00000E+00 0.00000E+00
 1.00000E-02 0.00000E+00 0.00000E+00
 2.00000E-02 0.00000E+00 0.00000E+00
 4.00000E-02 0.00000E+00 0.00000E+00
 7.00000E-02 0.00000E+00 0.00000E+00
 1.00000E-01 0.00000E+00 0.00000E+00
 2.00000E-01 0.00000E+00 0.00000E+00
 3.00000E-01 0.00000E+00 0.00000E+00
 4.00000E-01 0.00000E+00 0.00000E+00
 5.00000E-01 0.00000E+00 0.00000E+00
 6.00000E-01 0.00000E+00 0.00000E+00
 7.00000E-01 0.00000E+00 0.00000E+00
 8.00000E-01 0.00000E+00 0.00000E+00
 9.00000E-01 0.00000E+00 0.00000E+00
 1.00000E+00 0.00000E+00 0.00000E+00
 1.20000E+00 0.00000E+00 0.00000E+00
 1.40000E+00 6.24355E-08 1.15108E-06
 1.60000E+00 1.39115E-06 7.90380E-06
 1.80000E+00 1.51401E-05 3.58663E-05
 2.00000E+00 9.37875E-05 1.12485E-04
 2.20000E+00 4.21866E-04 2.92435E-04
 2.40000E+00 1.94445E-03 8.58217E-04
 2.60000E+00 4.25905E-03 4.21908E-04
 2.80000E+00 3.30440E-03 1.71516E-04
 3.00000E+00 5.89605E-03 1.79305E-04
 3.20000E+00 1.48364E-02 2.99896E-04
 3.40000E+00 3.42384E-02 4.88291E-04
 3.60000E+00 7.69510E-02 8.12149E-04
 3.80000E+00 1.60826E-01 1.31412E-03
 4.00000E+00 3.11760E-01 2.04289E-03
 4.20000E+00 5.63208E-01 3.04756E-03
 4.40000E+00 9.52240E-01 4.35972E-03
 4.60000E+00 1.51689E+00 5.99858E-03
 4.80000E+00 2.28975E+00 7.95943E-03
 5.00000E+00 3.29680E+00 1.02278E-02
 5.20000E+00 4.55591E+00 1.27830E-02
 5.40000E+00 6.08137E+00 1.56139E-02
 5.60000E+00 7.87642E+00 1.86967E-02
 5.80000E+00 9.95263E+00 2.20403E-02
 6.00000E+00 1.23023E+01 2.56155E-02
 6.20000E+00 1.49092E+01 2.93847E-02
 6.40000E+00 1.77598E+01 3.33210E-02
 6.60000E+00 2.08239E+01 3.73696E-02
 6.80000E+00 2.40829E+01 4.14999E-02
 7.00000E+00 2.75228E+01 4.56896E-02
 7.20000E+00 3.11236E+01 4.99055E-02
 7.40000E+00 3.48898E+01 5.41551E-02
 7.60000E+00 3.88080E+01 5.84161E-02
 7.80000E+00 4.28912E+01 6.27081E-02
 8.00000E+00 4.71430E+01 6.70362E-02
 8.50000E+00 5.81367E+01 7.75296E-02
 9.00000E+00 6.95488E+01 8.75990E-02
 9.50000E+00 8.13734E+01 9.74818E-02
 1.00000E+01 9.33255E+01 1.07071E-01
 1.05000E+01 1.05327E+02 1.16478E-01
 1.10000E+01 1.17320E+02 1.25766E-01
 1.15000E+01 1.29352E+02 1.35046E-01
 1.20000E+01 1.41455E+02 1.44361E-01
 1.25000E+01 1.53717E+02 1.53789E-01
 1.30000E+01 1.66360E+02 1.63531E-01
 1.35000E+01 1.79516E+02 1.73706E-01
 1.40000E+01 1.93046E+02 1.84174E-01
 1.45000E+01 2.06988E+02 1.94986E-01
 1.50000E+01 2.21020E+02 2.05857E-01
 1.60000E+01 2.48569E+02 2.27170E-01
 1.70000E+01 2.74590E+02 2.47282E-01
 1.80000E+01 2.99356E+02 2.66492E-01
 1.90000E+01 3.23538E+02 2.85307E-01
 2.00000E+01 3.52230E+02 3.08053E-01
 2.10000E+01 3.97214E+02 3.44789E-01
 2.20000E+01 4.55230E+02 3.92491E-01
 2.30000E+01 5.18808E+02 4.44802E-01
 2.40000E+01 5.65695E+02 4.83038E-01
 2.50000E+01 5.92325E+02 5.04626E-01
 2.60000E+01 6.07709E+02 5.17454E-01
 2.70000E+01 6.17396E+02 5.26196E-01
 2.80000E+01 6.23309E+02 5.32315E-01
 2.90000E+01 6.30626E+02 5.40044E-01
 3.00000E+01 6.36957E+02 5.47210E-01
 3.20000E+01 6.55488E+02 5.67119E-01
 3.40000E+01 6.82876E+02 5.95400E-01
 3.60000E+01 7.16000E+02 6.29672E-01
 3.80000E+01 7.44532E+02 6.61077E-01
 4.00000E+01 7.66647E+02 6.87854E-01
 4.20000E+01 7.81335E+02 7.08777E-01
 4.40000E+01 7.93436E+02 7.27916E-01
 4.60000E+01 8.05459E+02 7.47414E-01
 4.80000E+01 8.17347E+02 7.67152E-01
 5.00000E+01 8.28472E+02 7.86512E-01
 5.20000E+01 8.38541E+02 8.05151E-01
 5.40000E+01 8.47378E+02 8.22841E-01
