# p +  60Ni Total proton   production
# Q-value    = 0.00000E+00
# 
# # energies =   100
#    E         xs         Yield
 1.00000E-11 0.00000E+00 0.00000E+00
 2.53000E-08 0.00000E+00 0.00000E+00
 2.00000E-07 0.00000E+00 0.00000E+00
 1.00000E-06 0.00000E+00 0.00000E+00
 1.00000E-05 0.00000E+00 0.00000E+00
 1.00000E-04 0.00000E+00 0.00000E+00
 1.00000E-03 0.00000E+00 0.00000E+00
 2.00000E-03 0.00000E+00 0.00000E+00
 4.00000E-03 0.00000E+00 0.00000E+00
 7.00000E-03 0.00000E+00 0.00000E+00
 1.00000E-02 0.00000E+00 0.00000E+00
 2.00000E-02 0.00000E+00 0.00000E+00
 4.00000E-02 0.00000E+00 0.00000E+00
 7.00000E-02 0.00000E+00 0.00000E+00
 1.00000E-01 0.00000E+00 0.00000E+00
 2.00000E-01 0.00000E+00 0.00000E+00
 3.00000E-01 0.00000E+00 0.00000E+00
 4.00000E-01 0.00000E+00 0.00000E+00
 5.00000E-01 0.00000E+00 0.00000E+00
 6.00000E-01 0.00000E+00 0.00000E+00
 7.00000E-01 0.00000E+00 0.00000E+00
 8.00000E-01 0.00000E+00 0.00000E+00
 9.00000E-01 0.00000E+00 0.00000E+00
 1.00000E+00 0.00000E+00 0.00000E+00
 1.20000E+00 0.00000E+00 0.00000E+00
 1.40000E+00 1.30756E-07 6.59208E-06
 1.60000E+00 2.95279E-06 6.33176E-05
 1.80000E+00 1.97249E-05 2.31644E-04
 2.00000E+00 8.20575E-05 6.18006E-04
 2.20000E+00 2.92739E-04 1.55497E-03
 2.40000E+00 2.11402E-03 8.35258E-03
 2.60000E+00 1.57920E-02 4.68555E-02
 2.80000E+00 8.32265E-02 1.74143E-01
 3.00000E+00 3.08218E-01 3.98439E-01
 3.20000E+00 8.72845E-01 6.22249E-01
 3.40000E+00 2.04141E+00 7.76438E-01
 3.60000E+00 4.15631E+00 8.66293E-01
 3.80000E+00 7.64680E+00 9.17103E-01
 4.00000E+00 1.30420E+01 9.46612E-01
 4.20000E+00 2.09494E+01 9.64316E-01
 4.40000E+00 3.20110E+01 9.75387E-01
 4.60000E+00 4.67964E+01 9.82416E-01
 4.80000E+00 6.57538E+01 9.87007E-01
 5.00000E+00 8.90957E+01 9.90035E-01
 5.20000E+00 1.16773E+02 9.92122E-01
 5.40000E+00 1.48500E+02 9.93572E-01
 5.60000E+00 1.83705E+02 9.94477E-01
 5.80000E+00 2.21849E+02 9.95173E-01
 6.00000E+00 2.62109E+02 9.95315E-01
 6.20000E+00 3.03574E+02 9.95228E-01
 6.40000E+00 3.45496E+02 9.95069E-01
 6.60000E+00 3.86644E+02 9.94308E-01
 6.80000E+00 4.26484E+02 9.93675E-01
 7.00000E+00 4.64062E+02 9.92663E-01
 7.20000E+00 4.71251E+02 9.25056E-01
 7.40000E+00 4.80506E+02 8.80417E-01
 7.60000E+00 4.82455E+02 8.34021E-01
 7.80000E+00 4.65784E+02 7.65096E-01
 8.00000E+00 4.57019E+02 7.19974E-01
 8.50000E+00 4.46667E+02 6.48743E-01
 9.00000E+00 4.50175E+02 6.13671E-01
 9.50000E+00 4.60249E+02 5.94594E-01
 1.00000E+01 4.73788E+02 5.81378E-01
 1.05000E+01 4.83905E+02 5.71083E-01
 1.10000E+01 4.92782E+02 5.62202E-01
 1.15000E+01 5.00259E+02 5.54319E-01
 1.20000E+01 5.06924E+02 5.47733E-01
 1.25000E+01 5.12991E+02 5.42246E-01
 1.30000E+01 5.19280E+02 5.38324E-01
 1.35000E+01 5.34847E+02 5.44855E-01
 1.40000E+01 5.69429E+02 5.70950E-01
 1.45000E+01 6.18911E+02 6.11660E-01
 1.50000E+01 6.74400E+02 6.57822E-01
 1.60000E+01 7.80789E+02 7.44904E-01
 1.70000E+01 8.66369E+02 8.12711E-01
 1.80000E+01 9.30368E+02 8.62055E-01
 1.90000E+01 9.74884E+02 8.95279E-01
 2.00000E+01 1.00140E+03 9.13420E-01
 2.10000E+01 1.01267E+03 9.18536E-01
 2.20000E+01 1.01378E+03 9.14957E-01
 2.30000E+01 1.01205E+03 9.09278E-01
 2.40000E+01 1.01226E+03 9.05983E-01
 2.50000E+01 1.01592E+03 9.06658E-01
 2.60000E+01 1.02395E+03 9.12364E-01
 2.70000E+01 1.03816E+03 9.24806E-01
 2.80000E+01 1.06035E+03 9.45555E-01
 2.90000E+01 1.08806E+03 9.72338E-01
 3.00000E+01 1.11676E+03 1.00096E+00
 3.20000E+01 1.16739E+03 1.05425E+00
 3.40000E+01 1.20200E+03 1.09490E+00
 3.60000E+01 1.22285E+03 1.12427E+00
 3.80000E+01 1.23849E+03 1.14997E+00
 4.00000E+01 1.25551E+03 1.17810E+00
 4.20000E+01 1.27154E+03 1.20642E+00
 4.40000E+01 1.28453E+03 1.23275E+00
 4.60000E+01 1.29448E+03 1.25685E+00
 4.80000E+01 1.30561E+03 1.28259E+00
 5.00000E+01 1.31149E+03 1.30352E+00
 5.20000E+01 1.32067E+03 1.32800E+00
 5.40000E+01 1.32950E+03 1.35237E+00
