# p +  61Ni Total proton   production
# Q-value    = 0.00000E+00
# 
# # energies =   100
#    E         xs         Yield
 1.00000E-11 0.00000E+00 0.00000E+00
 2.53000E-08 0.00000E+00 0.00000E+00
 2.00000E-07 0.00000E+00 0.00000E+00
 1.00000E-06 0.00000E+00 0.00000E+00
 1.00000E-05 0.00000E+00 0.00000E+00
 1.00000E-04 0.00000E+00 0.00000E+00
 1.00000E-03 0.00000E+00 0.00000E+00
 2.00000E-03 0.00000E+00 0.00000E+00
 4.00000E-03 0.00000E+00 0.00000E+00
 7.00000E-03 0.00000E+00 0.00000E+00
 1.00000E-02 0.00000E+00 0.00000E+00
 2.00000E-02 0.00000E+00 0.00000E+00
 4.00000E-02 0.00000E+00 0.00000E+00
 7.00000E-02 0.00000E+00 0.00000E+00
 1.00000E-01 0.00000E+00 0.00000E+00
 2.00000E-01 0.00000E+00 0.00000E+00
 3.00000E-01 0.00000E+00 0.00000E+00
 4.00000E-01 0.00000E+00 0.00000E+00
 5.00000E-01 0.00000E+00 0.00000E+00
 6.00000E-01 0.00000E+00 0.00000E+00
 7.00000E-01 0.00000E+00 0.00000E+00
 8.00000E-01 0.00000E+00 0.00000E+00
 9.00000E-01 1.02870E-08 4.82718E-05
 1.00000E+00 2.93558E-07 3.42955E-04
 1.20000E+00 3.03790E-05 3.91232E-03
 1.40000E+00 9.40798E-04 2.38802E-02
 1.60000E+00 1.12195E-02 8.75137E-02
 1.80000E+00 6.71871E-02 2.15498E-01
 2.00000E+00 2.55037E-01 3.90975E-01
 2.20000E+00 7.27351E-01 5.69657E-01
 2.40000E+00 1.70301E+00 7.10979E-01
 2.60000E+00 3.49608E+00 8.09232E-01
 2.80000E+00 6.54540E+00 8.73939E-01
 3.00000E+00 1.14043E+01 9.15486E-01
 3.20000E+00 1.27587E+01 4.28327E-01
 3.40000E+00 1.80131E+01 3.95034E-01
 3.60000E+00 2.50680E+01 3.81369E-01
 3.80000E+00 3.49246E+01 3.92637E-01
 4.00000E+00 4.80946E+01 4.18818E-01
 4.20000E+00 5.94866E+01 4.07497E-01
 4.40000E+00 7.61913E+01 4.29592E-01
 4.60000E+00 8.68921E+01 4.07526E-01
 4.80000E+00 1.02481E+02 4.12176E-01
 5.00000E+00 1.17117E+02 4.11817E-01
 5.20000E+00 1.27188E+02 3.95882E-01
 5.40000E+00 1.39512E+02 3.91353E-01
 5.60000E+00 1.51643E+02 3.88657E-01
 5.80000E+00 1.63317E+02 3.86894E-01
 6.00000E+00 1.74671E+02 3.86325E-01
 6.20000E+00 1.85680E+02 3.86688E-01
 6.40000E+00 1.96143E+02 3.87392E-01
 6.60000E+00 2.06100E+02 3.88351E-01
 6.80000E+00 2.15354E+02 3.89044E-01
 7.00000E+00 2.23945E+02 3.89428E-01
 7.20000E+00 2.32043E+02 3.89668E-01
 7.40000E+00 2.39630E+02 3.89617E-01
 7.60000E+00 2.47087E+02 3.89782E-01
 7.80000E+00 2.54033E+02 3.89469E-01
 8.00000E+00 2.61015E+02 3.89456E-01
 8.50000E+00 2.78562E+02 3.90273E-01
 9.00000E+00 2.96925E+02 3.92939E-01
 9.50000E+00 3.18158E+02 3.99983E-01
 1.00000E+01 3.49877E+02 4.19874E-01
 1.05000E+01 3.93709E+02 4.54397E-01
 1.10000E+01 4.46784E+02 4.98659E-01
 1.15000E+01 5.05169E+02 5.47895E-01
 1.20000E+01 5.65361E+02 5.98252E-01
 1.25000E+01 6.24726E+02 6.47045E-01
 1.30000E+01 6.81209E+02 6.92306E-01
 1.35000E+01 7.33143E+02 7.32567E-01
 1.40000E+01 7.78799E+02 7.66413E-01
 1.45000E+01 8.17844E+02 7.93849E-01
 1.50000E+01 8.50927E+02 8.15840E-01
 1.60000E+01 8.95416E+02 8.40920E-01
 1.70000E+01 9.06711E+02 8.38070E-01
 1.80000E+01 9.01456E+02 8.23118E-01
 1.90000E+01 8.95242E+02 8.09657E-01
 2.00000E+01 8.91980E+02 8.00271E-01
 2.10000E+01 8.95153E+02 7.97428E-01
 2.20000E+01 9.00082E+02 7.96674E-01
 2.30000E+01 9.11786E+02 8.02537E-01
 2.40000E+01 9.32828E+02 8.17453E-01
 2.50000E+01 9.60691E+02 8.39405E-01
 2.60000E+01 9.91677E+02 8.65307E-01
 2.70000E+01 1.02138E+03 8.91325E-01
 2.80000E+01 1.04761E+03 9.15426E-01
 2.90000E+01 1.07060E+03 9.37584E-01
 3.00000E+01 1.08833E+03 9.55805E-01
 3.20000E+01 1.11149E+03 9.82709E-01
 3.40000E+01 1.12538E+03 1.00252E+00
 3.60000E+01 1.13323E+03 1.01799E+00
 3.80000E+01 1.14459E+03 1.03777E+00
 4.00000E+01 1.15804E+03 1.06060E+00
 4.20000E+01 1.17138E+03 1.08434E+00
 4.40000E+01 1.18032E+03 1.10474E+00
 4.60000E+01 1.18639E+03 1.12295E+00
 4.80000E+01 1.18965E+03 1.13882E+00
 5.00000E+01 1.18659E+03 1.14879E+00
 5.20000E+01 1.19607E+03 1.17110E+00
 5.40000E+01 1.19707E+03 1.18526E+00
