# p +  58Ni Total proton   production
# Q-value    = 0.00000E+00
# 
# # energies =   100
#    E         xs         Yield
 1.00000E-11 0.00000E+00 0.00000E+00
 2.53000E-08 0.00000E+00 0.00000E+00
 2.00000E-07 0.00000E+00 0.00000E+00
 1.00000E-06 0.00000E+00 0.00000E+00
 1.00000E-05 0.00000E+00 0.00000E+00
 1.00000E-04 0.00000E+00 0.00000E+00
 1.00000E-03 0.00000E+00 0.00000E+00
 2.00000E-03 0.00000E+00 0.00000E+00
 4.00000E-03 0.00000E+00 0.00000E+00
 7.00000E-03 0.00000E+00 0.00000E+00
 1.00000E-02 0.00000E+00 0.00000E+00
 2.00000E-02 0.00000E+00 0.00000E+00
 4.00000E-02 0.00000E+00 0.00000E+00
 7.00000E-02 0.00000E+00 0.00000E+00
 1.00000E-01 0.00000E+00 0.00000E+00
 2.00000E-01 0.00000E+00 0.00000E+00
 3.00000E-01 0.00000E+00 0.00000E+00
 4.00000E-01 0.00000E+00 0.00000E+00
 5.00000E-01 0.00000E+00 0.00000E+00
 6.00000E-01 0.00000E+00 0.00000E+00
 7.00000E-01 0.00000E+00 0.00000E+00
 8.00000E-01 0.00000E+00 0.00000E+00
 9.00000E-01 0.00000E+00 0.00000E+00
 1.00000E+00 0.00000E+00 0.00000E+00
 1.20000E+00 0.00000E+00 0.00000E+00
 1.40000E+00 2.05732E-08 3.35947E-06
 1.60000E+00 2.01372E-06 1.77807E-04
 1.80000E+00 1.35345E-05 7.68739E-04
 2.00000E+00 4.78380E-05 1.92490E-03
 2.20000E+00 1.21541E-04 3.66589E-03
 2.40000E+00 4.88999E-04 1.14345E-02
 2.60000E+00 4.16255E-03 7.34145E-02
 2.80000E+00 2.74675E-02 3.03196E-01
 3.00000E+00 1.20933E-01 6.23909E-01
 3.20000E+00 3.89496E-01 8.26754E-01
 3.40000E+00 1.00500E+00 9.18347E-01
 3.60000E+00 2.23158E+00 9.58715E-01
 3.80000E+00 4.35734E+00 9.77107E-01
 4.00000E+00 7.75187E+00 9.86360E-01
 4.20000E+00 1.28598E+01 9.91406E-01
 4.40000E+00 2.01620E+01 9.94297E-01
 4.60000E+00 3.01801E+01 9.95993E-01
 4.80000E+00 4.34564E+01 9.97107E-01
 5.00000E+00 6.05363E+01 9.97838E-01
 5.20000E+00 8.18813E+01 9.98325E-01
 5.40000E+00 1.07779E+02 9.98678E-01
 5.60000E+00 1.38270E+02 9.98936E-01
 5.80000E+00 1.73065E+02 9.99127E-01
 6.00000E+00 2.11759E+02 9.99265E-01
 6.20000E+00 2.53239E+02 9.99362E-01
 6.40000E+00 2.96392E+02 9.99435E-01
 6.60000E+00 3.39888E+02 9.99465E-01
 6.80000E+00 3.82170E+02 9.99477E-01
 7.00000E+00 4.22301E+02 9.99454E-01
 7.20000E+00 4.59450E+02 9.99323E-01
 7.40000E+00 4.93451E+02 9.99200E-01
 7.60000E+00 5.24260E+02 9.98920E-01
 7.80000E+00 5.52088E+02 9.98567E-01
 8.00000E+00 5.77422E+02 9.98199E-01
 8.50000E+00 6.58130E+02 9.96719E-01
 9.00000E+00 6.95682E+02 9.94515E-01
 9.50000E+00 7.29966E+02 9.91975E-01
 1.00000E+01 7.55020E+02 9.80238E-01
 1.05000E+01 7.80959E+02 9.73444E-01
 1.10000E+01 8.05100E+02 9.68044E-01
 1.15000E+01 8.24138E+02 9.60305E-01
 1.20000E+01 8.40007E+02 9.52544E-01
 1.25000E+01 8.53983E+02 9.45805E-01
 1.30000E+01 8.70030E+02 9.43812E-01
 1.35000E+01 8.94369E+02 9.52425E-01
 1.40000E+01 9.33681E+02 9.77734E-01
 1.45000E+01 9.91954E+02 1.02290E+00
 1.50000E+01 1.06606E+03 1.08394E+00
 1.60000E+01 1.23137E+03 1.22197E+00
 1.70000E+01 1.36928E+03 1.33353E+00
 1.80000E+01 1.45575E+03 1.39872E+00
 1.90000E+01 1.51050E+03 1.43799E+00
 2.00000E+01 1.54918E+03 1.46551E+00
 2.10000E+01 1.57633E+03 1.48425E+00
 2.20000E+01 1.59089E+03 1.49209E+00
 2.30000E+01 1.59630E+03 1.49177E+00
 2.40000E+01 1.59910E+03 1.48949E+00
 2.50000E+01 1.60195E+03 1.48809E+00
 2.60000E+01 1.61284E+03 1.49552E+00
 2.70000E+01 1.63601E+03 1.51602E+00
 2.80000E+01 1.66641E+03 1.54513E+00
 2.90000E+01 1.69904E+03 1.57819E+00
 3.00000E+01 1.72469E+03 1.60650E+00
 3.20000E+01 1.74975E+03 1.64228E+00
 3.40000E+01 1.75561E+03 1.66272E+00
 3.60000E+01 1.75699E+03 1.68012E+00
 3.80000E+01 1.75566E+03 1.69581E+00
 4.00000E+01 1.75777E+03 1.71581E+00
 4.20000E+01 1.76458E+03 1.74142E+00
 4.40000E+01 1.77393E+03 1.77053E+00
 4.60000E+01 1.77856E+03 1.79565E+00
 4.80000E+01 1.78050E+03 1.81848E+00
 5.00000E+01 1.78066E+03 1.83967E+00
 5.20000E+01 1.77782E+03 1.85776E+00
 5.40000E+01 1.77374E+03 1.87446E+00
