# p +  64Ni Reaction cross sections
# 
# 
# # energies =   100
#    E      Cross section
 1.00000E-11 0.00000E+00
 2.53000E-08 0.00000E+00
 2.00000E-07 0.00000E+00
 1.00000E-06 0.00000E+00
 1.00000E-05 0.00000E+00
 1.00000E-04 0.00000E+00
 1.00000E-03 0.00000E+00
 2.00000E-03 0.00000E+00
 4.00000E-03 0.00000E+00
 7.00000E-03 0.00000E+00
 1.00000E-02 0.00000E+00
 2.00000E-02 0.00000E+00
 4.00000E-02 0.00000E+00
 7.00000E-02 0.00000E+00
 1.00000E-01 0.00000E+00
 2.00000E-01 7.89662E-18
 3.00000E-01 4.68612E-13
 4.00000E-01 3.12009E-10
 5.00000E-01 2.55612E-08
 6.00000E-01 6.47115E-07
 7.00000E-01 7.85448E-06
 8.00000E-01 5.80734E-05
 9.00000E-01 3.01749E-04
 1.00000E+00 1.20719E-03
 1.20000E+00 1.10680E-02
 1.40000E+00 6.08222E-02
 1.60000E+00 2.36709E-01
 1.80000E+00 7.20559E-01
 2.00000E+00 1.82743E+00
 2.20000E+00 4.02664E+00
 2.40000E+00 7.93386E+00
 2.60000E+00 1.42641E+01
 2.80000E+00 2.37405E+01
 3.00000E+00 3.69671E+01
 3.20000E+00 5.42942E+01
 3.40000E+00 7.57272E+01
 3.60000E+00 1.00925E+02
 3.80000E+00 1.29294E+02
 4.00000E+00 1.60136E+02
 4.20000E+00 1.92768E+02
 4.40000E+00 2.26586E+02
 4.60000E+00 2.61060E+02
 4.80000E+00 2.95710E+02
 5.00000E+00 3.30087E+02
 5.20000E+00 3.63774E+02
 5.40000E+00 3.96411E+02
 5.60000E+00 4.27713E+02
 5.80000E+00 4.57496E+02
 6.00000E+00 4.85679E+02
 6.20000E+00 5.12278E+02
 6.40000E+00 5.37390E+02
 6.60000E+00 5.61167E+02
 6.80000E+00 5.83793E+02
 7.00000E+00 6.05461E+02
 7.20000E+00 6.26352E+02
 7.40000E+00 6.46624E+02
 7.60000E+00 6.66404E+02
 7.80000E+00 6.85784E+02
 8.00000E+00 7.04817E+02
 8.50000E+00 7.50970E+02
 9.00000E+00 7.94718E+02
 9.50000E+00 8.35293E+02
 1.00000E+01 8.71995E+02
 1.05000E+01 9.04520E+02
 1.10000E+01 9.33016E+02
 1.15000E+01 9.57954E+02
 1.20000E+01 9.79948E+02
 1.25000E+01 9.99583E+02
 1.30000E+01 1.01732E+03
 1.35000E+01 1.03346E+03
 1.40000E+01 1.04818E+03
 1.45000E+01 1.06156E+03
 1.50000E+01 1.07366E+03
 1.60000E+01 1.09420E+03
 1.70000E+01 1.11043E+03
 1.80000E+01 1.12332E+03
 1.90000E+01 1.13400E+03
 2.00000E+01 1.14341E+03
 2.10000E+01 1.15205E+03
 2.20000E+01 1.15985E+03
 2.30000E+01 1.16638E+03
 2.40000E+01 1.17112E+03
 2.50000E+01 1.17379E+03
 2.60000E+01 1.17442E+03
 2.70000E+01 1.17332E+03
 2.80000E+01 1.17094E+03
 2.90000E+01 1.16773E+03
 3.00000E+01 1.16401E+03
 3.20000E+01 1.15582E+03
 3.40000E+01 1.14692E+03
 3.60000E+01 1.13710E+03
 3.80000E+01 1.12624E+03
 4.00000E+01 1.11455E+03
 4.20000E+01 1.10237E+03
 4.40000E+01 1.09001E+03
 4.60000E+01 1.07766E+03
 4.80000E+01 1.06543E+03
 5.00000E+01 1.05335E+03
 5.20000E+01 1.04147E+03
 5.40000E+01 1.02982E+03
