# p +  58Ni Reaction cross sections
# 
# 
# # energies =   100
#    E      Cross section
 1.00000E-11 0.00000E+00
 2.53000E-08 0.00000E+00
 2.00000E-07 0.00000E+00
 1.00000E-06 0.00000E+00
 1.00000E-05 0.00000E+00
 1.00000E-04 0.00000E+00
 1.00000E-03 0.00000E+00
 2.00000E-03 0.00000E+00
 4.00000E-03 0.00000E+00
 7.00000E-03 0.00000E+00
 1.00000E-02 0.00000E+00
 2.00000E-02 0.00000E+00
 4.00000E-02 0.00000E+00
 7.00000E-02 0.00000E+00
 1.00000E-01 0.00000E+00
 2.00000E-01 3.57719E-18
 3.00000E-01 2.12758E-13
 4.00000E-01 1.42034E-10
 5.00000E-01 1.16714E-08
 6.00000E-01 2.96518E-07
 7.00000E-01 3.61331E-06
 8.00000E-01 2.68321E-05
 9.00000E-01 1.40084E-04
 1.00000E+00 5.63332E-04
 1.20000E+00 5.22487E-03
 1.40000E+00 2.90989E-02
 1.60000E+00 1.14994E-01
 1.80000E+00 3.56238E-01
 2.00000E+00 9.21830E-01
 2.20000E+00 2.07909E+00
 2.40000E+00 4.20931E+00
 2.60000E+00 7.81270E+00
 2.80000E+00 1.34954E+01
 3.00000E+00 2.19325E+01
 3.20000E+00 3.37978E+01
 3.40000E+00 4.96596E+01
 3.60000E+00 6.98564E+01
 3.80000E+00 9.43920E+01
 4.00000E+00 1.22904E+02
 4.20000E+00 1.54727E+02
 4.40000E+00 1.89043E+02
 4.60000E+00 2.25020E+02
 4.80000E+00 2.61906E+02
 5.00000E+00 2.99032E+02
 5.20000E+00 3.35791E+02
 5.40000E+00 3.71614E+02
 5.60000E+00 4.05982E+02
 5.80000E+00 4.38446E+02
 6.00000E+00 4.68669E+02
 6.20000E+00 4.96444E+02
 6.40000E+00 5.21705E+02
 6.60000E+00 5.44517E+02
 6.80000E+00 5.65052E+02
 7.00000E+00 5.83563E+02
 7.20000E+00 6.00350E+02
 7.40000E+00 6.15728E+02
 7.60000E+00 6.30008E+02
 7.80000E+00 6.43475E+02
 8.00000E+00 6.56376E+02
 8.50000E+00 6.87389E+02
 9.00000E+00 7.18037E+02
 9.50000E+00 7.48867E+02
 1.00000E+01 7.79467E+02
 1.05000E+01 8.09002E+02
 1.10000E+01 8.36660E+02
 1.15000E+01 8.61909E+02
 1.20000E+01 8.84616E+02
 1.25000E+01 9.04970E+02
 1.30000E+01 9.23351E+02
 1.35000E+01 9.40178E+02
 1.40000E+01 9.55786E+02
 1.45000E+01 9.70369E+02
 1.50000E+01 9.83973E+02
 1.60000E+01 1.00795E+03
 1.70000E+01 1.02695E+03
 1.80000E+01 1.04085E+03
 1.90000E+01 1.05047E+03
 2.00000E+01 1.05711E+03
 2.10000E+01 1.06205E+03
 2.20000E+01 1.06622E+03
 2.30000E+01 1.07007E+03
 2.40000E+01 1.07359E+03
 2.50000E+01 1.07651E+03
 2.60000E+01 1.07845E+03
 2.70000E+01 1.07915E+03
 2.80000E+01 1.07849E+03
 2.90000E+01 1.07657E+03
 3.00000E+01 1.07357E+03
 3.20000E+01 1.06544E+03
 3.40000E+01 1.05587E+03
 3.60000E+01 1.04575E+03
 3.80000E+01 1.03529E+03
 4.00000E+01 1.02446E+03
 4.20000E+01 1.01330E+03
 4.40000E+01 1.00192E+03
 4.60000E+01 9.90478E+02
 4.80000E+01 9.79117E+02
 5.00000E+01 9.67928E+02
 5.20000E+01 9.56967E+02
 5.40000E+01 9.46265E+02
