# p +  62Ni Reaction cross sections
# 
# 
# # energies =   100
#    E      Cross section
 1.00000E-11 0.00000E+00
 2.53000E-08 0.00000E+00
 2.00000E-07 0.00000E+00
 1.00000E-06 0.00000E+00
 1.00000E-05 0.00000E+00
 1.00000E-04 0.00000E+00
 1.00000E-03 0.00000E+00
 2.00000E-03 0.00000E+00
 4.00000E-03 0.00000E+00
 7.00000E-03 0.00000E+00
 1.00000E-02 0.00000E+00
 2.00000E-02 0.00000E+00
 4.00000E-02 0.00000E+00
 7.00000E-02 0.00000E+00
 1.00000E-01 0.00000E+00
 2.00000E-01 6.02332E-18
 3.00000E-01 3.57147E-13
 4.00000E-01 2.37625E-10
 5.00000E-01 1.94577E-08
 6.00000E-01 4.92442E-07
 7.00000E-01 5.97647E-06
 8.00000E-01 4.41905E-05
 9.00000E-01 2.29664E-04
 1.00000E+00 9.19218E-04
 1.20000E+00 8.44059E-03
 1.40000E+00 4.64960E-02
 1.60000E+00 1.81575E-01
 1.80000E+00 5.55283E-01
 2.00000E+00 1.41670E+00
 2.20000E+00 3.14565E+00
 2.40000E+00 6.25836E+00
 2.60000E+00 1.13883E+01
 2.80000E+00 1.92346E+01
 3.00000E+00 3.04747E+01
 3.20000E+00 4.56471E+01
 3.40000E+00 6.50314E+01
 3.60000E+00 8.85671E+01
 3.80000E+00 1.15856E+02
 4.00000E+00 1.46253E+02
 4.20000E+00 1.79011E+02
 4.40000E+00 2.13394E+02
 4.60000E+00 2.48748E+02
 4.80000E+00 2.84497E+02
 5.00000E+00 3.20119E+02
 5.20000E+00 3.55131E+02
 5.40000E+00 3.89091E+02
 5.60000E+00 4.21620E+02
 5.80000E+00 4.52428E+02
 6.00000E+00 4.81333E+02
 6.20000E+00 5.08268E+02
 6.40000E+00 5.33273E+02
 6.60000E+00 5.56478E+02
 6.80000E+00 5.78073E+02
 7.00000E+00 5.98286E+02
 7.20000E+00 6.17356E+02
 7.40000E+00 6.35512E+02
 7.60000E+00 6.52963E+02
 7.80000E+00 6.69881E+02
 8.00000E+00 6.86403E+02
 8.50000E+00 7.26536E+02
 9.00000E+00 7.65344E+02
 9.50000E+00 8.02514E+02
 1.00000E+01 8.37353E+02
 1.05000E+01 8.69239E+02
 1.10000E+01 8.97876E+02
 1.15000E+01 9.23339E+02
 1.20000E+01 9.45986E+02
 1.25000E+01 9.66294E+02
 1.30000E+01 9.84725E+02
 1.35000E+01 1.00162E+03
 1.40000E+01 1.01719E+03
 1.45000E+01 1.03150E+03
 1.50000E+01 1.04454E+03
 1.60000E+01 1.06676E+03
 1.70000E+01 1.08395E+03
 1.80000E+01 1.09692E+03
 1.90000E+01 1.10687E+03
 2.00000E+01 1.11499E+03
 2.10000E+01 1.12216E+03
 2.20000E+01 1.12873E+03
 2.30000E+01 1.13462E+03
 2.40000E+01 1.13945E+03
 2.50000E+01 1.14283E+03
 2.60000E+01 1.14455E+03
 2.70000E+01 1.14461E+03
 2.80000E+01 1.14324E+03
 2.90000E+01 1.14074E+03
 3.00000E+01 1.13745E+03
 3.20000E+01 1.12953E+03
 3.40000E+01 1.12066E+03
 3.60000E+01 1.11110E+03
 3.80000E+01 1.10080E+03
 4.00000E+01 1.08980E+03
 4.20000E+01 1.07830E+03
 4.40000E+01 1.06653E+03
 4.60000E+01 1.05470E+03
 4.80000E+01 1.04292E+03
 5.00000E+01 1.03129E+03
 5.20000E+01 1.01983E+03
 5.40000E+01 1.00858E+03
