# p +  60Ni Reaction cross sections
# 
# 
# # energies =   100
#    E      Cross section
 1.00000E-11 0.00000E+00
 2.53000E-08 0.00000E+00
 2.00000E-07 0.00000E+00
 1.00000E-06 0.00000E+00
 1.00000E-05 0.00000E+00
 1.00000E-04 0.00000E+00
 1.00000E-03 0.00000E+00
 2.00000E-03 0.00000E+00
 4.00000E-03 0.00000E+00
 7.00000E-03 0.00000E+00
 1.00000E-02 0.00000E+00
 2.00000E-02 0.00000E+00
 4.00000E-02 0.00000E+00
 7.00000E-02 0.00000E+00
 1.00000E-01 0.00000E+00
 2.00000E-01 4.93353E-18
 3.00000E-01 2.93542E-13
 4.00000E-01 1.95991E-10
 5.00000E-01 1.61039E-08
 6.00000E-01 4.08989E-07
 7.00000E-01 4.98111E-06
 8.00000E-01 3.69608E-05
 9.00000E-01 1.92777E-04
 1.00000E+00 7.74299E-04
 1.20000E+00 7.16112E-03
 1.40000E+00 3.97364E-02
 1.60000E+00 1.56335E-01
 1.80000E+00 4.81749E-01
 2.00000E+00 1.23883E+00
 2.20000E+00 2.77333E+00
 2.40000E+00 5.56564E+00
 2.60000E+00 1.02213E+01
 2.80000E+00 1.74330E+01
 3.00000E+00 2.79065E+01
 3.20000E+00 4.22492E+01
 3.40000E+00 6.08409E+01
 3.60000E+00 8.37252E+01
 3.80000E+00 1.10575E+02
 4.00000E+00 1.40762E+02
 4.20000E+00 1.73499E+02
 4.40000E+00 2.07994E+02
 4.60000E+00 2.43537E+02
 4.80000E+00 2.79515E+02
 5.00000E+00 3.15388E+02
 5.20000E+00 3.50657E+02
 5.40000E+00 3.84860E+02
 5.60000E+00 4.17591E+02
 5.80000E+00 4.48526E+02
 6.00000E+00 4.77449E+02
 6.20000E+00 5.04264E+02
 6.40000E+00 5.28990E+02
 6.60000E+00 5.51747E+02
 6.80000E+00 5.72729E+02
 7.00000E+00 5.92177E+02
 7.20000E+00 6.10352E+02
 7.40000E+00 6.27512E+02
 7.60000E+00 6.43892E+02
 7.80000E+00 6.59699E+02
 8.00000E+00 6.75098E+02
 8.50000E+00 7.12547E+02
 9.00000E+00 7.49104E+02
 9.50000E+00 7.84643E+02
 1.00000E+01 8.18482E+02
 1.05000E+01 8.49886E+02
 1.10000E+01 8.78365E+02
 1.15000E+01 9.03821E+02
 1.20000E+01 9.26483E+02
 1.25000E+01 9.46774E+02
 1.30000E+01 9.65159E+02
 1.35000E+01 9.82026E+02
 1.40000E+01 9.97628E+02
 1.45000E+01 1.01207E+03
 1.50000E+01 1.02536E+03
 1.60000E+01 1.04826E+03
 1.70000E+01 1.06607E+03
 1.80000E+01 1.07927E+03
 1.90000E+01 1.08893E+03
 2.00000E+01 1.09633E+03
 2.10000E+01 1.10249E+03
 2.20000E+01 1.10801E+03
 2.30000E+01 1.11303E+03
 2.40000E+01 1.11731E+03
 2.50000E+01 1.12051E+03
 2.60000E+01 1.12230E+03
 2.70000E+01 1.12257E+03
 2.80000E+01 1.12140E+03
 2.90000E+01 1.11901E+03
 3.00000E+01 1.11569E+03
 3.20000E+01 1.10732E+03
 3.40000E+01 1.09781E+03
 3.60000E+01 1.08768E+03
 3.80000E+01 1.07698E+03
 4.00000E+01 1.06571E+03
 4.20000E+01 1.05398E+03
 4.40000E+01 1.04200E+03
 4.60000E+01 1.02994E+03
 4.80000E+01 1.01795E+03
 5.00000E+01 1.00612E+03
 5.20000E+01 9.94486E+02
 5.40000E+01 9.83093E+02
