# p +  61Ni Reaction cross sections
# 
# 
# # energies =   100
#    E      Cross section
 1.00000E-11 0.00000E+00
 2.53000E-08 0.00000E+00
 2.00000E-07 0.00000E+00
 1.00000E-06 0.00000E+00
 1.00000E-05 0.00000E+00
 1.00000E-04 0.00000E+00
 1.00000E-03 0.00000E+00
 2.00000E-03 0.00000E+00
 4.00000E-03 0.00000E+00
 7.00000E-03 0.00000E+00
 1.00000E-02 0.00000E+00
 2.00000E-02 0.00000E+00
 4.00000E-02 0.00000E+00
 7.00000E-02 0.00000E+00
 1.00000E-01 0.00000E+00
 2.00000E-01 5.36671E-18
 3.00000E-01 3.20135E-13
 4.00000E-01 2.14284E-10
 5.00000E-01 1.76506E-08
 6.00000E-01 4.49356E-07
 7.00000E-01 5.48570E-06
 8.00000E-01 4.07995E-05
 9.00000E-01 2.13282E-04
 1.00000E+00 8.58578E-04
 1.20000E+00 7.97459E-03
 1.40000E+00 4.44290E-02
 1.60000E+00 1.75453E-01
 1.80000E+00 5.42497E-01
 2.00000E+00 1.39915E+00
 2.20000E+00 3.13957E+00
 2.40000E+00 6.31002E+00
 2.60000E+00 1.15926E+01
 2.80000E+00 1.97498E+01
 3.00000E+00 3.15223E+01
 3.20000E+00 4.74840E+01
 3.40000E+00 6.78906E+01
 3.60000E+00 9.25832E+01
 3.80000E+00 1.21008E+02
 4.00000E+00 1.52359E+02
 4.20000E+00 1.85767E+02
 4.40000E+00 2.20451E+02
 4.60000E+00 2.55766E+02
 4.80000E+00 2.91177E+02
 5.00000E+00 3.26210E+02
 5.20000E+00 3.60428E+02
 5.40000E+00 3.93432E+02
 5.60000E+00 4.24883E+02
 5.80000E+00 4.54535E+02
 6.00000E+00 4.82254E+02
 6.20000E+00 5.08020E+02
 6.40000E+00 5.31919E+02
 6.60000E+00 5.54120E+02
 6.80000E+00 5.74846E+02
 7.00000E+00 5.94344E+02
 7.20000E+00 6.12863E+02
 7.40000E+00 6.30636E+02
 7.60000E+00 6.47861E+02
 7.80000E+00 6.64702E+02
 8.00000E+00 6.81277E+02
 8.50000E+00 7.21977E+02
 9.00000E+00 7.61708E+02
 9.50000E+00 7.99871E+02
 1.00000E+01 8.35573E+02
 1.05000E+01 8.68107E+02
 1.10000E+01 8.97172E+02
 1.15000E+01 9.22881E+02
 1.20000E+01 9.45635E+02
 1.25000E+01 9.65941E+02
 1.30000E+01 9.84276E+02
 1.35000E+01 1.00100E+03
 1.40000E+01 1.01631E+03
 1.45000E+01 1.03033E+03
 1.50000E+01 1.04308E+03
 1.60000E+01 1.06484E+03
 1.70000E+01 1.08192E+03
 1.80000E+01 1.09518E+03
 1.90000E+01 1.10571E+03
 2.00000E+01 1.11460E+03
 2.10000E+01 1.12255E+03
 2.20000E+01 1.12980E+03
 2.30000E+01 1.13613E+03
 2.40000E+01 1.14114E+03
 2.50000E+01 1.14449E+03
 2.60000E+01 1.14604E+03
 2.70000E+01 1.14591E+03
 2.80000E+01 1.14440E+03
 2.90000E+01 1.14187E+03
 3.00000E+01 1.13865E+03
 3.20000E+01 1.13105E+03
 3.40000E+01 1.12255E+03
 3.60000E+01 1.11320E+03
 3.80000E+01 1.10293E+03
 4.00000E+01 1.09187E+03
 4.20000E+01 1.08027E+03
 4.40000E+01 1.06841E+03
 4.60000E+01 1.05649E+03
 4.80000E+01 1.04463E+03
 5.00000E+01 1.03290E+03
 5.20000E+01 1.02133E+03
 5.40000E+01 1.00997E+03
