# p +  62Ni: Production of  62Cu - Total
# Q-value    =-4.74125E+00 mass=  61.932595
# E-threshold= 4.81837E+00
# # energies =   100
#     E          xs
 1.00000E-11 0.00000E+00
 2.53000E-08 0.00000E+00
 2.00000E-07 0.00000E+00
 1.00000E-06 0.00000E+00
 1.00000E-05 0.00000E+00
 1.00000E-04 0.00000E+00
 1.00000E-03 0.00000E+00
 2.00000E-03 0.00000E+00
 4.00000E-03 0.00000E+00
 7.00000E-03 0.00000E+00
 1.00000E-02 0.00000E+00
 2.00000E-02 0.00000E+00
 4.00000E-02 0.00000E+00
 7.00000E-02 0.00000E+00
 1.00000E-01 0.00000E+00
 2.00000E-01 0.00000E+00
 3.00000E-01 0.00000E+00
 4.00000E-01 0.00000E+00
 5.00000E-01 0.00000E+00
 6.00000E-01 0.00000E+00
 7.00000E-01 0.00000E+00
 8.00000E-01 0.00000E+00
 9.00000E-01 0.00000E+00
 1.00000E+00 0.00000E+00
 1.20000E+00 0.00000E+00
 1.40000E+00 0.00000E+00
 1.60000E+00 0.00000E+00
 1.80000E+00 0.00000E+00
 2.00000E+00 0.00000E+00
 2.20000E+00 0.00000E+00
 2.40000E+00 0.00000E+00
 2.60000E+00 0.00000E+00
 2.80000E+00 0.00000E+00
 3.00000E+00 0.00000E+00
 3.20000E+00 0.00000E+00
 3.40000E+00 0.00000E+00
 3.60000E+00 0.00000E+00
 3.80000E+00 0.00000E+00
 4.00000E+00 0.00000E+00
 4.20000E+00 0.00000E+00
 4.40000E+00 0.00000E+00
 4.60000E+00 0.00000E+00
 4.80000E+00 0.00000E+00
 5.00000E+00 9.65620E+01
 5.20000E+00 1.68081E+02
 5.40000E+00 2.27846E+02
 5.60000E+00 2.90924E+02
 5.80000E+00 3.38709E+02
 6.00000E+00 3.77094E+02
 6.20000E+00 4.08676E+02
 6.40000E+00 4.34833E+02
 6.60000E+00 4.56637E+02
 6.80000E+00 4.74899E+02
 7.00000E+00 4.90310E+02
 7.20000E+00 5.03510E+02
 7.40000E+00 5.14951E+02
 7.60000E+00 5.25078E+02
 7.80000E+00 5.34188E+02
 8.00000E+00 5.42532E+02
 8.50000E+00 5.61649E+02
 9.00000E+00 5.79278E+02
 9.50000E+00 5.96415E+02
 1.00000E+01 6.13111E+02
 1.05000E+01 6.29079E+02
 1.10000E+01 6.44100E+02
 1.15000E+01 6.58381E+02
 1.20000E+01 6.71117E+02
 1.25000E+01 6.77377E+02
 1.30000E+01 6.56671E+02
 1.35000E+01 6.03165E+02
 1.40000E+01 5.29778E+02
 1.45000E+01 4.50848E+02
 1.50000E+01 3.76316E+02
 1.60000E+01 2.56209E+02
 1.70000E+01 1.75011E+02
 1.80000E+01 1.23768E+02
 1.90000E+01 9.19243E+01
 2.00000E+01 7.36467E+01
 2.10000E+01 6.24685E+01
 2.20000E+01 5.54432E+01
 2.30000E+01 5.06021E+01
 2.40000E+01 4.69220E+01
 2.50000E+01 4.39975E+01
 2.60000E+01 4.14698E+01
 2.70000E+01 3.90774E+01
 2.80000E+01 3.70066E+01
 2.90000E+01 3.51537E+01
 3.00000E+01 3.32565E+01
 3.20000E+01 2.98466E+01
 3.40000E+01 2.68862E+01
 3.60000E+01 2.42582E+01
 3.80000E+01 2.20668E+01
 4.00000E+01 2.01818E+01
 4.20000E+01 1.85979E+01
 4.40000E+01 1.69403E+01
 4.60000E+01 1.58140E+01
 4.80000E+01 1.47794E+01
 5.00000E+01 1.35499E+01
 5.20000E+01 1.27791E+01
 5.40000E+01 1.21163E+01
