# p +  58Ni: Production of  54Fe - Total
# Q-value    =-6.39917E+00 mass=  53.939608
# E-threshold= 6.51042E+00
# # energies =   100
#     E          xs
 1.00000E-11 0.00000E+00
 2.53000E-08 0.00000E+00
 2.00000E-07 0.00000E+00
 1.00000E-06 0.00000E+00
 1.00000E-05 0.00000E+00
 1.00000E-04 0.00000E+00
 1.00000E-03 0.00000E+00
 2.00000E-03 0.00000E+00
 4.00000E-03 0.00000E+00
 7.00000E-03 0.00000E+00
 1.00000E-02 0.00000E+00
 2.00000E-02 0.00000E+00
 4.00000E-02 0.00000E+00
 7.00000E-02 0.00000E+00
 1.00000E-01 0.00000E+00
 2.00000E-01 0.00000E+00
 3.00000E-01 0.00000E+00
 4.00000E-01 0.00000E+00
 5.00000E-01 0.00000E+00
 6.00000E-01 0.00000E+00
 7.00000E-01 0.00000E+00
 8.00000E-01 0.00000E+00
 9.00000E-01 0.00000E+00
 1.00000E+00 0.00000E+00
 1.20000E+00 0.00000E+00
 1.40000E+00 0.00000E+00
 1.60000E+00 0.00000E+00
 1.80000E+00 0.00000E+00
 2.00000E+00 0.00000E+00
 2.20000E+00 0.00000E+00
 2.40000E+00 0.00000E+00
 2.60000E+00 0.00000E+00
 2.80000E+00 0.00000E+00
 3.00000E+00 0.00000E+00
 3.20000E+00 0.00000E+00
 3.40000E+00 0.00000E+00
 3.60000E+00 0.00000E+00
 3.80000E+00 0.00000E+00
 4.00000E+00 0.00000E+00
 4.20000E+00 0.00000E+00
 4.40000E+00 0.00000E+00
 4.60000E+00 0.00000E+00
 4.80000E+00 0.00000E+00
 5.00000E+00 0.00000E+00
 5.20000E+00 0.00000E+00
 5.40000E+00 0.00000E+00
 5.60000E+00 0.00000E+00
 5.80000E+00 0.00000E+00
 6.00000E+00 0.00000E+00
 6.20000E+00 0.00000E+00
 6.40000E+00 0.00000E+00
 6.60000E+00 0.00000E+00
 6.80000E+00 0.00000E+00
 7.00000E+00 0.00000E+00
 7.20000E+00 0.00000E+00
 7.40000E+00 0.00000E+00
 7.60000E+00 0.00000E+00
 7.80000E+00 0.00000E+00
 8.00000E+00 0.00000E+00
 8.50000E+00 0.00000E+00
 9.00000E+00 0.00000E+00
 9.50000E+00 0.00000E+00
 1.00000E+01 0.00000E+00
 1.05000E+01 0.00000E+00
 1.10000E+01 0.00000E+00
 1.15000E+01 0.00000E+00
 1.20000E+01 0.00000E+00
 1.25000E+01 0.00000E+00
 1.30000E+01 2.60459E-03
 1.35000E+01 1.22314E-02
 1.40000E+01 4.68940E-02
 1.45000E+01 1.57017E-01
 1.50000E+01 4.38686E-01
 1.60000E+01 2.14271E+00
 1.70000E+01 6.46105E+00
 1.80000E+01 1.35191E+01
 1.90000E+01 2.21956E+01
 2.00000E+01 3.10568E+01
 2.10000E+01 3.90560E+01
 2.20000E+01 4.59862E+01
 2.30000E+01 5.21353E+01
 2.40000E+01 5.74970E+01
 2.50000E+01 6.18699E+01
 2.60000E+01 6.49065E+01
 2.70000E+01 6.65345E+01
 2.80000E+01 6.70092E+01
 2.90000E+01 6.63053E+01
 3.00000E+01 6.44969E+01
 3.20000E+01 5.68538E+01
 3.40000E+01 4.60169E+01
 3.60000E+01 3.60897E+01
 3.80000E+01 2.86791E+01
 4.00000E+01 2.36937E+01
 4.20000E+01 2.06440E+01
 4.40000E+01 1.89302E+01
 4.60000E+01 1.85802E+01
 4.80000E+01 1.93851E+01
 5.00000E+01 2.20322E+01
 5.20000E+01 2.70605E+01
 5.40000E+01 3.58095E+01
