# p +  64Ni: Production of  60Co - Ground state
# Q-value    =-8.65586E+00 mass=  59.933816
# E-threshold= 8.79225E+00
# # energies =   100
#     E          xs      Branching
 1.00000E-11 0.00000E+00 0.00000E+00
 2.53000E-08 0.00000E+00 0.00000E+00
 2.00000E-07 0.00000E+00 0.00000E+00
 1.00000E-06 0.00000E+00 0.00000E+00
 1.00000E-05 0.00000E+00 0.00000E+00
 1.00000E-04 0.00000E+00 0.00000E+00
 1.00000E-03 0.00000E+00 0.00000E+00
 2.00000E-03 0.00000E+00 0.00000E+00
 4.00000E-03 0.00000E+00 0.00000E+00
 7.00000E-03 0.00000E+00 0.00000E+00
 1.00000E-02 0.00000E+00 0.00000E+00
 2.00000E-02 0.00000E+00 0.00000E+00
 4.00000E-02 0.00000E+00 0.00000E+00
 7.00000E-02 0.00000E+00 0.00000E+00
 1.00000E-01 0.00000E+00 0.00000E+00
 2.00000E-01 0.00000E+00 0.00000E+00
 3.00000E-01 0.00000E+00 0.00000E+00
 4.00000E-01 0.00000E+00 0.00000E+00
 5.00000E-01 0.00000E+00 0.00000E+00
 6.00000E-01 0.00000E+00 0.00000E+00
 7.00000E-01 0.00000E+00 0.00000E+00
 8.00000E-01 0.00000E+00 0.00000E+00
 9.00000E-01 0.00000E+00 0.00000E+00
 1.00000E+00 0.00000E+00 0.00000E+00
 1.20000E+00 0.00000E+00 0.00000E+00
 1.40000E+00 0.00000E+00 0.00000E+00
 1.60000E+00 0.00000E+00 0.00000E+00
 1.80000E+00 0.00000E+00 0.00000E+00
 2.00000E+00 0.00000E+00 0.00000E+00
 2.20000E+00 0.00000E+00 0.00000E+00
 2.40000E+00 0.00000E+00 0.00000E+00
 2.60000E+00 0.00000E+00 0.00000E+00
 2.80000E+00 0.00000E+00 0.00000E+00
 3.00000E+00 0.00000E+00 0.00000E+00
 3.20000E+00 0.00000E+00 0.00000E+00
 3.40000E+00 0.00000E+00 0.00000E+00
 3.60000E+00 0.00000E+00 0.00000E+00
 3.80000E+00 0.00000E+00 0.00000E+00
 4.00000E+00 0.00000E+00 0.00000E+00
 4.20000E+00 0.00000E+00 0.00000E+00
 4.40000E+00 0.00000E+00 0.00000E+00
 4.60000E+00 0.00000E+00 0.00000E+00
 4.80000E+00 0.00000E+00 0.00000E+00
 5.00000E+00 0.00000E+00 0.00000E+00
 5.20000E+00 0.00000E+00 0.00000E+00
 5.40000E+00 0.00000E+00 0.00000E+00
 5.60000E+00 0.00000E+00 0.00000E+00
 5.80000E+00 0.00000E+00 0.00000E+00
 6.00000E+00 0.00000E+00 0.00000E+00
 6.20000E+00 0.00000E+00 0.00000E+00
 6.40000E+00 0.00000E+00 0.00000E+00
 6.60000E+00 0.00000E+00 0.00000E+00
 6.80000E+00 0.00000E+00 0.00000E+00
 7.00000E+00 0.00000E+00 0.00000E+00
 7.20000E+00 0.00000E+00 0.00000E+00
 7.40000E+00 0.00000E+00 0.00000E+00
 7.60000E+00 0.00000E+00 0.00000E+00
 7.80000E+00 0.00000E+00 0.00000E+00
 8.00000E+00 0.00000E+00 0.00000E+00
 8.50000E+00 0.00000E+00 0.00000E+00
 9.00000E+00 0.00000E+00 0.00000E+00
 9.50000E+00 0.00000E+00 0.00000E+00
 1.00000E+01 0.00000E+00 0.00000E+00
 1.05000E+01 0.00000E+00 0.00000E+00
 1.10000E+01 0.00000E+00 0.00000E+00
 1.15000E+01 0.00000E+00 0.00000E+00
 1.20000E+01 0.00000E+00 0.00000E+00
 1.25000E+01 0.00000E+00 0.00000E+00
 1.30000E+01 0.00000E+00 0.00000E+00
 1.35000E+01 7.95201E-04 6.93976E-01
 1.40000E+01 4.66716E-03 6.18932E-01
 1.45000E+01 1.69227E-02 5.14541E-01
 1.50000E+01 6.81362E-02 5.10594E-01
 1.60000E+01 6.02137E-01 5.39524E-01
 1.70000E+01 2.13717E+00 5.08795E-01
 1.80000E+01 4.77570E+00 4.98364E-01
 1.90000E+01 7.84207E+00 4.86321E-01
 2.00000E+01 1.08120E+01 4.81231E-01
 2.10000E+01 1.34674E+01 4.80775E-01
 2.20000E+01 1.57475E+01 4.85367E-01
 2.30000E+01 1.76107E+01 4.89743E-01
 2.40000E+01 1.95346E+01 5.01142E-01
 2.50000E+01 2.06462E+01 5.14032E-01
 2.60000E+01 2.07627E+01 5.26159E-01
 2.70000E+01 1.98568E+01 5.41340E-01
 2.80000E+01 1.84478E+01 5.49789E-01
 2.90000E+01 1.58402E+01 5.62832E-01
 3.00000E+01 1.37868E+01 5.74887E-01
 3.20000E+01 9.99573E+00 5.85710E-01
 3.40000E+01 7.75884E+00 5.90834E-01
 3.60000E+01 6.29203E+00 5.87337E-01
 3.80000E+01 5.03547E+00 5.90645E-01
 4.00000E+01 4.29194E+00 5.96324E-01
 4.20000E+01 4.08783E+00 5.91231E-01
 4.40000E+01 4.11232E+00 5.85564E-01
 4.60000E+01 4.82553E+00 6.03203E-01
 4.80000E+01 6.24704E+00 6.01107E-01
 5.00000E+01 8.24220E+00 6.13006E-01
 5.20000E+01 1.08247E+01 6.18948E-01
 5.40000E+01 1.70027E+01 6.32969E-01
