# p +  62Ni: Production of  60Ni - Total
# Q-value    =-9.93402E+00 mass=  59.930785
# E-threshold= 1.00956E+01
# # energies =   100
#     E          xs
 1.00000E-11 0.00000E+00
 2.53000E-08 0.00000E+00
 2.00000E-07 0.00000E+00
 1.00000E-06 0.00000E+00
 1.00000E-05 0.00000E+00
 1.00000E-04 0.00000E+00
 1.00000E-03 0.00000E+00
 2.00000E-03 0.00000E+00
 4.00000E-03 0.00000E+00
 7.00000E-03 0.00000E+00
 1.00000E-02 0.00000E+00
 2.00000E-02 0.00000E+00
 4.00000E-02 0.00000E+00
 7.00000E-02 0.00000E+00
 1.00000E-01 0.00000E+00
 2.00000E-01 0.00000E+00
 3.00000E-01 0.00000E+00
 4.00000E-01 0.00000E+00
 5.00000E-01 0.00000E+00
 6.00000E-01 0.00000E+00
 7.00000E-01 0.00000E+00
 8.00000E-01 0.00000E+00
 9.00000E-01 0.00000E+00
 1.00000E+00 0.00000E+00
 1.20000E+00 0.00000E+00
 1.40000E+00 0.00000E+00
 1.60000E+00 0.00000E+00
 1.80000E+00 0.00000E+00
 2.00000E+00 0.00000E+00
 2.20000E+00 0.00000E+00
 2.40000E+00 0.00000E+00
 2.60000E+00 0.00000E+00
 2.80000E+00 0.00000E+00
 3.00000E+00 0.00000E+00
 3.20000E+00 0.00000E+00
 3.40000E+00 0.00000E+00
 3.60000E+00 0.00000E+00
 3.80000E+00 0.00000E+00
 4.00000E+00 0.00000E+00
 4.20000E+00 0.00000E+00
 4.40000E+00 0.00000E+00
 4.60000E+00 0.00000E+00
 4.80000E+00 0.00000E+00
 5.00000E+00 0.00000E+00
 5.20000E+00 0.00000E+00
 5.40000E+00 0.00000E+00
 5.60000E+00 0.00000E+00
 5.80000E+00 0.00000E+00
 6.00000E+00 0.00000E+00
 6.20000E+00 0.00000E+00
 6.40000E+00 0.00000E+00
 6.60000E+00 0.00000E+00
 6.80000E+00 0.00000E+00
 7.00000E+00 0.00000E+00
 7.20000E+00 0.00000E+00
 7.40000E+00 0.00000E+00
 7.60000E+00 0.00000E+00
 7.80000E+00 0.00000E+00
 8.00000E+00 0.00000E+00
 8.50000E+00 0.00000E+00
 9.00000E+00 0.00000E+00
 9.50000E+00 0.00000E+00
 1.00000E+01 0.00000E+00
 1.05000E+01 0.00000E+00
 1.10000E+01 0.00000E+00
 1.15000E+01 0.00000E+00
 1.20000E+01 0.00000E+00
 1.25000E+01 0.00000E+00
 1.30000E+01 0.00000E+00
 1.35000E+01 3.08599E-03
 1.40000E+01 8.63265E-03
 1.45000E+01 1.61331E-02
 1.50000E+01 2.70906E-02
 1.60000E+01 6.30057E-02
 1.70000E+01 1.20354E-01
 1.80000E+01 1.92226E-01
 1.90000E+01 2.70515E-01
 2.00000E+01 4.15530E-01
 2.10000E+01 1.54357E+00
 2.20000E+01 8.37603E+00
 2.30000E+01 2.75336E+01
 2.40000E+01 6.22910E+01
 2.50000E+01 1.14322E+02
 2.60000E+01 1.77705E+02
 2.70000E+01 2.42964E+02
 2.80000E+01 3.01732E+02
 2.90000E+01 3.50215E+02
 3.00000E+01 3.86235E+02
 3.20000E+01 4.23043E+02
 3.40000E+01 4.37643E+02
 3.60000E+01 4.37456E+02
 3.80000E+01 4.22758E+02
 4.00000E+01 3.89720E+02
 4.20000E+01 3.54284E+02
 4.40000E+01 3.18930E+02
 4.60000E+01 2.95406E+02
 4.80000E+01 2.76231E+02
 5.00000E+01 2.60479E+02
 5.20000E+01 2.49719E+02
 5.40000E+01 2.37971E+02
