# p +  61Ni: Production of  60Co - Level  1     0.05859 MeV
# Q-value    =-9.91915E+00 mass=  59.933816
# E-threshold= 1.00831E+01
# # energies =   100
#     E          xs      Branching
 1.00000E-11 0.00000E+00 0.00000E+00
 2.53000E-08 0.00000E+00 0.00000E+00
 2.00000E-07 0.00000E+00 0.00000E+00
 1.00000E-06 0.00000E+00 0.00000E+00
 1.00000E-05 0.00000E+00 0.00000E+00
 1.00000E-04 0.00000E+00 0.00000E+00
 1.00000E-03 0.00000E+00 0.00000E+00
 2.00000E-03 0.00000E+00 0.00000E+00
 4.00000E-03 0.00000E+00 0.00000E+00
 7.00000E-03 0.00000E+00 0.00000E+00
 1.00000E-02 0.00000E+00 0.00000E+00
 2.00000E-02 0.00000E+00 0.00000E+00
 4.00000E-02 0.00000E+00 0.00000E+00
 7.00000E-02 0.00000E+00 0.00000E+00
 1.00000E-01 0.00000E+00 0.00000E+00
 2.00000E-01 0.00000E+00 0.00000E+00
 3.00000E-01 0.00000E+00 0.00000E+00
 4.00000E-01 0.00000E+00 0.00000E+00
 5.00000E-01 0.00000E+00 0.00000E+00
 6.00000E-01 0.00000E+00 0.00000E+00
 7.00000E-01 0.00000E+00 0.00000E+00
 8.00000E-01 0.00000E+00 0.00000E+00
 9.00000E-01 0.00000E+00 0.00000E+00
 1.00000E+00 0.00000E+00 0.00000E+00
 1.20000E+00 0.00000E+00 0.00000E+00
 1.40000E+00 0.00000E+00 0.00000E+00
 1.60000E+00 0.00000E+00 0.00000E+00
 1.80000E+00 0.00000E+00 0.00000E+00
 2.00000E+00 0.00000E+00 0.00000E+00
 2.20000E+00 0.00000E+00 0.00000E+00
 2.40000E+00 0.00000E+00 0.00000E+00
 2.60000E+00 0.00000E+00 0.00000E+00
 2.80000E+00 0.00000E+00 0.00000E+00
 3.00000E+00 0.00000E+00 0.00000E+00
 3.20000E+00 0.00000E+00 0.00000E+00
 3.40000E+00 0.00000E+00 0.00000E+00
 3.60000E+00 0.00000E+00 0.00000E+00
 3.80000E+00 0.00000E+00 0.00000E+00
 4.00000E+00 0.00000E+00 0.00000E+00
 4.20000E+00 0.00000E+00 0.00000E+00
 4.40000E+00 0.00000E+00 0.00000E+00
 4.60000E+00 0.00000E+00 0.00000E+00
 4.80000E+00 0.00000E+00 0.00000E+00
 5.00000E+00 0.00000E+00 0.00000E+00
 5.20000E+00 0.00000E+00 0.00000E+00
 5.40000E+00 0.00000E+00 0.00000E+00
 5.60000E+00 0.00000E+00 0.00000E+00
 5.80000E+00 0.00000E+00 0.00000E+00
 6.00000E+00 0.00000E+00 0.00000E+00
 6.20000E+00 0.00000E+00 0.00000E+00
 6.40000E+00 0.00000E+00 0.00000E+00
 6.60000E+00 0.00000E+00 0.00000E+00
 6.80000E+00 0.00000E+00 0.00000E+00
 7.00000E+00 0.00000E+00 0.00000E+00
 7.20000E+00 0.00000E+00 0.00000E+00
 7.40000E+00 0.00000E+00 0.00000E+00
 7.60000E+00 0.00000E+00 0.00000E+00
 7.80000E+00 0.00000E+00 0.00000E+00
 8.00000E+00 0.00000E+00 0.00000E+00
 8.50000E+00 0.00000E+00 0.00000E+00
 9.00000E+00 0.00000E+00 0.00000E+00
 9.50000E+00 0.00000E+00 0.00000E+00
 1.00000E+01 0.00000E+00 0.00000E+00
 1.05000E+01 0.00000E+00 0.00000E+00
 1.10000E+01 0.00000E+00 0.00000E+00
 1.15000E+01 0.00000E+00 0.00000E+00
 1.20000E+01 0.00000E+00 0.00000E+00
 1.25000E+01 0.00000E+00 0.00000E+00
 1.30000E+01 0.00000E+00 0.00000E+00
 1.35000E+01 0.00000E+00 0.00000E+00
 1.40000E+01 0.00000E+00 0.00000E+00
 1.45000E+01 8.04242E-04 1.79547E-01
 1.50000E+01 4.34179E-03 2.05413E-01
 1.60000E+01 6.00228E-02 2.57776E-01
 1.70000E+01 3.68703E-01 3.10376E-01
 1.80000E+01 1.26834E+00 3.59745E-01
 1.90000E+01 2.93533E+00 4.03851E-01
 2.00000E+01 5.26409E+00 4.37453E-01
 2.10000E+01 8.07505E+00 4.58208E-01
 2.20000E+01 1.11934E+01 4.67599E-01
 2.30000E+01 1.45761E+01 4.66433E-01
 2.40000E+01 1.81019E+01 4.60387E-01
 2.50000E+01 2.14221E+01 4.51466E-01
 2.60000E+01 2.32030E+01 4.40138E-01
 2.70000E+01 2.36400E+01 4.30882E-01
 2.80000E+01 2.27297E+01 4.21808E-01
 2.90000E+01 2.10809E+01 4.15032E-01
 3.00000E+01 2.03707E+01 4.18324E-01
 3.20000E+01 1.59930E+01 4.14890E-01
 3.40000E+01 1.43052E+01 4.23690E-01
 3.60000E+01 1.34063E+01 4.33661E-01
 3.80000E+01 1.32166E+01 4.42944E-01
 4.00000E+01 1.37136E+01 4.55500E-01
 4.20000E+01 1.31587E+01 4.55403E-01
 4.40000E+01 1.39491E+01 4.64505E-01
 4.60000E+01 1.30729E+01 4.62895E-01
 4.80000E+01 1.36070E+01 4.72096E-01
 5.00000E+01 1.26174E+01 4.69999E-01
 5.20000E+01 1.27935E+01 4.73106E-01
 5.40000E+01 1.32596E+01 4.81872E-01
