# p +  62Ni: Production of  61Cu - Total
# Q-value    =-1.36161E+01 mass=  60.933457
# E-threshold= 1.38375E+01
# # energies =   100
#     E          xs
 1.00000E-11 0.00000E+00
 2.53000E-08 0.00000E+00
 2.00000E-07 0.00000E+00
 1.00000E-06 0.00000E+00
 1.00000E-05 0.00000E+00
 1.00000E-04 0.00000E+00
 1.00000E-03 0.00000E+00
 2.00000E-03 0.00000E+00
 4.00000E-03 0.00000E+00
 7.00000E-03 0.00000E+00
 1.00000E-02 0.00000E+00
 2.00000E-02 0.00000E+00
 4.00000E-02 0.00000E+00
 7.00000E-02 0.00000E+00
 1.00000E-01 0.00000E+00
 2.00000E-01 0.00000E+00
 3.00000E-01 0.00000E+00
 4.00000E-01 0.00000E+00
 5.00000E-01 0.00000E+00
 6.00000E-01 0.00000E+00
 7.00000E-01 0.00000E+00
 8.00000E-01 0.00000E+00
 9.00000E-01 0.00000E+00
 1.00000E+00 0.00000E+00
 1.20000E+00 0.00000E+00
 1.40000E+00 0.00000E+00
 1.60000E+00 0.00000E+00
 1.80000E+00 0.00000E+00
 2.00000E+00 0.00000E+00
 2.20000E+00 0.00000E+00
 2.40000E+00 0.00000E+00
 2.60000E+00 0.00000E+00
 2.80000E+00 0.00000E+00
 3.00000E+00 0.00000E+00
 3.20000E+00 0.00000E+00
 3.40000E+00 0.00000E+00
 3.60000E+00 0.00000E+00
 3.80000E+00 0.00000E+00
 4.00000E+00 0.00000E+00
 4.20000E+00 0.00000E+00
 4.40000E+00 0.00000E+00
 4.60000E+00 0.00000E+00
 4.80000E+00 0.00000E+00
 5.00000E+00 0.00000E+00
 5.20000E+00 0.00000E+00
 5.40000E+00 0.00000E+00
 5.60000E+00 0.00000E+00
 5.80000E+00 0.00000E+00
 6.00000E+00 0.00000E+00
 6.20000E+00 0.00000E+00
 6.40000E+00 0.00000E+00
 6.60000E+00 0.00000E+00
 6.80000E+00 0.00000E+00
 7.00000E+00 0.00000E+00
 7.20000E+00 0.00000E+00
 7.40000E+00 0.00000E+00
 7.60000E+00 0.00000E+00
 7.80000E+00 0.00000E+00
 8.00000E+00 0.00000E+00
 8.50000E+00 0.00000E+00
 9.00000E+00 0.00000E+00
 9.50000E+00 0.00000E+00
 1.00000E+01 0.00000E+00
 1.05000E+01 0.00000E+00
 1.10000E+01 0.00000E+00
 1.15000E+01 0.00000E+00
 1.20000E+01 0.00000E+00
 1.25000E+01 0.00000E+00
 1.30000E+01 0.00000E+00
 1.35000E+01 0.00000E+00
 1.40000E+01 2.53247E+00
 1.45000E+01 2.27843E+01
 1.50000E+01 5.74897E+01
 1.60000E+01 1.40165E+02
 1.70000E+01 2.20481E+02
 1.80000E+01 2.83988E+02
 1.90000E+01 3.23570E+02
 2.00000E+01 3.42265E+02
 2.10000E+01 3.45287E+02
 2.20000E+01 3.34684E+02
 2.30000E+01 3.10744E+02
 2.40000E+01 2.75524E+02
 2.50000E+01 2.33690E+02
 2.60000E+01 1.91740E+02
 2.70000E+01 1.54345E+02
 2.80000E+01 1.23633E+02
 2.90000E+01 9.99919E+01
 3.00000E+01 8.22292E+01
 3.20000E+01 5.99541E+01
 3.40000E+01 4.81608E+01
 3.60000E+01 4.09954E+01
 3.80000E+01 3.66636E+01
 4.00000E+01 3.32699E+01
 4.20000E+01 3.00459E+01
 4.40000E+01 2.81202E+01
 4.60000E+01 2.58744E+01
 4.80000E+01 2.40249E+01
 5.00000E+01 2.24854E+01
 5.20000E+01 2.09253E+01
 5.40000E+01 1.97588E+01
