# p +  58Ni: Production of  57Ni - Total
# Q-value    =-9.99166E+00 mass=  56.939791
# E-threshold= 1.01654E+01
# # energies =   100
#     E          xs
 1.00000E-11 0.00000E+00
 2.53000E-08 0.00000E+00
 2.00000E-07 0.00000E+00
 1.00000E-06 0.00000E+00
 1.00000E-05 0.00000E+00
 1.00000E-04 0.00000E+00
 1.00000E-03 0.00000E+00
 2.00000E-03 0.00000E+00
 4.00000E-03 0.00000E+00
 7.00000E-03 0.00000E+00
 1.00000E-02 0.00000E+00
 2.00000E-02 0.00000E+00
 4.00000E-02 0.00000E+00
 7.00000E-02 0.00000E+00
 1.00000E-01 0.00000E+00
 2.00000E-01 0.00000E+00
 3.00000E-01 0.00000E+00
 4.00000E-01 0.00000E+00
 5.00000E-01 0.00000E+00
 6.00000E-01 0.00000E+00
 7.00000E-01 0.00000E+00
 8.00000E-01 0.00000E+00
 9.00000E-01 0.00000E+00
 1.00000E+00 0.00000E+00
 1.20000E+00 0.00000E+00
 1.40000E+00 0.00000E+00
 1.60000E+00 0.00000E+00
 1.80000E+00 0.00000E+00
 2.00000E+00 0.00000E+00
 2.20000E+00 0.00000E+00
 2.40000E+00 0.00000E+00
 2.60000E+00 0.00000E+00
 2.80000E+00 0.00000E+00
 3.00000E+00 0.00000E+00
 3.20000E+00 0.00000E+00
 3.40000E+00 0.00000E+00
 3.60000E+00 0.00000E+00
 3.80000E+00 0.00000E+00
 4.00000E+00 0.00000E+00
 4.20000E+00 0.00000E+00
 4.40000E+00 0.00000E+00
 4.60000E+00 0.00000E+00
 4.80000E+00 0.00000E+00
 5.00000E+00 0.00000E+00
 5.20000E+00 0.00000E+00
 5.40000E+00 0.00000E+00
 5.60000E+00 0.00000E+00
 5.80000E+00 0.00000E+00
 6.00000E+00 0.00000E+00
 6.20000E+00 0.00000E+00
 6.40000E+00 0.00000E+00
 6.60000E+00 0.00000E+00
 6.80000E+00 0.00000E+00
 7.00000E+00 0.00000E+00
 7.20000E+00 0.00000E+00
 7.40000E+00 0.00000E+00
 7.60000E+00 0.00000E+00
 7.80000E+00 0.00000E+00
 8.00000E+00 0.00000E+00
 8.50000E+00 0.00000E+00
 9.00000E+00 0.00000E+00
 9.50000E+00 0.00000E+00
 1.00000E+01 0.00000E+00
 1.05000E+01 0.00000E+00
 1.10000E+01 0.00000E+00
 1.15000E+01 0.00000E+00
 1.20000E+01 0.00000E+00
 1.25000E+01 5.76994E-03
 1.30000E+01 3.75242E-02
 1.35000E+01 1.88692E-01
 1.40000E+01 1.84891E+00
 1.45000E+01 6.30197E+00
 1.50000E+01 1.33327E+01
 1.60000E+01 3.71408E+01
 1.70000E+01 7.93766E+01
 1.80000E+01 1.34514E+02
 1.90000E+01 1.80962E+02
 2.00000E+01 2.11943E+02
 2.10000E+01 2.30974E+02
 2.20000E+01 2.46733E+02
 2.30000E+01 2.61598E+02
 2.40000E+01 2.73957E+02
 2.50000E+01 2.85557E+02
 2.60000E+01 2.92766E+02
 2.70000E+01 2.91456E+02
 2.80000E+01 2.84126E+02
 2.90000E+01 2.70424E+02
 3.00000E+01 2.55044E+02
 3.20000E+01 2.26909E+02
 3.40000E+01 2.07866E+02
 3.60000E+01 1.92251E+02
 3.80000E+01 1.82626E+02
 4.00000E+01 1.73649E+02
 4.20000E+01 1.65738E+02
 4.40000E+01 1.58194E+02
 4.60000E+01 1.52159E+02
 4.80000E+01 1.45662E+02
 5.00000E+01 1.38740E+02
 5.20000E+01 1.32757E+02
 5.40000E+01 1.29112E+02
