# p +  64Ni: Production of  60Co - Level  1     0.05859 MeV
# Q-value    =-8.71445E+00 mass=  59.933816
# E-threshold= 8.85176E+00
# # energies =   100
#     E          xs      Branching
 1.00000E-11 0.00000E+00 0.00000E+00
 2.53000E-08 0.00000E+00 0.00000E+00
 2.00000E-07 0.00000E+00 0.00000E+00
 1.00000E-06 0.00000E+00 0.00000E+00
 1.00000E-05 0.00000E+00 0.00000E+00
 1.00000E-04 0.00000E+00 0.00000E+00
 1.00000E-03 0.00000E+00 0.00000E+00
 2.00000E-03 0.00000E+00 0.00000E+00
 4.00000E-03 0.00000E+00 0.00000E+00
 7.00000E-03 0.00000E+00 0.00000E+00
 1.00000E-02 0.00000E+00 0.00000E+00
 2.00000E-02 0.00000E+00 0.00000E+00
 4.00000E-02 0.00000E+00 0.00000E+00
 7.00000E-02 0.00000E+00 0.00000E+00
 1.00000E-01 0.00000E+00 0.00000E+00
 2.00000E-01 0.00000E+00 0.00000E+00
 3.00000E-01 0.00000E+00 0.00000E+00
 4.00000E-01 0.00000E+00 0.00000E+00
 5.00000E-01 0.00000E+00 0.00000E+00
 6.00000E-01 0.00000E+00 0.00000E+00
 7.00000E-01 0.00000E+00 0.00000E+00
 8.00000E-01 0.00000E+00 0.00000E+00
 9.00000E-01 0.00000E+00 0.00000E+00
 1.00000E+00 0.00000E+00 0.00000E+00
 1.20000E+00 0.00000E+00 0.00000E+00
 1.40000E+00 0.00000E+00 0.00000E+00
 1.60000E+00 0.00000E+00 0.00000E+00
 1.80000E+00 0.00000E+00 0.00000E+00
 2.00000E+00 0.00000E+00 0.00000E+00
 2.20000E+00 0.00000E+00 0.00000E+00
 2.40000E+00 0.00000E+00 0.00000E+00
 2.60000E+00 0.00000E+00 0.00000E+00
 2.80000E+00 0.00000E+00 0.00000E+00
 3.00000E+00 0.00000E+00 0.00000E+00
 3.20000E+00 0.00000E+00 0.00000E+00
 3.40000E+00 0.00000E+00 0.00000E+00
 3.60000E+00 0.00000E+00 0.00000E+00
 3.80000E+00 0.00000E+00 0.00000E+00
 4.00000E+00 0.00000E+00 0.00000E+00
 4.20000E+00 0.00000E+00 0.00000E+00
 4.40000E+00 0.00000E+00 0.00000E+00
 4.60000E+00 0.00000E+00 0.00000E+00
 4.80000E+00 0.00000E+00 0.00000E+00
 5.00000E+00 0.00000E+00 0.00000E+00
 5.20000E+00 0.00000E+00 0.00000E+00
 5.40000E+00 0.00000E+00 0.00000E+00
 5.60000E+00 0.00000E+00 0.00000E+00
 5.80000E+00 0.00000E+00 0.00000E+00
 6.00000E+00 0.00000E+00 0.00000E+00
 6.20000E+00 0.00000E+00 0.00000E+00
 6.40000E+00 0.00000E+00 0.00000E+00
 6.60000E+00 0.00000E+00 0.00000E+00
 6.80000E+00 0.00000E+00 0.00000E+00
 7.00000E+00 0.00000E+00 0.00000E+00
 7.20000E+00 0.00000E+00 0.00000E+00
 7.40000E+00 0.00000E+00 0.00000E+00
 7.60000E+00 0.00000E+00 0.00000E+00
 7.80000E+00 0.00000E+00 0.00000E+00
 8.00000E+00 0.00000E+00 0.00000E+00
 8.50000E+00 0.00000E+00 0.00000E+00
 9.00000E+00 0.00000E+00 0.00000E+00
 9.50000E+00 0.00000E+00 0.00000E+00
 1.00000E+01 0.00000E+00 0.00000E+00
 1.05000E+01 0.00000E+00 0.00000E+00
 1.10000E+01 0.00000E+00 0.00000E+00
 1.15000E+01 0.00000E+00 0.00000E+00
 1.20000E+01 0.00000E+00 0.00000E+00
 1.25000E+01 0.00000E+00 0.00000E+00
 1.30000E+01 0.00000E+00 0.00000E+00
 1.35000E+01 3.50662E-04 3.06024E-01
 1.40000E+01 2.87351E-03 3.81068E-01
 1.45000E+01 1.59662E-02 4.85459E-01
 1.50000E+01 6.53089E-02 4.89406E-01
 1.60000E+01 5.13916E-01 4.60476E-01
 1.70000E+01 2.06328E+00 4.91205E-01
 1.80000E+01 4.80704E+00 5.01636E-01
 1.90000E+01 8.28321E+00 5.13679E-01
 2.00000E+01 1.16554E+01 5.18769E-01
 2.10000E+01 1.45445E+01 5.19225E-01
 2.20000E+01 1.66970E+01 5.14633E-01
 2.30000E+01 1.83484E+01 5.10257E-01
 2.40000E+01 1.94455E+01 4.98858E-01
 2.50000E+01 1.95190E+01 4.85968E-01
 2.60000E+01 1.86983E+01 4.73841E-01
 2.70000E+01 1.68240E+01 4.58660E-01
 2.80000E+01 1.51066E+01 4.50211E-01
 2.90000E+01 1.23036E+01 4.37168E-01
 3.00000E+01 1.01950E+01 4.25113E-01
 3.20000E+01 7.07029E+00 4.14290E-01
 3.40000E+01 5.37317E+00 4.09166E-01
 3.60000E+01 4.42079E+00 4.12663E-01
 3.80000E+01 3.48991E+00 4.09355E-01
 4.00000E+01 2.90539E+00 4.03676E-01
 4.20000E+01 2.82627E+00 4.08769E-01
 4.40000E+01 2.91052E+00 4.14436E-01
 4.60000E+01 3.17431E+00 3.96797E-01
 4.80000E+01 4.14551E+00 3.98893E-01
 5.00000E+01 5.20335E+00 3.86994E-01
 5.20000E+01 6.66418E+00 3.81052E-01
 5.40000E+01 9.85907E+00 3.67031E-01
