# p +  60Ni: Production of  59Co - Total
# Q-value    =-9.53237E+00 mass=  58.933194
# E-threshold= 9.69259E+00
# # energies =   100
#     E          xs
 1.00000E-11 0.00000E+00
 2.53000E-08 0.00000E+00
 2.00000E-07 0.00000E+00
 1.00000E-06 0.00000E+00
 1.00000E-05 0.00000E+00
 1.00000E-04 0.00000E+00
 1.00000E-03 0.00000E+00
 2.00000E-03 0.00000E+00
 4.00000E-03 0.00000E+00
 7.00000E-03 0.00000E+00
 1.00000E-02 0.00000E+00
 2.00000E-02 0.00000E+00
 4.00000E-02 0.00000E+00
 7.00000E-02 0.00000E+00
 1.00000E-01 0.00000E+00
 2.00000E-01 0.00000E+00
 3.00000E-01 0.00000E+00
 4.00000E-01 0.00000E+00
 5.00000E-01 0.00000E+00
 6.00000E-01 0.00000E+00
 7.00000E-01 0.00000E+00
 8.00000E-01 0.00000E+00
 9.00000E-01 0.00000E+00
 1.00000E+00 0.00000E+00
 1.20000E+00 0.00000E+00
 1.40000E+00 0.00000E+00
 1.60000E+00 0.00000E+00
 1.80000E+00 0.00000E+00
 2.00000E+00 0.00000E+00
 2.20000E+00 0.00000E+00
 2.40000E+00 0.00000E+00
 2.60000E+00 0.00000E+00
 2.80000E+00 0.00000E+00
 3.00000E+00 0.00000E+00
 3.20000E+00 0.00000E+00
 3.40000E+00 0.00000E+00
 3.60000E+00 0.00000E+00
 3.80000E+00 0.00000E+00
 4.00000E+00 0.00000E+00
 4.20000E+00 0.00000E+00
 4.40000E+00 0.00000E+00
 4.60000E+00 0.00000E+00
 4.80000E+00 0.00000E+00
 5.00000E+00 0.00000E+00
 5.20000E+00 0.00000E+00
 5.40000E+00 0.00000E+00
 5.60000E+00 0.00000E+00
 5.80000E+00 0.00000E+00
 6.00000E+00 0.00000E+00
 6.20000E+00 0.00000E+00
 6.40000E+00 0.00000E+00
 6.60000E+00 0.00000E+00
 6.80000E+00 0.00000E+00
 7.00000E+00 0.00000E+00
 7.20000E+00 0.00000E+00
 7.40000E+00 0.00000E+00
 7.60000E+00 0.00000E+00
 7.80000E+00 0.00000E+00
 8.00000E+00 0.00000E+00
 8.50000E+00 0.00000E+00
 9.00000E+00 0.00000E+00
 9.50000E+00 0.00000E+00
 1.00000E+01 0.00000E+00
 1.05000E+01 0.00000E+00
 1.10000E+01 0.00000E+00
 1.15000E+01 0.00000E+00
 1.20000E+01 0.00000E+00
 1.25000E+01 3.20770E-03
 1.30000E+01 1.80827E-02
 1.35000E+01 1.31670E-01
 1.40000E+01 6.34163E-01
 1.45000E+01 2.05982E+00
 1.50000E+01 4.68851E+00
 1.60000E+01 1.33455E+01
 1.70000E+01 2.14680E+01
 1.80000E+01 2.61892E+01
 1.90000E+01 3.00713E+01
 2.00000E+01 3.32749E+01
 2.10000E+01 3.68576E+01
 2.20000E+01 4.04494E+01
 2.30000E+01 4.37384E+01
 2.40000E+01 4.65503E+01
 2.50000E+01 4.89695E+01
 2.60000E+01 5.15073E+01
 2.70000E+01 5.31246E+01
 2.80000E+01 5.42468E+01
 2.90000E+01 5.42315E+01
 3.00000E+01 5.25955E+01
 3.20000E+01 4.88162E+01
 3.40000E+01 4.59711E+01
 3.60000E+01 4.46270E+01
 3.80000E+01 4.32366E+01
 4.00000E+01 4.24374E+01
 4.20000E+01 4.18792E+01
 4.40000E+01 4.06398E+01
 4.60000E+01 3.97377E+01
 4.80000E+01 3.95080E+01
 5.00000E+01 3.74888E+01
 5.20000E+01 3.74082E+01
 5.40000E+01 3.80702E+01
