# p +  61Ni: Production of  58Co - Total
# Q-value    = 4.89321E-01 mass=  57.935751
# E-threshold= 0.00000E+00
# # energies =   100
#     E          xs
 1.00000E-11 0.00000E+00
 2.53000E-08 0.00000E+00
 2.00000E-07 0.00000E+00
 1.00000E-06 0.00000E+00
 1.00000E-05 0.00000E+00
 1.00000E-04 0.00000E+00
 1.00000E-03 0.00000E+00
 2.00000E-03 0.00000E+00
 4.00000E-03 0.00000E+00
 7.00000E-03 0.00000E+00
 1.00000E-02 0.00000E+00
 2.00000E-02 0.00000E+00
 4.00000E-02 0.00000E+00
 7.00000E-02 0.00000E+00
 1.00000E-01 0.00000E+00
 2.00000E-01 0.00000E+00
 3.00000E-01 0.00000E+00
 4.00000E-01 0.00000E+00
 5.00000E-01 0.00000E+00
 6.00000E-01 0.00000E+00
 7.00000E-01 0.00000E+00
 8.00000E-01 1.00000E-07
 9.00000E-01 1.00000E-07
 1.00000E+00 1.00000E-07
 1.20000E+00 1.00000E-07
 1.40000E+00 1.00000E-07
 1.60000E+00 1.00000E-07
 1.80000E+00 1.00000E-07
 2.00000E+00 1.00000E-07
 2.20000E+00 1.00000E-07
 2.40000E+00 1.00000E-07
 2.60000E+00 1.00000E-07
 2.80000E+00 1.00000E-07
 3.00000E+00 1.00000E-07
 3.20000E+00 1.00000E-07
 3.40000E+00 1.00000E-07
 3.60000E+00 1.00000E-07
 3.80000E+00 1.16828E-03
 4.00000E+00 2.55760E-03
 4.20000E+00 5.77307E-03
 4.40000E+00 1.24344E-02
 4.60000E+00 1.91829E-02
 4.80000E+00 4.31552E-02
 5.00000E+00 7.42794E-02
 5.20000E+00 1.32305E-01
 5.40000E+00 2.46086E-01
 5.60000E+00 3.88666E-01
 5.80000E+00 6.58530E-01
 6.00000E+00 1.00166E+00
 6.20000E+00 1.48796E+00
 6.40000E+00 2.22202E+00
 6.60000E+00 3.10695E+00
 6.80000E+00 4.36165E+00
 7.00000E+00 5.88427E+00
 7.20000E+00 7.76311E+00
 7.40000E+00 1.00681E+01
 7.60000E+00 1.26435E+01
 7.80000E+00 1.56508E+01
 8.00000E+00 1.89163E+01
 8.50000E+00 2.81232E+01
 9.00000E+00 3.80392E+01
 9.50000E+00 4.77783E+01
 1.00000E+01 5.66083E+01
 1.05000E+01 6.38062E+01
 1.10000E+01 6.93078E+01
 1.15000E+01 7.31900E+01
 1.20000E+01 7.55783E+01
 1.25000E+01 7.67973E+01
 1.30000E+01 7.71067E+01
 1.35000E+01 7.67494E+01
 1.40000E+01 7.58436E+01
 1.45000E+01 7.44674E+01
 1.50000E+01 7.26848E+01
 1.60000E+01 6.55031E+01
 1.70000E+01 5.35805E+01
 1.80000E+01 4.01577E+01
 1.90000E+01 2.90190E+01
 2.00000E+01 2.13840E+01
 2.10000E+01 1.69487E+01
 2.20000E+01 1.34199E+01
 2.30000E+01 1.07983E+01
 2.40000E+01 9.66492E+00
 2.50000E+01 7.99519E+00
 2.60000E+01 7.41549E+00
 2.70000E+01 6.22652E+00
 2.80000E+01 5.93303E+00
 2.90000E+01 5.29570E+00
 3.00000E+01 5.30371E+00
 3.20000E+01 5.97067E+00
 3.40000E+01 7.95008E+00
 3.60000E+01 1.39474E+01
 3.80000E+01 3.05283E+01
 4.00000E+01 5.89593E+01
 4.20000E+01 9.11626E+01
 4.40000E+01 1.19952E+02
 4.60000E+01 1.45139E+02
 4.80000E+01 1.56082E+02
 5.00000E+01 1.64020E+02
 5.20000E+01 1.59282E+02
 5.40000E+01 1.53986E+02
