# p +  62Ni: Production of  61Ni - Total
# Q-value    =-8.37116E+00 mass=  60.931055
# E-threshold= 8.50732E+00
# # energies =   100
#     E          xs
 1.00000E-11 0.00000E+00
 2.53000E-08 0.00000E+00
 2.00000E-07 0.00000E+00
 1.00000E-06 0.00000E+00
 1.00000E-05 0.00000E+00
 1.00000E-04 0.00000E+00
 1.00000E-03 0.00000E+00
 2.00000E-03 0.00000E+00
 4.00000E-03 0.00000E+00
 7.00000E-03 0.00000E+00
 1.00000E-02 0.00000E+00
 2.00000E-02 0.00000E+00
 4.00000E-02 0.00000E+00
 7.00000E-02 0.00000E+00
 1.00000E-01 0.00000E+00
 2.00000E-01 0.00000E+00
 3.00000E-01 0.00000E+00
 4.00000E-01 0.00000E+00
 5.00000E-01 0.00000E+00
 6.00000E-01 0.00000E+00
 7.00000E-01 0.00000E+00
 8.00000E-01 0.00000E+00
 9.00000E-01 0.00000E+00
 1.00000E+00 0.00000E+00
 1.20000E+00 0.00000E+00
 1.40000E+00 0.00000E+00
 1.60000E+00 0.00000E+00
 1.80000E+00 0.00000E+00
 2.00000E+00 0.00000E+00
 2.20000E+00 0.00000E+00
 2.40000E+00 0.00000E+00
 2.60000E+00 0.00000E+00
 2.80000E+00 0.00000E+00
 3.00000E+00 0.00000E+00
 3.20000E+00 0.00000E+00
 3.40000E+00 0.00000E+00
 3.60000E+00 0.00000E+00
 3.80000E+00 0.00000E+00
 4.00000E+00 0.00000E+00
 4.20000E+00 0.00000E+00
 4.40000E+00 0.00000E+00
 4.60000E+00 0.00000E+00
 4.80000E+00 0.00000E+00
 5.00000E+00 0.00000E+00
 5.20000E+00 0.00000E+00
 5.40000E+00 0.00000E+00
 5.60000E+00 0.00000E+00
 5.80000E+00 0.00000E+00
 6.00000E+00 0.00000E+00
 6.20000E+00 0.00000E+00
 6.40000E+00 0.00000E+00
 6.60000E+00 0.00000E+00
 6.80000E+00 0.00000E+00
 7.00000E+00 0.00000E+00
 7.20000E+00 0.00000E+00
 7.40000E+00 0.00000E+00
 7.60000E+00 0.00000E+00
 7.80000E+00 0.00000E+00
 8.00000E+00 0.00000E+00
 8.50000E+00 0.00000E+00
 9.00000E+00 0.00000E+00
 9.50000E+00 0.00000E+00
 1.00000E+01 0.00000E+00
 1.05000E+01 0.00000E+00
 1.10000E+01 8.23602E-03
 1.15000E+01 4.40919E-02
 1.20000E+01 2.59353E-01
 1.25000E+01 6.11101E+00
 1.30000E+01 3.83506E+01
 1.35000E+01 1.03736E+02
 1.40000E+01 1.87906E+02
 1.45000E+01 2.63560E+02
 1.50000E+01 3.22483E+02
 1.60000E+01 4.01989E+02
 1.70000E+01 4.40586E+02
 1.80000E+01 4.52915E+02
 1.90000E+01 4.60664E+02
 2.00000E+01 4.67895E+02
 2.10000E+01 4.76939E+02
 2.20000E+01 4.87047E+02
 2.30000E+01 4.96872E+02
 2.40000E+01 5.04698E+02
 2.50000E+01 5.00940E+02
 2.60000E+01 4.81637E+02
 2.70000E+01 4.60060E+02
 2.80000E+01 4.29899E+02
 2.90000E+01 4.03663E+02
 3.00000E+01 3.75130E+02
 3.20000E+01 3.40051E+02
 3.40000E+01 3.13516E+02
 3.60000E+01 2.95657E+02
 3.80000E+01 2.80486E+02
 4.00000E+01 2.68271E+02
 4.20000E+01 2.52729E+02
 4.40000E+01 2.48755E+02
 4.60000E+01 2.33424E+02
 4.80000E+01 2.23239E+02
 5.00000E+01 2.16434E+02
 5.20000E+01 2.08493E+02
 5.40000E+01 1.98028E+02
