# p +  61Ni: Production of  61Ni - Total
# Q-value    =-6.74130E-02 mass=  60.931055
# E-threshold= 6.85274E-02
# # energies =   100
#     E          xs
 1.00000E-11 0.00000E+00
 2.53000E-08 0.00000E+00
 2.00000E-07 0.00000E+00
 1.00000E-06 0.00000E+00
 1.00000E-05 0.00000E+00
 1.00000E-04 0.00000E+00
 1.00000E-03 0.00000E+00
 2.00000E-03 0.00000E+00
 4.00000E-03 0.00000E+00
 7.00000E-03 0.00000E+00
 1.00000E-02 0.00000E+00
 2.00000E-02 0.00000E+00
 4.00000E-02 0.00000E+00
 7.00000E-02 0.00000E+00
 1.00000E-01 0.00000E+00
 2.00000E-01 0.00000E+00
 3.00000E-01 0.00000E+00
 4.00000E-01 0.00000E+00
 5.00000E-01 0.00000E+00
 6.00000E-01 0.00000E+00
 7.00000E-01 0.00000E+00
 8.00000E-01 0.00000E+00
 9.00000E-01 0.00000E+00
 1.00000E+00 0.00000E+00
 1.20000E+00 0.00000E+00
 1.40000E+00 0.00000E+00
 1.60000E+00 1.12195E-02
 1.80000E+00 6.71871E-02
 2.00000E+00 2.55037E-01
 2.20000E+00 7.27351E-01
 2.40000E+00 1.70301E+00
 2.60000E+00 3.49608E+00
 2.80000E+00 6.54541E+00
 3.00000E+00 1.14043E+01
 3.20000E+00 1.27587E+01
 3.40000E+00 1.80131E+01
 3.60000E+00 2.50680E+01
 3.80000E+00 3.49246E+01
 4.00000E+00 4.80946E+01
 4.20000E+00 5.94866E+01
 4.40000E+00 7.61913E+01
 4.60000E+00 8.68922E+01
 4.80000E+00 1.02481E+02
 5.00000E+00 1.17117E+02
 5.20000E+00 1.27188E+02
 5.40000E+00 1.39512E+02
 5.60000E+00 1.51643E+02
 5.80000E+00 1.63318E+02
 6.00000E+00 1.74671E+02
 6.20000E+00 1.85680E+02
 6.40000E+00 1.96144E+02
 6.60000E+00 2.06100E+02
 6.80000E+00 2.15354E+02
 7.00000E+00 2.23945E+02
 7.20000E+00 2.32043E+02
 7.40000E+00 2.39629E+02
 7.60000E+00 2.47086E+02
 7.80000E+00 2.54031E+02
 8.00000E+00 2.61011E+02
 8.50000E+00 2.78552E+02
 9.00000E+00 2.96890E+02
 9.50000E+00 3.16175E+02
 1.00000E+01 3.36403E+02
 1.05000E+01 3.55640E+02
 1.10000E+01 3.72275E+02
 1.15000E+01 3.82115E+02
 1.20000E+01 3.83584E+02
 1.25000E+01 3.76916E+02
 1.30000E+01 3.62252E+02
 1.35000E+01 3.41453E+02
 1.40000E+01 3.16840E+02
 1.45000E+01 2.91198E+02
 1.50000E+01 2.66961E+02
 1.60000E+01 2.22676E+02
 1.70000E+01 1.91031E+02
 1.80000E+01 1.70542E+02
 1.90000E+01 1.57814E+02
 2.00000E+01 1.49961E+02
 2.10000E+01 1.43530E+02
 2.20000E+01 1.38690E+02
 2.30000E+01 1.35493E+02
 2.40000E+01 1.30572E+02
 2.50000E+01 1.28056E+02
 2.60000E+01 1.24553E+02
 2.70000E+01 1.21907E+02
 2.80000E+01 1.19447E+02
 2.90000E+01 1.16313E+02
 3.00000E+01 1.12933E+02
 3.20000E+01 1.09795E+02
 3.40000E+01 1.04583E+02
 3.60000E+01 1.01108E+02
 3.80000E+01 9.48705E+01
 4.00000E+01 9.07780E+01
 4.20000E+01 8.74112E+01
 4.40000E+01 8.32191E+01
 4.60000E+01 7.82234E+01
 4.80000E+01 7.54328E+01
 5.00000E+01 7.45626E+01
 5.20000E+01 7.42699E+01
 5.40000E+01 7.31074E+01
