# p +  64Ni: Production of  63Cu - Total
# Q-value    =-1.03728E+01 mass=  62.929597
# E-threshold= 1.05363E+01
# # energies =   100
#     E          xs
 1.00000E-11 0.00000E+00
 2.53000E-08 0.00000E+00
 2.00000E-07 0.00000E+00
 1.00000E-06 0.00000E+00
 1.00000E-05 0.00000E+00
 1.00000E-04 0.00000E+00
 1.00000E-03 0.00000E+00
 2.00000E-03 0.00000E+00
 4.00000E-03 0.00000E+00
 7.00000E-03 0.00000E+00
 1.00000E-02 0.00000E+00
 2.00000E-02 0.00000E+00
 4.00000E-02 0.00000E+00
 7.00000E-02 0.00000E+00
 1.00000E-01 0.00000E+00
 2.00000E-01 0.00000E+00
 3.00000E-01 0.00000E+00
 4.00000E-01 0.00000E+00
 5.00000E-01 0.00000E+00
 6.00000E-01 0.00000E+00
 7.00000E-01 0.00000E+00
 8.00000E-01 0.00000E+00
 9.00000E-01 0.00000E+00
 1.00000E+00 0.00000E+00
 1.20000E+00 0.00000E+00
 1.40000E+00 0.00000E+00
 1.60000E+00 0.00000E+00
 1.80000E+00 0.00000E+00
 2.00000E+00 0.00000E+00
 2.20000E+00 0.00000E+00
 2.40000E+00 0.00000E+00
 2.60000E+00 0.00000E+00
 2.80000E+00 0.00000E+00
 3.00000E+00 0.00000E+00
 3.20000E+00 0.00000E+00
 3.40000E+00 0.00000E+00
 3.60000E+00 0.00000E+00
 3.80000E+00 0.00000E+00
 4.00000E+00 0.00000E+00
 4.20000E+00 0.00000E+00
 4.40000E+00 0.00000E+00
 4.60000E+00 0.00000E+00
 4.80000E+00 0.00000E+00
 5.00000E+00 0.00000E+00
 5.20000E+00 0.00000E+00
 5.40000E+00 0.00000E+00
 5.60000E+00 0.00000E+00
 5.80000E+00 0.00000E+00
 6.00000E+00 0.00000E+00
 6.20000E+00 0.00000E+00
 6.40000E+00 0.00000E+00
 6.60000E+00 0.00000E+00
 6.80000E+00 0.00000E+00
 7.00000E+00 0.00000E+00
 7.20000E+00 0.00000E+00
 7.40000E+00 0.00000E+00
 7.60000E+00 0.00000E+00
 7.80000E+00 0.00000E+00
 8.00000E+00 0.00000E+00
 8.50000E+00 0.00000E+00
 9.00000E+00 0.00000E+00
 9.50000E+00 0.00000E+00
 1.00000E+01 0.00000E+00
 1.05000E+01 0.00000E+00
 1.10000E+01 5.75573E+01
 1.15000E+01 1.53441E+02
 1.20000E+01 2.64820E+02
 1.25000E+01 3.71857E+02
 1.30000E+01 4.59498E+02
 1.35000E+01 5.26825E+02
 1.40000E+01 5.80377E+02
 1.45000E+01 6.23423E+02
 1.50000E+01 6.53348E+02
 1.60000E+01 6.88553E+02
 1.70000E+01 6.99779E+02
 1.80000E+01 7.00876E+02
 1.90000E+01 6.90459E+02
 2.00000E+01 6.70992E+02
 2.10000E+01 6.32950E+02
 2.20000E+01 5.79957E+02
 2.30000E+01 5.12601E+02
 2.40000E+01 4.38010E+02
 2.50000E+01 3.66203E+02
 2.60000E+01 3.03703E+02
 2.70000E+01 2.50570E+02
 2.80000E+01 2.10228E+02
 2.90000E+01 1.77802E+02
 3.00000E+01 1.54712E+02
 3.20000E+01 1.21721E+02
 3.40000E+01 1.03330E+02
 3.60000E+01 9.08134E+01
 3.80000E+01 8.03109E+01
 4.00000E+01 7.32166E+01
 4.20000E+01 6.64888E+01
 4.40000E+01 6.02463E+01
 4.60000E+01 5.69177E+01
 4.80000E+01 5.20657E+01
 5.00000E+01 4.76126E+01
 5.20000E+01 4.54441E+01
 5.40000E+01 4.24997E+01
