# p +  62Ni: Production of  58Fe - Total
# Q-value    =-7.01608E+00 mass=  57.933274
# E-threshold= 7.13020E+00
# # energies =   100
#     E          xs
 1.00000E-11 0.00000E+00
 2.53000E-08 0.00000E+00
 2.00000E-07 0.00000E+00
 1.00000E-06 0.00000E+00
 1.00000E-05 0.00000E+00
 1.00000E-04 0.00000E+00
 1.00000E-03 0.00000E+00
 2.00000E-03 0.00000E+00
 4.00000E-03 0.00000E+00
 7.00000E-03 0.00000E+00
 1.00000E-02 0.00000E+00
 2.00000E-02 0.00000E+00
 4.00000E-02 0.00000E+00
 7.00000E-02 0.00000E+00
 1.00000E-01 0.00000E+00
 2.00000E-01 0.00000E+00
 3.00000E-01 0.00000E+00
 4.00000E-01 0.00000E+00
 5.00000E-01 0.00000E+00
 6.00000E-01 0.00000E+00
 7.00000E-01 0.00000E+00
 8.00000E-01 0.00000E+00
 9.00000E-01 0.00000E+00
 1.00000E+00 0.00000E+00
 1.20000E+00 0.00000E+00
 1.40000E+00 0.00000E+00
 1.60000E+00 0.00000E+00
 1.80000E+00 0.00000E+00
 2.00000E+00 0.00000E+00
 2.20000E+00 0.00000E+00
 2.40000E+00 0.00000E+00
 2.60000E+00 0.00000E+00
 2.80000E+00 0.00000E+00
 3.00000E+00 0.00000E+00
 3.20000E+00 0.00000E+00
 3.40000E+00 0.00000E+00
 3.60000E+00 0.00000E+00
 3.80000E+00 0.00000E+00
 4.00000E+00 0.00000E+00
 4.20000E+00 0.00000E+00
 4.40000E+00 0.00000E+00
 4.60000E+00 0.00000E+00
 4.80000E+00 0.00000E+00
 5.00000E+00 0.00000E+00
 5.20000E+00 0.00000E+00
 5.40000E+00 0.00000E+00
 5.60000E+00 0.00000E+00
 5.80000E+00 0.00000E+00
 6.00000E+00 0.00000E+00
 6.20000E+00 0.00000E+00
 6.40000E+00 0.00000E+00
 6.60000E+00 0.00000E+00
 6.80000E+00 0.00000E+00
 7.00000E+00 0.00000E+00
 7.20000E+00 0.00000E+00
 7.40000E+00 0.00000E+00
 7.60000E+00 0.00000E+00
 7.80000E+00 0.00000E+00
 8.00000E+00 0.00000E+00
 8.50000E+00 0.00000E+00
 9.00000E+00 0.00000E+00
 9.50000E+00 0.00000E+00
 1.00000E+01 0.00000E+00
 1.05000E+01 0.00000E+00
 1.10000E+01 0.00000E+00
 1.15000E+01 0.00000E+00
 1.20000E+01 0.00000E+00
 1.25000E+01 0.00000E+00
 1.30000E+01 0.00000E+00
 1.35000E+01 0.00000E+00
 1.40000E+01 1.58542E-03
 1.45000E+01 8.20634E-03
 1.50000E+01 3.32240E-02
 1.60000E+01 2.83712E-01
 1.70000E+01 1.18372E+00
 1.80000E+01 2.56553E+00
 1.90000E+01 3.10846E+00
 2.00000E+01 3.01871E+00
 2.10000E+01 2.70501E+00
 2.20000E+01 2.59994E+00
 2.30000E+01 2.94618E+00
 2.40000E+01 3.17753E+00
 2.50000E+01 3.43149E+00
 2.60000E+01 3.93363E+00
 2.70000E+01 4.18311E+00
 2.80000E+01 4.49318E+00
 2.90000E+01 4.68019E+00
 3.00000E+01 4.85886E+00
 3.20000E+01 4.47574E+00
 3.40000E+01 3.70191E+00
 3.60000E+01 3.03800E+00
 3.80000E+01 2.46568E+00
 4.00000E+01 2.07935E+00
 4.20000E+01 1.90167E+00
 4.40000E+01 1.82103E+00
 4.60000E+01 1.68533E+00
 4.80000E+01 1.82191E+00
 5.00000E+01 2.32798E+00
 5.20000E+01 2.17804E+00
 5.40000E+01 2.83983E+00
