# p +  61Ni: Production of  57Co - Total
# Q-value    =-8.08364E+00 mass=  56.936290
# E-threshold= 8.21727E+00
# # energies =   100
#     E          xs
 1.00000E-11 0.00000E+00
 2.53000E-08 0.00000E+00
 2.00000E-07 0.00000E+00
 1.00000E-06 0.00000E+00
 1.00000E-05 0.00000E+00
 1.00000E-04 0.00000E+00
 1.00000E-03 0.00000E+00
 2.00000E-03 0.00000E+00
 4.00000E-03 0.00000E+00
 7.00000E-03 0.00000E+00
 1.00000E-02 0.00000E+00
 2.00000E-02 0.00000E+00
 4.00000E-02 0.00000E+00
 7.00000E-02 0.00000E+00
 1.00000E-01 0.00000E+00
 2.00000E-01 0.00000E+00
 3.00000E-01 0.00000E+00
 4.00000E-01 0.00000E+00
 5.00000E-01 0.00000E+00
 6.00000E-01 0.00000E+00
 7.00000E-01 0.00000E+00
 8.00000E-01 0.00000E+00
 9.00000E-01 0.00000E+00
 1.00000E+00 0.00000E+00
 1.20000E+00 0.00000E+00
 1.40000E+00 0.00000E+00
 1.60000E+00 0.00000E+00
 1.80000E+00 0.00000E+00
 2.00000E+00 0.00000E+00
 2.20000E+00 0.00000E+00
 2.40000E+00 0.00000E+00
 2.60000E+00 0.00000E+00
 2.80000E+00 0.00000E+00
 3.00000E+00 0.00000E+00
 3.20000E+00 0.00000E+00
 3.40000E+00 0.00000E+00
 3.60000E+00 0.00000E+00
 3.80000E+00 0.00000E+00
 4.00000E+00 0.00000E+00
 4.20000E+00 0.00000E+00
 4.40000E+00 0.00000E+00
 4.60000E+00 0.00000E+00
 4.80000E+00 0.00000E+00
 5.00000E+00 0.00000E+00
 5.20000E+00 0.00000E+00
 5.40000E+00 0.00000E+00
 5.60000E+00 0.00000E+00
 5.80000E+00 0.00000E+00
 6.00000E+00 0.00000E+00
 6.20000E+00 0.00000E+00
 6.40000E+00 0.00000E+00
 6.60000E+00 0.00000E+00
 6.80000E+00 0.00000E+00
 7.00000E+00 0.00000E+00
 7.20000E+00 0.00000E+00
 7.40000E+00 0.00000E+00
 7.60000E+00 0.00000E+00
 7.80000E+00 0.00000E+00
 8.00000E+00 0.00000E+00
 8.50000E+00 0.00000E+00
 9.00000E+00 0.00000E+00
 9.50000E+00 0.00000E+00
 1.00000E+01 0.00000E+00
 1.05000E+01 0.00000E+00
 1.10000E+01 0.00000E+00
 1.15000E+01 0.00000E+00
 1.20000E+01 0.00000E+00
 1.25000E+01 2.67270E-03
 1.30000E+01 1.72992E-02
 1.35000E+01 6.46198E-02
 1.40000E+01 2.16624E-01
 1.45000E+01 5.96303E-01
 1.50000E+01 1.48827E+00
 1.60000E+01 7.03073E+00
 1.70000E+01 1.82053E+01
 1.80000E+01 3.12311E+01
 1.90000E+01 4.25938E+01
 2.00000E+01 5.13034E+01
 2.10000E+01 5.72673E+01
 2.20000E+01 6.22501E+01
 2.30000E+01 6.60249E+01
 2.40000E+01 6.76170E+01
 2.50000E+01 6.88438E+01
 2.60000E+01 6.75858E+01
 2.70000E+01 6.53229E+01
 2.80000E+01 6.08958E+01
 2.90000E+01 5.56138E+01
 3.00000E+01 4.95534E+01
 3.20000E+01 3.84082E+01
 3.40000E+01 2.95963E+01
 3.60000E+01 2.39258E+01
 3.80000E+01 1.99700E+01
 4.00000E+01 1.79552E+01
 4.20000E+01 1.69499E+01
 4.40000E+01 1.69303E+01
 4.60000E+01 2.00886E+01
 4.80000E+01 2.57015E+01
 5.00000E+01 3.50064E+01
 5.20000E+01 5.12127E+01
 5.40000E+01 7.08108E+01
