# p +  61Ni: Production of  60Ni - Total
# Q-value    =-5.59554E+00 mass=  59.930785
# E-threshold= 5.68804E+00
# # energies =   100
#     E          xs
 1.00000E-11 0.00000E+00
 2.53000E-08 0.00000E+00
 2.00000E-07 0.00000E+00
 1.00000E-06 0.00000E+00
 1.00000E-05 0.00000E+00
 1.00000E-04 0.00000E+00
 1.00000E-03 0.00000E+00
 2.00000E-03 0.00000E+00
 4.00000E-03 0.00000E+00
 7.00000E-03 0.00000E+00
 1.00000E-02 0.00000E+00
 2.00000E-02 0.00000E+00
 4.00000E-02 0.00000E+00
 7.00000E-02 0.00000E+00
 1.00000E-01 0.00000E+00
 2.00000E-01 0.00000E+00
 3.00000E-01 0.00000E+00
 4.00000E-01 0.00000E+00
 5.00000E-01 0.00000E+00
 6.00000E-01 0.00000E+00
 7.00000E-01 0.00000E+00
 8.00000E-01 0.00000E+00
 9.00000E-01 0.00000E+00
 1.00000E+00 0.00000E+00
 1.20000E+00 0.00000E+00
 1.40000E+00 0.00000E+00
 1.60000E+00 0.00000E+00
 1.80000E+00 0.00000E+00
 2.00000E+00 0.00000E+00
 2.20000E+00 0.00000E+00
 2.40000E+00 0.00000E+00
 2.60000E+00 0.00000E+00
 2.80000E+00 0.00000E+00
 3.00000E+00 0.00000E+00
 3.20000E+00 0.00000E+00
 3.40000E+00 0.00000E+00
 3.60000E+00 0.00000E+00
 3.80000E+00 0.00000E+00
 4.00000E+00 0.00000E+00
 4.20000E+00 0.00000E+00
 4.40000E+00 0.00000E+00
 4.60000E+00 0.00000E+00
 4.80000E+00 0.00000E+00
 5.00000E+00 0.00000E+00
 5.20000E+00 0.00000E+00
 5.40000E+00 0.00000E+00
 5.60000E+00 0.00000E+00
 5.80000E+00 0.00000E+00
 6.00000E+00 0.00000E+00
 6.20000E+00 0.00000E+00
 6.40000E+00 0.00000E+00
 6.60000E+00 0.00000E+00
 6.80000E+00 0.00000E+00
 7.00000E+00 0.00000E+00
 7.20000E+00 0.00000E+00
 7.40000E+00 0.00000E+00
 7.60000E+00 0.00000E+00
 7.80000E+00 1.58500E-03
 8.00000E+00 4.19601E-03
 8.50000E+00 2.41807E-02
 9.00000E+00 1.14159E-01
 9.50000E+00 2.20376E+00
 1.00000E+01 1.39211E+01
 1.05000E+01 3.89960E+01
 1.10000E+01 7.60991E+01
 1.15000E+01 1.25465E+02
 1.20000E+01 1.85085E+02
 1.25000E+01 2.52226E+02
 1.30000E+01 3.24685E+02
 1.35000E+01 3.98854E+02
 1.40000E+01 4.70596E+02
 1.45000E+01 5.36740E+02
 1.50000E+01 5.95186E+02
 1.60000E+01 6.86282E+02
 1.70000E+01 7.29616E+02
 1.80000E+01 7.41949E+02
 1.90000E+01 7.42268E+02
 2.00000E+01 7.37986E+02
 2.10000E+01 7.33782E+02
 2.20000E+01 7.29554E+02
 2.30000E+01 7.22135E+02
 2.40000E+01 7.08452E+02
 2.50000E+01 6.78366E+02
 2.60000E+01 6.36595E+02
 2.70000E+01 5.85973E+02
 2.80000E+01 5.33466E+02
 2.90000E+01 4.87362E+02
 3.00000E+01 4.48987E+02
 3.20000E+01 3.92584E+02
 3.40000E+01 3.57882E+02
 3.60000E+01 3.33297E+02
 3.80000E+01 3.18945E+02
 4.00000E+01 3.03124E+02
 4.20000E+01 2.87772E+02
 4.40000E+01 2.78304E+02
 4.60000E+01 2.64220E+02
 4.80000E+01 2.56802E+02
 5.00000E+01 2.44241E+02
 5.20000E+01 2.33790E+02
 5.40000E+01 2.22411E+02
