# p +  61Ni: Production of  58Co - Level  1     0.02495 MeV
# Q-value    = 4.64371E-01 mass=  57.935751
# E-threshold= 0.00000E+00
# # energies =   100
#     E          xs      Branching
 1.00000E-11 0.00000E+00 0.00000E+00
 2.53000E-08 0.00000E+00 0.00000E+00
 2.00000E-07 0.00000E+00 0.00000E+00
 1.00000E-06 0.00000E+00 0.00000E+00
 1.00000E-05 0.00000E+00 0.00000E+00
 1.00000E-04 0.00000E+00 0.00000E+00
 1.00000E-03 0.00000E+00 0.00000E+00
 2.00000E-03 0.00000E+00 0.00000E+00
 4.00000E-03 0.00000E+00 0.00000E+00
 7.00000E-03 0.00000E+00 0.00000E+00
 1.00000E-02 0.00000E+00 0.00000E+00
 2.00000E-02 0.00000E+00 0.00000E+00
 4.00000E-02 0.00000E+00 0.00000E+00
 7.00000E-02 0.00000E+00 0.00000E+00
 1.00000E-01 0.00000E+00 0.00000E+00
 2.00000E-01 0.00000E+00 0.00000E+00
 3.00000E-01 0.00000E+00 0.00000E+00
 4.00000E-01 0.00000E+00 0.00000E+00
 5.00000E-01 0.00000E+00 0.00000E+00
 6.00000E-01 0.00000E+00 0.00000E+00
 7.00000E-01 0.00000E+00 0.00000E+00
 8.00000E-01 0.00000E+00 0.00000E+00
 9.00000E-01 0.00000E+00 0.00000E+00
 1.00000E+00 0.00000E+00 0.00000E+00
 1.20000E+00 0.00000E+00 0.00000E+00
 1.40000E+00 0.00000E+00 0.00000E+00
 1.60000E+00 0.00000E+00 0.00000E+00
 1.80000E+00 0.00000E+00 0.00000E+00
 2.00000E+00 0.00000E+00 0.00000E+00
 2.20000E+00 0.00000E+00 0.00000E+00
 2.40000E+00 0.00000E+00 0.00000E+00
 2.60000E+00 0.00000E+00 0.00000E+00
 2.80000E+00 0.00000E+00 0.00000E+00
 3.00000E+00 1.84487E-06 0.00000E+00
 3.20000E+00 8.81610E-06 0.00000E+00
 3.40000E+00 3.12649E-05 0.00000E+00
 3.60000E+00 9.10689E-05 0.00000E+00
 3.80000E+00 4.50774E-04 3.85845E-01
 4.00000E+00 9.40114E-04 3.67577E-01
 4.20000E+00 2.15604E-03 3.73464E-01
 4.40000E+00 4.46024E-03 3.58702E-01
 4.60000E+00 6.16191E-03 3.21218E-01
 4.80000E+00 1.39793E-02 3.23931E-01
 5.00000E+00 2.28754E-02 3.07965E-01
 5.20000E+00 4.01262E-02 3.03285E-01
 5.40000E+00 7.40726E-02 3.01003E-01
 5.60000E+00 1.14431E-01 2.94419E-01
 5.80000E+00 1.95976E-01 2.97597E-01
 6.00000E+00 2.97371E-01 2.96878E-01
 6.20000E+00 4.41295E-01 2.96577E-01
 6.40000E+00 6.62405E-01 2.98109E-01
 6.60000E+00 9.19815E-01 2.96051E-01
 6.80000E+00 1.29935E+00 2.97903E-01
 7.00000E+00 1.75264E+00 2.97851E-01
 7.20000E+00 2.30644E+00 2.97102E-01
 7.40000E+00 2.99781E+00 2.97754E-01
 7.60000E+00 3.74941E+00 2.96547E-01
 7.80000E+00 4.64105E+00 2.96537E-01
 8.00000E+00 5.59557E+00 2.95807E-01
 8.50000E+00 8.22324E+00 2.92401E-01
 9.00000E+00 1.09615E+01 2.88162E-01
 9.50000E+00 1.36137E+01 2.84935E-01
 1.00000E+01 1.60653E+01 2.83797E-01
 1.05000E+01 1.81686E+01 2.84746E-01
 1.10000E+01 1.99092E+01 2.87258E-01
 1.15000E+01 2.12921E+01 2.90916E-01
 1.20000E+01 2.23217E+01 2.95346E-01
 1.25000E+01 2.30615E+01 3.00291E-01
 1.30000E+01 2.35582E+01 3.05527E-01
 1.35000E+01 2.38653E+01 3.10951E-01
 1.40000E+01 2.39947E+01 3.16371E-01
 1.45000E+01 2.39617E+01 3.21774E-01
 1.50000E+01 2.37770E+01 3.27124E-01
 1.60000E+01 2.21276E+01 3.37809E-01
 1.70000E+01 1.86590E+01 3.48242E-01
 1.80000E+01 1.43433E+01 3.57174E-01
 1.90000E+01 1.05224E+01 3.62605E-01
 2.00000E+01 7.78318E+00 3.63971E-01
 2.10000E+01 6.10108E+00 3.59974E-01
 2.20000E+01 4.74994E+00 3.53948E-01
 2.30000E+01 3.78026E+00 3.50080E-01
 2.40000E+01 3.33442E+00 3.45002E-01
 2.50000E+01 2.73567E+00 3.42164E-01
 2.60000E+01 2.53098E+00 3.41310E-01
 2.70000E+01 2.14015E+00 3.43716E-01
 2.80000E+01 2.06595E+00 3.48211E-01
 2.90000E+01 1.89568E+00 3.57965E-01
 3.00000E+01 1.95462E+00 3.68539E-01
 3.20000E+01 2.35737E+00 3.94824E-01
 3.40000E+01 3.32812E+00 4.18627E-01
 3.60000E+01 6.79554E+00 4.87225E-01
 3.80000E+01 1.63271E+01 5.34819E-01
 4.00000E+01 3.18490E+01 5.40186E-01
 4.20000E+01 4.80292E+01 5.26852E-01
 4.40000E+01 6.11962E+01 5.10174E-01
 4.60000E+01 7.27263E+01 5.01082E-01
 4.80000E+01 7.69386E+01 4.92938E-01
 5.00000E+01 7.94419E+01 4.84343E-01
 5.20000E+01 7.62961E+01 4.79000E-01
 5.40000E+01 7.26465E+01 4.71774E-01
