# p +  61Ni: Production of  61Cu - Total
# Q-value    =-3.02032E+00 mass=  60.933457
# E-threshold= 3.07025E+00
# # energies =   100
#     E          xs
 1.00000E-11 0.00000E+00
 2.53000E-08 0.00000E+00
 2.00000E-07 0.00000E+00
 1.00000E-06 0.00000E+00
 1.00000E-05 0.00000E+00
 1.00000E-04 0.00000E+00
 1.00000E-03 0.00000E+00
 2.00000E-03 0.00000E+00
 4.00000E-03 0.00000E+00
 7.00000E-03 0.00000E+00
 1.00000E-02 0.00000E+00
 2.00000E-02 0.00000E+00
 4.00000E-02 0.00000E+00
 7.00000E-02 0.00000E+00
 1.00000E-01 0.00000E+00
 2.00000E-01 0.00000E+00
 3.00000E-01 0.00000E+00
 4.00000E-01 0.00000E+00
 5.00000E-01 0.00000E+00
 6.00000E-01 0.00000E+00
 7.00000E-01 0.00000E+00
 8.00000E-01 0.00000E+00
 9.00000E-01 0.00000E+00
 1.00000E+00 0.00000E+00
 1.20000E+00 0.00000E+00
 1.40000E+00 0.00000E+00
 1.60000E+00 0.00000E+00
 1.80000E+00 0.00000E+00
 2.00000E+00 0.00000E+00
 2.20000E+00 0.00000E+00
 2.40000E+00 0.00000E+00
 2.60000E+00 0.00000E+00
 2.80000E+00 0.00000E+00
 3.00000E+00 0.00000E+00
 3.20000E+00 1.62249E+01
 3.40000E+00 2.68300E+01
 3.60000E+00 3.99089E+01
 3.80000E+00 5.32510E+01
 4.00000E+00 6.59260E+01
 4.20000E+00 8.56916E+01
 4.40000E+00 1.00338E+02
 4.60000E+00 1.25543E+02
 4.80000E+00 1.45344E+02
 5.00000E+00 1.66437E+02
 5.20000E+00 1.93215E+02
 5.40000E+00 2.15998E+02
 5.60000E+00 2.37419E+02
 5.80000E+00 2.57429E+02
 6.00000E+00 2.75746E+02
 6.20000E+00 2.92296E+02
 6.40000E+00 3.07233E+02
 6.60000E+00 3.20779E+02
 6.80000E+00 3.33105E+02
 7.00000E+00 3.44505E+02
 7.20000E+00 3.54955E+02
 7.40000E+00 3.64608E+02
 7.60000E+00 3.73448E+02
 7.80000E+00 3.81832E+02
 8.00000E+00 3.89533E+02
 8.50000E+00 4.06316E+02
 9.00000E+00 4.19858E+02
 9.50000E+00 4.28508E+02
 1.00000E+01 4.25575E+02
 1.05000E+01 4.07197E+02
 1.10000E+01 3.77457E+02
 1.15000E+01 3.40386E+02
 1.20000E+01 2.99857E+02
 1.25000E+01 2.58600E+02
 1.30000E+01 2.18848E+02
 1.35000E+01 1.82548E+02
 1.40000E+01 1.51451E+02
 1.45000E+01 1.25872E+02
 1.50000E+01 1.05203E+02
 1.60000E+01 7.63950E+01
 1.70000E+01 5.89610E+01
 1.80000E+01 4.86381E+01
 1.90000E+01 4.22135E+01
 2.00000E+01 3.80395E+01
 2.10000E+01 3.51200E+01
 2.20000E+01 3.29225E+01
 2.30000E+01 3.10276E+01
 2.40000E+01 2.94401E+01
 2.50000E+01 2.79774E+01
 2.60000E+01 2.65114E+01
 2.70000E+01 2.53899E+01
 2.80000E+01 2.41040E+01
 2.90000E+01 2.27828E+01
 3.00000E+01 2.16567E+01
 3.20000E+01 1.94631E+01
 3.40000E+01 1.75542E+01
 3.60000E+01 1.58993E+01
 3.80000E+01 1.45190E+01
 4.00000E+01 1.32888E+01
 4.20000E+01 1.21990E+01
 4.40000E+01 1.12002E+01
 4.60000E+01 1.03089E+01
 4.80000E+01 9.65927E+00
 5.00000E+01 8.98747E+00
 5.20000E+01 8.42707E+00
 5.40000E+01 7.94135E+00
