# p +  61Ni: Production of  60Co - Ground state
# Q-value    =-9.86056E+00 mass=  59.933816
# E-threshold= 1.00236E+01
# # energies =   100
#     E          xs      Branching
 1.00000E-11 0.00000E+00 0.00000E+00
 2.53000E-08 0.00000E+00 0.00000E+00
 2.00000E-07 0.00000E+00 0.00000E+00
 1.00000E-06 0.00000E+00 0.00000E+00
 1.00000E-05 0.00000E+00 0.00000E+00
 1.00000E-04 0.00000E+00 0.00000E+00
 1.00000E-03 0.00000E+00 0.00000E+00
 2.00000E-03 0.00000E+00 0.00000E+00
 4.00000E-03 0.00000E+00 0.00000E+00
 7.00000E-03 0.00000E+00 0.00000E+00
 1.00000E-02 0.00000E+00 0.00000E+00
 2.00000E-02 0.00000E+00 0.00000E+00
 4.00000E-02 0.00000E+00 0.00000E+00
 7.00000E-02 0.00000E+00 0.00000E+00
 1.00000E-01 0.00000E+00 0.00000E+00
 2.00000E-01 0.00000E+00 0.00000E+00
 3.00000E-01 0.00000E+00 0.00000E+00
 4.00000E-01 0.00000E+00 0.00000E+00
 5.00000E-01 0.00000E+00 0.00000E+00
 6.00000E-01 0.00000E+00 0.00000E+00
 7.00000E-01 0.00000E+00 0.00000E+00
 8.00000E-01 0.00000E+00 0.00000E+00
 9.00000E-01 0.00000E+00 0.00000E+00
 1.00000E+00 0.00000E+00 0.00000E+00
 1.20000E+00 0.00000E+00 0.00000E+00
 1.40000E+00 0.00000E+00 0.00000E+00
 1.60000E+00 0.00000E+00 0.00000E+00
 1.80000E+00 0.00000E+00 0.00000E+00
 2.00000E+00 0.00000E+00 0.00000E+00
 2.20000E+00 0.00000E+00 0.00000E+00
 2.40000E+00 0.00000E+00 0.00000E+00
 2.60000E+00 0.00000E+00 0.00000E+00
 2.80000E+00 0.00000E+00 0.00000E+00
 3.00000E+00 0.00000E+00 0.00000E+00
 3.20000E+00 0.00000E+00 0.00000E+00
 3.40000E+00 0.00000E+00 0.00000E+00
 3.60000E+00 0.00000E+00 0.00000E+00
 3.80000E+00 0.00000E+00 0.00000E+00
 4.00000E+00 0.00000E+00 0.00000E+00
 4.20000E+00 0.00000E+00 0.00000E+00
 4.40000E+00 0.00000E+00 0.00000E+00
 4.60000E+00 0.00000E+00 0.00000E+00
 4.80000E+00 0.00000E+00 0.00000E+00
 5.00000E+00 0.00000E+00 0.00000E+00
 5.20000E+00 0.00000E+00 0.00000E+00
 5.40000E+00 0.00000E+00 0.00000E+00
 5.60000E+00 0.00000E+00 0.00000E+00
 5.80000E+00 0.00000E+00 0.00000E+00
 6.00000E+00 0.00000E+00 0.00000E+00
 6.20000E+00 0.00000E+00 0.00000E+00
 6.40000E+00 0.00000E+00 0.00000E+00
 6.60000E+00 0.00000E+00 0.00000E+00
 6.80000E+00 0.00000E+00 0.00000E+00
 7.00000E+00 0.00000E+00 0.00000E+00
 7.20000E+00 0.00000E+00 0.00000E+00
 7.40000E+00 0.00000E+00 0.00000E+00
 7.60000E+00 0.00000E+00 0.00000E+00
 7.80000E+00 0.00000E+00 0.00000E+00
 8.00000E+00 0.00000E+00 0.00000E+00
 8.50000E+00 0.00000E+00 0.00000E+00
 9.00000E+00 0.00000E+00 0.00000E+00
 9.50000E+00 0.00000E+00 0.00000E+00
 1.00000E+01 0.00000E+00 0.00000E+00
 1.05000E+01 0.00000E+00 0.00000E+00
 1.10000E+01 0.00000E+00 0.00000E+00
 1.15000E+01 0.00000E+00 0.00000E+00
 1.20000E+01 0.00000E+00 0.00000E+00
 1.25000E+01 0.00000E+00 0.00000E+00
 1.30000E+01 0.00000E+00 0.00000E+00
 1.35000E+01 0.00000E+00 0.00000E+00
 1.40000E+01 0.00000E+00 0.00000E+00
 1.45000E+01 3.67505E-03 8.20453E-01
 1.50000E+01 1.67951E-02 7.94587E-01
 1.60000E+01 1.72826E-01 7.42224E-01
 1.70000E+01 8.19222E-01 6.89624E-01
 1.80000E+01 2.25733E+00 6.40255E-01
 1.90000E+01 4.33302E+00 5.96149E-01
 2.00000E+01 6.76942E+00 5.62547E-01
 2.10000E+01 9.54806E+00 5.41792E-01
 2.20000E+01 1.27446E+01 5.32401E-01
 2.30000E+01 1.66741E+01 5.33567E-01
 2.40000E+01 2.12170E+01 5.39613E-01
 2.50000E+01 2.60280E+01 5.48534E-01
 2.60000E+01 2.95146E+01 5.59862E-01
 2.70000E+01 3.12242E+01 5.69118E-01
 2.80000E+01 3.11566E+01 5.78192E-01
 2.90000E+01 2.97126E+01 5.84968E-01
 3.00000E+01 2.83252E+01 5.81676E-01
 3.20000E+01 2.25545E+01 5.85110E-01
 3.40000E+01 1.94582E+01 5.76310E-01
 3.60000E+01 1.75079E+01 5.66339E-01
 3.80000E+01 1.66214E+01 5.57056E-01
 4.00000E+01 1.63931E+01 5.44500E-01
 4.20000E+01 1.57360E+01 5.44597E-01
 4.40000E+01 1.60809E+01 5.35495E-01
 4.60000E+01 1.51687E+01 5.37105E-01
 4.80000E+01 1.52155E+01 5.27904E-01
 5.00000E+01 1.42282E+01 5.30001E-01
 5.20000E+01 1.42480E+01 5.26894E-01
 5.40000E+01 1.42573E+01 5.18128E-01
