# p +  61Ni: Production of  60Co - Total
# Q-value    =-9.86056E+00 mass=  59.933816
# E-threshold= 1.00236E+01
# # energies =   100
#     E          xs
 1.00000E-11 0.00000E+00
 2.53000E-08 0.00000E+00
 2.00000E-07 0.00000E+00
 1.00000E-06 0.00000E+00
 1.00000E-05 0.00000E+00
 1.00000E-04 0.00000E+00
 1.00000E-03 0.00000E+00
 2.00000E-03 0.00000E+00
 4.00000E-03 0.00000E+00
 7.00000E-03 0.00000E+00
 1.00000E-02 0.00000E+00
 2.00000E-02 0.00000E+00
 4.00000E-02 0.00000E+00
 7.00000E-02 0.00000E+00
 1.00000E-01 0.00000E+00
 2.00000E-01 0.00000E+00
 3.00000E-01 0.00000E+00
 4.00000E-01 0.00000E+00
 5.00000E-01 0.00000E+00
 6.00000E-01 0.00000E+00
 7.00000E-01 0.00000E+00
 8.00000E-01 0.00000E+00
 9.00000E-01 0.00000E+00
 1.00000E+00 0.00000E+00
 1.20000E+00 0.00000E+00
 1.40000E+00 0.00000E+00
 1.60000E+00 0.00000E+00
 1.80000E+00 0.00000E+00
 2.00000E+00 0.00000E+00
 2.20000E+00 0.00000E+00
 2.40000E+00 0.00000E+00
 2.60000E+00 0.00000E+00
 2.80000E+00 0.00000E+00
 3.00000E+00 0.00000E+00
 3.20000E+00 0.00000E+00
 3.40000E+00 0.00000E+00
 3.60000E+00 0.00000E+00
 3.80000E+00 0.00000E+00
 4.00000E+00 0.00000E+00
 4.20000E+00 0.00000E+00
 4.40000E+00 0.00000E+00
 4.60000E+00 0.00000E+00
 4.80000E+00 0.00000E+00
 5.00000E+00 0.00000E+00
 5.20000E+00 0.00000E+00
 5.40000E+00 0.00000E+00
 5.60000E+00 0.00000E+00
 5.80000E+00 0.00000E+00
 6.00000E+00 0.00000E+00
 6.20000E+00 0.00000E+00
 6.40000E+00 0.00000E+00
 6.60000E+00 0.00000E+00
 6.80000E+00 0.00000E+00
 7.00000E+00 0.00000E+00
 7.20000E+00 0.00000E+00
 7.40000E+00 0.00000E+00
 7.60000E+00 0.00000E+00
 7.80000E+00 0.00000E+00
 8.00000E+00 0.00000E+00
 8.50000E+00 0.00000E+00
 9.00000E+00 0.00000E+00
 9.50000E+00 0.00000E+00
 1.00000E+01 0.00000E+00
 1.05000E+01 0.00000E+00
 1.10000E+01 0.00000E+00
 1.15000E+01 0.00000E+00
 1.20000E+01 0.00000E+00
 1.25000E+01 0.00000E+00
 1.30000E+01 0.00000E+00
 1.35000E+01 0.00000E+00
 1.40000E+01 0.00000E+00
 1.45000E+01 4.47930E-03
 1.50000E+01 2.11369E-02
 1.60000E+01 2.32849E-01
 1.70000E+01 1.18793E+00
 1.80000E+01 3.52567E+00
 1.90000E+01 7.26835E+00
 2.00000E+01 1.20335E+01
 2.10000E+01 1.76231E+01
 2.20000E+01 2.39379E+01
 2.30000E+01 3.12502E+01
 2.40000E+01 3.93189E+01
 2.50000E+01 4.74501E+01
 2.60000E+01 5.27176E+01
 2.70000E+01 5.48642E+01
 2.80000E+01 5.38863E+01
 2.90000E+01 5.07936E+01
 3.00000E+01 4.86959E+01
 3.20000E+01 3.85475E+01
 3.40000E+01 3.37634E+01
 3.60000E+01 3.09142E+01
 3.80000E+01 2.98380E+01
 4.00000E+01 3.01067E+01
 4.20000E+01 2.88947E+01
 4.40000E+01 3.00299E+01
 4.60000E+01 2.82416E+01
 4.80000E+01 2.88225E+01
 5.00000E+01 2.68456E+01
 5.20000E+01 2.70416E+01
 5.40000E+01 2.75169E+01
