# p +  60Ni: Production of  61Cu - Total
# Q-value    = 4.79979E+00 mass=  60.933457
# E-threshold= 0.00000E+00
# # energies =   100
#     E          xs
 1.00000E-11 0.00000E+00
 2.53000E-08 0.00000E+00
 2.00000E-07 0.00000E+00
 1.00000E-06 0.00000E+00
 1.00000E-05 0.00000E+00
 1.00000E-04 0.00000E+00
 1.00000E-03 0.00000E+00
 2.00000E-03 0.00000E+00
 4.00000E-03 0.00000E+00
 7.00000E-03 0.00000E+00
 1.00000E-02 0.00000E+00
 2.00000E-02 0.00000E+00
 4.00000E-02 0.00000E+00
 7.00000E-02 0.00000E+00
 1.00000E-01 0.00000E+00
 2.00000E-01 0.00000E+00
 3.00000E-01 0.00000E+00
 4.00000E-01 0.00000E+00
 5.00000E-01 0.00000E+00
 6.00000E-01 0.00000E+00
 7.00000E-01 0.00000E+00
 8.00000E-01 1.00000E-07
 9.00000E-01 1.00000E-07
 1.00000E+00 1.00000E-07
 1.20000E+00 5.49993E-03
 1.40000E+00 1.98307E-02
 1.60000E+00 4.66291E-02
 1.80000E+00 8.51258E-02
 2.00000E+00 1.32682E-01
 2.20000E+00 1.87886E-01
 2.40000E+00 2.50655E-01
 2.60000E+00 3.20372E-01
 2.80000E+00 3.92914E-01
 3.00000E+00 4.62347E-01
 3.20000E+00 5.25574E-01
 3.40000E+00 5.82417E-01
 3.60000E+00 6.35679E-01
 3.80000E+00 6.85690E-01
 4.00000E+00 7.30996E-01
 4.20000E+00 7.71817E-01
 4.40000E+00 8.04873E-01
 4.60000E+00 8.33704E-01
 4.80000E+00 8.59954E-01
 5.00000E+00 8.82765E-01
 5.20000E+00 9.01896E-01
 5.40000E+00 9.15831E-01
 5.60000E+00 9.24971E-01
 5.80000E+00 9.26312E-01
 6.00000E+00 9.19072E-01
 6.20000E+00 9.04347E-01
 6.40000E+00 8.80026E-01
 6.60000E+00 8.49587E-01
 6.80000E+00 8.12497E-01
 7.00000E+00 7.72657E-01
 7.20000E+00 6.97529E-01
 7.40000E+00 6.33145E-01
 7.60000E+00 5.74348E-01
 7.80000E+00 5.02802E-01
 8.00000E+00 4.52587E-01
 8.50000E+00 3.79110E-01
 9.00000E+00 3.49917E-01
 9.50000E+00 3.44953E-01
 1.00000E+01 3.52261E-01
 1.05000E+01 3.72800E-01
 1.10000E+01 4.03860E-01
 1.15000E+01 4.44951E-01
 1.20000E+01 4.95788E-01
 1.25000E+01 5.55213E-01
 1.30000E+01 6.20933E-01
 1.35000E+01 6.92347E-01
 1.40000E+01 7.66497E-01
 1.45000E+01 8.40634E-01
 1.50000E+01 9.10161E-01
 1.60000E+01 1.02421E+00
 1.70000E+01 1.09191E+00
 1.80000E+01 1.10933E+00
 1.90000E+01 1.06473E+00
 2.00000E+01 9.84163E-01
 2.10000E+01 8.77101E-01
 2.20000E+01 7.63212E-01
 2.30000E+01 6.50503E-01
 2.40000E+01 5.51135E-01
 2.50000E+01 4.67625E-01
 2.60000E+01 4.00105E-01
 2.70000E+01 3.47841E-01
 2.80000E+01 3.05493E-01
 2.90000E+01 2.71420E-01
 3.00000E+01 2.44939E-01
 3.20000E+01 2.02287E-01
 3.40000E+01 1.69769E-01
 3.60000E+01 1.43367E-01
 3.80000E+01 1.22144E-01
 4.00000E+01 1.03904E-01
 4.20000E+01 9.10369E-02
 4.40000E+01 8.11926E-02
 4.60000E+01 7.34583E-02
 4.80000E+01 6.68226E-02
 5.00000E+01 6.17168E-02
 5.20000E+01 5.78025E-02
 5.40000E+01 5.51076E-02
