# p +  60Ni: Production of  57Co - Total
# Q-value    =-2.63527E-01 mass=  56.936290
# E-threshold= 2.67957E-01
# # energies =   100
#     E          xs
 1.00000E-11 0.00000E+00
 2.53000E-08 0.00000E+00
 2.00000E-07 0.00000E+00
 1.00000E-06 0.00000E+00
 1.00000E-05 0.00000E+00
 1.00000E-04 0.00000E+00
 1.00000E-03 0.00000E+00
 2.00000E-03 0.00000E+00
 4.00000E-03 0.00000E+00
 7.00000E-03 0.00000E+00
 1.00000E-02 0.00000E+00
 2.00000E-02 0.00000E+00
 4.00000E-02 0.00000E+00
 7.00000E-02 0.00000E+00
 1.00000E-01 0.00000E+00
 2.00000E-01 0.00000E+00
 3.00000E-01 0.00000E+00
 4.00000E-01 0.00000E+00
 5.00000E-01 0.00000E+00
 6.00000E-01 0.00000E+00
 7.00000E-01 0.00000E+00
 8.00000E-01 0.00000E+00
 9.00000E-01 0.00000E+00
 1.00000E+00 0.00000E+00
 1.20000E+00 0.00000E+00
 1.40000E+00 0.00000E+00
 1.60000E+00 0.00000E+00
 1.80000E+00 0.00000E+00
 2.00000E+00 0.00000E+00
 2.20000E+00 0.00000E+00
 2.40000E+00 0.00000E+00
 2.60000E+00 0.00000E+00
 2.80000E+00 0.00000E+00
 3.00000E+00 0.00000E+00
 3.20000E+00 0.00000E+00
 3.40000E+00 0.00000E+00
 3.60000E+00 0.00000E+00
 3.80000E+00 0.00000E+00
 4.00000E+00 0.00000E+00
 4.20000E+00 0.00000E+00
 4.40000E+00 1.06572E-03
 4.60000E+00 2.91023E-03
 4.80000E+00 5.22356E-03
 5.00000E+00 1.37743E-02
 5.20000E+00 2.53824E-02
 5.40000E+00 4.51277E-02
 5.60000E+00 9.55520E-02
 5.80000E+00 1.50311E-01
 6.00000E+00 3.15327E-01
 6.20000E+00 5.52144E-01
 6.40000E+00 8.33046E-01
 6.60000E+00 1.36484E+00
 6.80000E+00 1.90324E+00
 7.00000E+00 2.65890E+00
 7.20000E+00 3.45942E+00
 7.40000E+00 4.22150E+00
 7.60000E+00 5.20932E+00
 7.80000E+00 5.84991E+00
 8.00000E+00 6.58625E+00
 8.50000E+00 8.82206E+00
 9.00000E+00 1.17097E+01
 9.50000E+00 1.53818E+01
 1.00000E+01 2.00826E+01
 1.05000E+01 2.56538E+01
 1.10000E+01 3.17301E+01
 1.15000E+01 3.77855E+01
 1.20000E+01 4.34859E+01
 1.25000E+01 4.86458E+01
 1.30000E+01 5.32040E+01
 1.35000E+01 5.72178E+01
 1.40000E+01 6.06618E+01
 1.45000E+01 6.36237E+01
 1.50000E+01 6.60205E+01
 1.60000E+01 6.84699E+01
 1.70000E+01 6.62594E+01
 1.80000E+01 5.88244E+01
 1.90000E+01 4.78930E+01
 2.00000E+01 3.64450E+01
 2.10000E+01 2.65533E+01
 2.20000E+01 1.89221E+01
 2.30000E+01 1.36109E+01
 2.40000E+01 9.99479E+00
 2.50000E+01 7.62449E+00
 2.60000E+01 6.10774E+00
 2.70000E+01 5.13504E+00
 2.80000E+01 4.51539E+00
 2.90000E+01 4.15214E+00
 3.00000E+01 4.01162E+00
 3.20000E+01 4.49176E+00
 3.40000E+01 6.68429E+00
 3.60000E+01 1.34809E+01
 3.80000E+01 3.05513E+01
 4.00000E+01 6.15865E+01
 4.20000E+01 1.01944E+02
 4.40000E+01 1.41297E+02
 4.60000E+01 1.65819E+02
 4.80000E+01 1.91076E+02
 5.00000E+01 1.98324E+02
 5.20000E+01 2.03914E+02
 5.40000E+01 1.97550E+02
