# p +  60Ni: Production of  60Cu - Total
# Q-value    =-6.91033E+00 mass=  59.937364
# E-threshold= 7.02648E+00
# # energies =   100
#     E          xs
 1.00000E-11 0.00000E+00
 2.53000E-08 0.00000E+00
 2.00000E-07 0.00000E+00
 1.00000E-06 0.00000E+00
 1.00000E-05 0.00000E+00
 1.00000E-04 0.00000E+00
 1.00000E-03 0.00000E+00
 2.00000E-03 0.00000E+00
 4.00000E-03 0.00000E+00
 7.00000E-03 0.00000E+00
 1.00000E-02 0.00000E+00
 2.00000E-02 0.00000E+00
 4.00000E-02 0.00000E+00
 7.00000E-02 0.00000E+00
 1.00000E-01 0.00000E+00
 2.00000E-01 0.00000E+00
 3.00000E-01 0.00000E+00
 4.00000E-01 0.00000E+00
 5.00000E-01 0.00000E+00
 6.00000E-01 0.00000E+00
 7.00000E-01 0.00000E+00
 8.00000E-01 0.00000E+00
 9.00000E-01 0.00000E+00
 1.00000E+00 0.00000E+00
 1.20000E+00 0.00000E+00
 1.40000E+00 0.00000E+00
 1.60000E+00 0.00000E+00
 1.80000E+00 0.00000E+00
 2.00000E+00 0.00000E+00
 2.20000E+00 0.00000E+00
 2.40000E+00 0.00000E+00
 2.60000E+00 0.00000E+00
 2.80000E+00 0.00000E+00
 3.00000E+00 0.00000E+00
 3.20000E+00 0.00000E+00
 3.40000E+00 0.00000E+00
 3.60000E+00 0.00000E+00
 3.80000E+00 0.00000E+00
 4.00000E+00 0.00000E+00
 4.20000E+00 0.00000E+00
 4.40000E+00 0.00000E+00
 4.60000E+00 0.00000E+00
 4.80000E+00 0.00000E+00
 5.00000E+00 0.00000E+00
 5.20000E+00 0.00000E+00
 5.40000E+00 0.00000E+00
 5.60000E+00 0.00000E+00
 5.80000E+00 0.00000E+00
 6.00000E+00 0.00000E+00
 6.20000E+00 0.00000E+00
 6.40000E+00 0.00000E+00
 6.60000E+00 0.00000E+00
 6.80000E+00 0.00000E+00
 7.00000E+00 0.00000E+00
 7.20000E+00 3.40235E+01
 7.40000E+00 6.04123E+01
 7.60000E+00 9.02323E+01
 7.80000E+00 1.36657E+02
 8.00000E+00 1.70716E+02
 8.50000E+00 2.32647E+02
 9.00000E+00 2.71350E+02
 9.50000E+00 2.98093E+02
 1.00000E+01 3.20729E+02
 1.05000E+01 3.37433E+02
 1.10000E+01 3.51628E+02
 1.15000E+01 3.64011E+02
 1.20000E+01 3.74598E+02
 1.25000E+01 3.83797E+02
 1.30000E+01 3.91278E+02
 1.35000E+01 3.88408E+02
 1.40000E+01 3.66032E+02
 1.45000E+01 3.28777E+02
 1.50000E+01 2.85927E+02
 1.60000E+01 2.06172E+02
 1.70000E+01 1.45630E+02
 1.80000E+01 1.03277E+02
 1.90000E+01 7.51071E+01
 2.00000E+01 5.70609E+01
 2.10000E+01 4.57688E+01
 2.20000E+01 3.86760E+01
 2.30000E+01 3.40367E+01
 2.40000E+01 3.07965E+01
 2.50000E+01 2.83619E+01
 2.60000E+01 2.64936E+01
 2.70000E+01 2.49132E+01
 2.80000E+01 2.35896E+01
 2.90000E+01 2.23124E+01
 3.00000E+01 2.11846E+01
 3.20000E+01 1.91345E+01
 3.40000E+01 1.71766E+01
 3.60000E+01 1.55565E+01
 3.80000E+01 1.39639E+01
 4.00000E+01 1.28076E+01
 4.20000E+01 1.16199E+01
 4.40000E+01 1.07454E+01
 4.60000E+01 1.00099E+01
 4.80000E+01 9.10273E+00
 5.00000E+01 8.63751E+00
 5.20000E+01 8.11517E+00
 5.40000E+01 7.75041E+00
