# p +  58Ni: Production of  58Cu - Total
# Q-value    =-9.34337E+00 mass=  57.944532
# E-threshold= 9.50582E+00
# # energies =   100
#     E          xs
 1.00000E-11 0.00000E+00
 2.53000E-08 0.00000E+00
 2.00000E-07 0.00000E+00
 1.00000E-06 0.00000E+00
 1.00000E-05 0.00000E+00
 1.00000E-04 0.00000E+00
 1.00000E-03 0.00000E+00
 2.00000E-03 0.00000E+00
 4.00000E-03 0.00000E+00
 7.00000E-03 0.00000E+00
 1.00000E-02 0.00000E+00
 2.00000E-02 0.00000E+00
 4.00000E-02 0.00000E+00
 7.00000E-02 0.00000E+00
 1.00000E-01 0.00000E+00
 2.00000E-01 0.00000E+00
 3.00000E-01 0.00000E+00
 4.00000E-01 0.00000E+00
 5.00000E-01 0.00000E+00
 6.00000E-01 0.00000E+00
 7.00000E-01 0.00000E+00
 8.00000E-01 0.00000E+00
 9.00000E-01 0.00000E+00
 1.00000E+00 0.00000E+00
 1.20000E+00 0.00000E+00
 1.40000E+00 0.00000E+00
 1.60000E+00 0.00000E+00
 1.80000E+00 0.00000E+00
 2.00000E+00 0.00000E+00
 2.20000E+00 0.00000E+00
 2.40000E+00 0.00000E+00
 2.60000E+00 0.00000E+00
 2.80000E+00 0.00000E+00
 3.00000E+00 0.00000E+00
 3.20000E+00 0.00000E+00
 3.40000E+00 0.00000E+00
 3.60000E+00 0.00000E+00
 3.80000E+00 0.00000E+00
 4.00000E+00 0.00000E+00
 4.20000E+00 0.00000E+00
 4.40000E+00 0.00000E+00
 4.60000E+00 0.00000E+00
 4.80000E+00 0.00000E+00
 5.00000E+00 0.00000E+00
 5.20000E+00 0.00000E+00
 5.40000E+00 0.00000E+00
 5.60000E+00 0.00000E+00
 5.80000E+00 0.00000E+00
 6.00000E+00 0.00000E+00
 6.20000E+00 0.00000E+00
 6.40000E+00 0.00000E+00
 6.60000E+00 0.00000E+00
 6.80000E+00 0.00000E+00
 7.00000E+00 0.00000E+00
 7.20000E+00 0.00000E+00
 7.40000E+00 0.00000E+00
 7.60000E+00 0.00000E+00
 7.80000E+00 0.00000E+00
 8.00000E+00 0.00000E+00
 8.50000E+00 0.00000E+00
 9.00000E+00 0.00000E+00
 9.50000E+00 0.00000E+00
 1.00000E+01 7.29326E+00
 1.05000E+01 1.17227E+01
 1.10000E+01 1.55767E+01
 1.15000E+01 2.12989E+01
 1.20000E+01 2.66299E+01
 1.25000E+01 3.15513E+01
 1.30000E+01 3.58966E+01
 1.35000E+01 3.96446E+01
 1.40000E+01 4.19865E+01
 1.45000E+01 4.17234E+01
 1.50000E+01 3.97317E+01
 1.60000E+01 3.36771E+01
 1.70000E+01 2.81297E+01
 1.80000E+01 2.40458E+01
 1.90000E+01 2.07968E+01
 2.00000E+01 1.81634E+01
 2.10000E+01 1.63337E+01
 2.20000E+01 1.49995E+01
 2.30000E+01 1.39405E+01
 2.40000E+01 1.36636E+01
 2.50000E+01 1.31007E+01
 2.60000E+01 1.23027E+01
 2.70000E+01 1.15885E+01
 2.80000E+01 1.09002E+01
 2.90000E+01 1.02917E+01
 3.00000E+01 9.83068E+00
 3.20000E+01 9.44448E+00
 3.40000E+01 8.37186E+00
 3.60000E+01 7.48823E+00
 3.80000E+01 6.41776E+00
 4.00000E+01 5.84091E+00
 4.20000E+01 5.25357E+00
 4.40000E+01 4.67772E+00
 4.60000E+01 4.36286E+00
 4.80000E+01 4.03096E+00
 5.00000E+01 3.77842E+00
 5.20000E+01 4.10402E+00
 5.40000E+01 3.89842E+00
