# p +  62Ni: Production of  59Co - Total
# Q-value    = 3.47456E-01 mass=  58.933194
# E-threshold= 0.00000E+00
# # energies =   100
#     E          xs
 1.00000E-11 0.00000E+00
 2.53000E-08 0.00000E+00
 2.00000E-07 0.00000E+00
 1.00000E-06 0.00000E+00
 1.00000E-05 0.00000E+00
 1.00000E-04 0.00000E+00
 1.00000E-03 0.00000E+00
 2.00000E-03 0.00000E+00
 4.00000E-03 0.00000E+00
 7.00000E-03 0.00000E+00
 1.00000E-02 0.00000E+00
 2.00000E-02 0.00000E+00
 4.00000E-02 0.00000E+00
 7.00000E-02 0.00000E+00
 1.00000E-01 0.00000E+00
 2.00000E-01 0.00000E+00
 3.00000E-01 0.00000E+00
 4.00000E-01 0.00000E+00
 5.00000E-01 0.00000E+00
 6.00000E-01 0.00000E+00
 7.00000E-01 0.00000E+00
 8.00000E-01 1.00000E-07
 9.00000E-01 1.00000E-07
 1.00000E+00 1.00000E-07
 1.20000E+00 1.00000E-07
 1.40000E+00 1.00000E-07
 1.60000E+00 1.00000E-07
 1.80000E+00 1.00000E-07
 2.00000E+00 1.00000E-07
 2.20000E+00 1.00000E-07
 2.40000E+00 1.00000E-07
 2.60000E+00 1.00000E-07
 2.80000E+00 1.00000E-07
 3.00000E+00 1.00000E-07
 3.20000E+00 1.00000E-07
 3.40000E+00 1.00000E-07
 3.60000E+00 1.00000E-07
 3.80000E+00 1.25503E-03
 4.00000E+00 3.65045E-03
 4.20000E+00 6.98841E-03
 4.40000E+00 2.22370E-02
 4.60000E+00 4.29622E-02
 4.80000E+00 9.13425E-02
 5.00000E+00 1.45683E-01
 5.20000E+00 1.61155E-01
 5.40000E+00 1.94795E-01
 5.60000E+00 2.34076E-01
 5.80000E+00 2.73045E-01
 6.00000E+00 3.72124E-01
 6.20000E+00 4.71800E-01
 6.40000E+00 6.42063E-01
 6.60000E+00 8.58294E-01
 6.80000E+00 1.10414E+00
 7.00000E+00 1.46293E+00
 7.20000E+00 1.85885E+00
 7.40000E+00 2.33069E+00
 7.60000E+00 2.89094E+00
 7.80000E+00 3.49883E+00
 8.00000E+00 4.17995E+00
 8.50000E+00 6.13147E+00
 9.00000E+00 8.36841E+00
 9.50000E+00 1.07630E+01
 1.00000E+01 1.31572E+01
 1.05000E+01 1.54323E+01
 1.10000E+01 1.75522E+01
 1.15000E+01 1.95007E+01
 1.20000E+01 2.13216E+01
 1.25000E+01 2.30237E+01
 1.30000E+01 2.46639E+01
 1.35000E+01 2.62822E+01
 1.40000E+01 2.78868E+01
 1.45000E+01 2.94727E+01
 1.50000E+01 3.10927E+01
 1.60000E+01 3.39126E+01
 1.70000E+01 3.55945E+01
 1.80000E+01 3.42003E+01
 1.90000E+01 2.84147E+01
 2.00000E+01 2.18367E+01
 2.10000E+01 1.61847E+01
 2.20000E+01 1.22090E+01
 2.30000E+01 1.01498E+01
 2.40000E+01 8.11673E+00
 2.50000E+01 6.59294E+00
 2.60000E+01 6.03472E+00
 2.70000E+01 5.09613E+00
 2.80000E+01 4.56955E+00
 2.90000E+01 4.16073E+00
 3.00000E+01 4.10023E+00
 3.20000E+01 4.26491E+00
 3.40000E+01 5.42436E+00
 3.60000E+01 8.67259E+00
 3.80000E+01 1.64783E+01
 4.00000E+01 2.98771E+01
 4.20000E+01 4.64480E+01
 4.40000E+01 6.54404E+01
 4.60000E+01 8.57721E+01
 4.80000E+01 9.87584E+01
 5.00000E+01 1.12582E+02
 5.20000E+01 1.14837E+02
 5.40000E+01 1.15885E+02
