# p +  64Ni: Production of  63Ni - Total
# Q-value    =-7.43289E+00 mass=  62.929669
# E-threshold= 7.55001E+00
# # energies =   100
#     E          xs
 1.00000E-11 0.00000E+00
 2.53000E-08 0.00000E+00
 2.00000E-07 0.00000E+00
 1.00000E-06 0.00000E+00
 1.00000E-05 0.00000E+00
 1.00000E-04 0.00000E+00
 1.00000E-03 0.00000E+00
 2.00000E-03 0.00000E+00
 4.00000E-03 0.00000E+00
 7.00000E-03 0.00000E+00
 1.00000E-02 0.00000E+00
 2.00000E-02 0.00000E+00
 4.00000E-02 0.00000E+00
 7.00000E-02 0.00000E+00
 1.00000E-01 0.00000E+00
 2.00000E-01 0.00000E+00
 3.00000E-01 0.00000E+00
 4.00000E-01 0.00000E+00
 5.00000E-01 0.00000E+00
 6.00000E-01 0.00000E+00
 7.00000E-01 0.00000E+00
 8.00000E-01 0.00000E+00
 9.00000E-01 0.00000E+00
 1.00000E+00 0.00000E+00
 1.20000E+00 0.00000E+00
 1.40000E+00 0.00000E+00
 1.60000E+00 0.00000E+00
 1.80000E+00 0.00000E+00
 2.00000E+00 0.00000E+00
 2.20000E+00 0.00000E+00
 2.40000E+00 0.00000E+00
 2.60000E+00 0.00000E+00
 2.80000E+00 0.00000E+00
 3.00000E+00 0.00000E+00
 3.20000E+00 0.00000E+00
 3.40000E+00 0.00000E+00
 3.60000E+00 0.00000E+00
 3.80000E+00 0.00000E+00
 4.00000E+00 0.00000E+00
 4.20000E+00 0.00000E+00
 4.40000E+00 0.00000E+00
 4.60000E+00 0.00000E+00
 4.80000E+00 0.00000E+00
 5.00000E+00 0.00000E+00
 5.20000E+00 0.00000E+00
 5.40000E+00 0.00000E+00
 5.60000E+00 0.00000E+00
 5.80000E+00 0.00000E+00
 6.00000E+00 0.00000E+00
 6.20000E+00 0.00000E+00
 6.40000E+00 0.00000E+00
 6.60000E+00 0.00000E+00
 6.80000E+00 0.00000E+00
 7.00000E+00 0.00000E+00
 7.20000E+00 0.00000E+00
 7.40000E+00 0.00000E+00
 7.60000E+00 0.00000E+00
 7.80000E+00 0.00000E+00
 8.00000E+00 0.00000E+00
 8.50000E+00 0.00000E+00
 9.00000E+00 0.00000E+00
 9.50000E+00 0.00000E+00
 1.00000E+01 2.74845E-03
 1.05000E+01 1.54411E-02
 1.10000E+01 6.07958E-02
 1.15000E+01 1.98915E-01
 1.20000E+01 6.79274E-01
 1.25000E+01 2.00297E+00
 1.30000E+01 5.23055E+00
 1.35000E+01 1.11935E+01
 1.40000E+01 2.03871E+01
 1.45000E+01 3.16962E+01
 1.50000E+01 4.45892E+01
 1.60000E+01 7.28651E+01
 1.70000E+01 1.00722E+02
 1.80000E+01 1.28071E+02
 1.90000E+01 1.54713E+02
 2.00000E+01 1.80324E+02
 2.10000E+01 2.07486E+02
 2.20000E+01 2.27093E+02
 2.30000E+01 2.40148E+02
 2.40000E+01 2.43352E+02
 2.50000E+01 2.44364E+02
 2.60000E+01 2.38376E+02
 2.70000E+01 2.34972E+02
 2.80000E+01 2.28467E+02
 2.90000E+01 2.24365E+02
 3.00000E+01 2.20388E+02
 3.20000E+01 2.13819E+02
 3.40000E+01 2.06181E+02
 3.60000E+01 2.00161E+02
 3.80000E+01 1.95305E+02
 4.00000E+01 1.83940E+02
 4.20000E+01 1.82796E+02
 4.40000E+01 1.73945E+02
 4.60000E+01 1.66233E+02
 4.80000E+01 1.62550E+02
 5.00000E+01 1.57051E+02
 5.20000E+01 1.50303E+02
 5.40000E+01 1.45428E+02
