# p +  58Ni: Production of  59Cu - Total
# Q-value    = 3.41855E+00 mass=  58.939497
# E-threshold= 0.00000E+00
# # energies =   100
#     E          xs
 1.00000E-11 0.00000E+00
 2.53000E-08 0.00000E+00
 2.00000E-07 0.00000E+00
 1.00000E-06 0.00000E+00
 1.00000E-05 0.00000E+00
 1.00000E-04 0.00000E+00
 1.00000E-03 0.00000E+00
 2.00000E-03 0.00000E+00
 4.00000E-03 0.00000E+00
 7.00000E-03 0.00000E+00
 1.00000E-02 0.00000E+00
 2.00000E-02 0.00000E+00
 4.00000E-02 0.00000E+00
 7.00000E-02 0.00000E+00
 1.00000E-01 0.00000E+00
 2.00000E-01 0.00000E+00
 3.00000E-01 0.00000E+00
 4.00000E-01 0.00000E+00
 5.00000E-01 0.00000E+00
 6.00000E-01 0.00000E+00
 7.00000E-01 0.00000E+00
 8.00000E-01 1.00000E-07
 9.00000E-01 1.00000E-07
 1.00000E+00 1.00000E-07
 1.20000E+00 2.34053E-03
 1.40000E+00 6.11431E-03
 1.60000E+00 1.13149E-02
 1.80000E+00 1.75720E-02
 2.00000E+00 2.47191E-02
 2.20000E+00 3.27623E-02
 2.40000E+00 4.15995E-02
 2.60000E+00 5.11212E-02
 2.80000E+00 6.05917E-02
 3.00000E+00 6.89711E-02
 3.20000E+00 7.62030E-02
 3.40000E+00 8.25460E-02
 3.60000E+00 8.83183E-02
 3.80000E+00 9.39888E-02
 4.00000E+00 9.94797E-02
 4.20000E+00 1.04752E-01
 4.40000E+00 1.10283E-01
 4.60000E+00 1.17493E-01
 4.80000E+00 1.23622E-01
 5.00000E+00 1.29889E-01
 5.20000E+00 1.36722E-01
 5.40000E+00 1.42080E-01
 5.60000E+00 1.45990E-01
 5.80000E+00 1.48531E-01
 6.00000E+00 1.50386E-01
 6.20000E+00 1.49914E-01
 6.40000E+00 1.48858E-01
 6.60000E+00 1.45499E-01
 6.80000E+00 1.41630E-01
 7.00000E+00 1.38255E-01
 7.20000E+00 1.33425E-01
 7.40000E+00 1.29512E-01
 7.60000E+00 1.25651E-01
 7.80000E+00 1.21972E-01
 8.00000E+00 1.20303E-01
 8.50000E+00 1.17474E-01
 9.00000E+00 1.16885E-01
 9.50000E+00 1.20746E-01
 1.00000E+01 1.28351E-01
 1.05000E+01 1.38269E-01
 1.10000E+01 1.55352E-01
 1.15000E+01 1.78133E-01
 1.20000E+01 2.07876E-01
 1.25000E+01 2.45434E-01
 1.30000E+01 2.82979E-01
 1.35000E+01 3.37104E-01
 1.40000E+01 3.99928E-01
 1.45000E+01 4.70028E-01
 1.50000E+01 5.44826E-01
 1.60000E+01 6.88093E-01
 1.70000E+01 8.02488E-01
 1.80000E+01 8.71938E-01
 1.90000E+01 8.73154E-01
 2.00000E+01 8.05154E-01
 2.10000E+01 7.11316E-01
 2.20000E+01 6.05063E-01
 2.30000E+01 5.06413E-01
 2.40000E+01 4.21289E-01
 2.50000E+01 3.53094E-01
 2.60000E+01 3.00096E-01
 2.70000E+01 2.59601E-01
 2.80000E+01 2.28542E-01
 2.90000E+01 2.04554E-01
 3.00000E+01 1.85085E-01
 3.20000E+01 1.52641E-01
 3.40000E+01 1.26910E-01
 3.60000E+01 1.05898E-01
 3.80000E+01 8.92643E-02
 4.00000E+01 7.49242E-02
 4.20000E+01 6.48240E-02
 4.40000E+01 5.75641E-02
 4.60000E+01 5.17791E-02
 4.80000E+01 4.72602E-02
 5.00000E+01 4.36810E-02
 5.20000E+01 4.09685E-02
 5.40000E+01 3.88513E-02
