# p +  60Ni: Production of  56Fe - Total
# Q-value    =-6.29099E+00 mass=  55.934936
# E-threshold= 6.39673E+00
# # energies =   100
#     E          xs
 1.00000E-11 0.00000E+00
 2.53000E-08 0.00000E+00
 2.00000E-07 0.00000E+00
 1.00000E-06 0.00000E+00
 1.00000E-05 0.00000E+00
 1.00000E-04 0.00000E+00
 1.00000E-03 0.00000E+00
 2.00000E-03 0.00000E+00
 4.00000E-03 0.00000E+00
 7.00000E-03 0.00000E+00
 1.00000E-02 0.00000E+00
 2.00000E-02 0.00000E+00
 4.00000E-02 0.00000E+00
 7.00000E-02 0.00000E+00
 1.00000E-01 0.00000E+00
 2.00000E-01 0.00000E+00
 3.00000E-01 0.00000E+00
 4.00000E-01 0.00000E+00
 5.00000E-01 0.00000E+00
 6.00000E-01 0.00000E+00
 7.00000E-01 0.00000E+00
 8.00000E-01 0.00000E+00
 9.00000E-01 0.00000E+00
 1.00000E+00 0.00000E+00
 1.20000E+00 0.00000E+00
 1.40000E+00 0.00000E+00
 1.60000E+00 0.00000E+00
 1.80000E+00 0.00000E+00
 2.00000E+00 0.00000E+00
 2.20000E+00 0.00000E+00
 2.40000E+00 0.00000E+00
 2.60000E+00 0.00000E+00
 2.80000E+00 0.00000E+00
 3.00000E+00 0.00000E+00
 3.20000E+00 0.00000E+00
 3.40000E+00 0.00000E+00
 3.60000E+00 0.00000E+00
 3.80000E+00 0.00000E+00
 4.00000E+00 0.00000E+00
 4.20000E+00 0.00000E+00
 4.40000E+00 0.00000E+00
 4.60000E+00 0.00000E+00
 4.80000E+00 0.00000E+00
 5.00000E+00 0.00000E+00
 5.20000E+00 0.00000E+00
 5.40000E+00 0.00000E+00
 5.60000E+00 0.00000E+00
 5.80000E+00 0.00000E+00
 6.00000E+00 0.00000E+00
 6.20000E+00 0.00000E+00
 6.40000E+00 0.00000E+00
 6.60000E+00 0.00000E+00
 6.80000E+00 0.00000E+00
 7.00000E+00 0.00000E+00
 7.20000E+00 0.00000E+00
 7.40000E+00 0.00000E+00
 7.60000E+00 0.00000E+00
 7.80000E+00 0.00000E+00
 8.00000E+00 0.00000E+00
 8.50000E+00 0.00000E+00
 9.00000E+00 0.00000E+00
 9.50000E+00 0.00000E+00
 1.00000E+01 0.00000E+00
 1.05000E+01 0.00000E+00
 1.10000E+01 0.00000E+00
 1.15000E+01 0.00000E+00
 1.20000E+01 0.00000E+00
 1.25000E+01 0.00000E+00
 1.30000E+01 3.08312E-03
 1.35000E+01 1.61926E-02
 1.40000E+01 6.62686E-02
 1.45000E+01 2.06602E-01
 1.50000E+01 5.59103E-01
 1.60000E+01 2.71177E+00
 1.70000E+01 8.51329E+00
 1.80000E+01 1.88720E+01
 1.90000E+01 3.15869E+01
 2.00000E+01 4.20386E+01
 2.10000E+01 4.70687E+01
 2.20000E+01 4.75516E+01
 2.30000E+01 4.67254E+01
 2.40000E+01 4.63163E+01
 2.50000E+01 4.66230E+01
 2.60000E+01 4.72840E+01
 2.70000E+01 4.76832E+01
 2.80000E+01 4.78023E+01
 2.90000E+01 4.75101E+01
 3.00000E+01 4.62870E+01
 3.20000E+01 4.06628E+01
 3.40000E+01 3.21437E+01
 3.60000E+01 2.40652E+01
 3.80000E+01 1.81232E+01
 4.00000E+01 1.42181E+01
 4.20000E+01 1.22208E+01
 4.40000E+01 1.16650E+01
 4.60000E+01 1.22173E+01
 4.80000E+01 1.52921E+01
 5.00000E+01 2.11153E+01
 5.20000E+01 2.88829E+01
 5.40000E+01 3.81686E+01
