# p +  61Ni: Production of  57Fe - Total
# Q-value    =-6.46492E+00 mass=  56.935392
# E-threshold= 6.57180E+00
# # energies =   100
#     E          xs
 1.00000E-11 0.00000E+00
 2.53000E-08 0.00000E+00
 2.00000E-07 0.00000E+00
 1.00000E-06 0.00000E+00
 1.00000E-05 0.00000E+00
 1.00000E-04 0.00000E+00
 1.00000E-03 0.00000E+00
 2.00000E-03 0.00000E+00
 4.00000E-03 0.00000E+00
 7.00000E-03 0.00000E+00
 1.00000E-02 0.00000E+00
 2.00000E-02 0.00000E+00
 4.00000E-02 0.00000E+00
 7.00000E-02 0.00000E+00
 1.00000E-01 0.00000E+00
 2.00000E-01 0.00000E+00
 3.00000E-01 0.00000E+00
 4.00000E-01 0.00000E+00
 5.00000E-01 0.00000E+00
 6.00000E-01 0.00000E+00
 7.00000E-01 0.00000E+00
 8.00000E-01 0.00000E+00
 9.00000E-01 0.00000E+00
 1.00000E+00 0.00000E+00
 1.20000E+00 0.00000E+00
 1.40000E+00 0.00000E+00
 1.60000E+00 0.00000E+00
 1.80000E+00 0.00000E+00
 2.00000E+00 0.00000E+00
 2.20000E+00 0.00000E+00
 2.40000E+00 0.00000E+00
 2.60000E+00 0.00000E+00
 2.80000E+00 0.00000E+00
 3.00000E+00 0.00000E+00
 3.20000E+00 0.00000E+00
 3.40000E+00 0.00000E+00
 3.60000E+00 0.00000E+00
 3.80000E+00 0.00000E+00
 4.00000E+00 0.00000E+00
 4.20000E+00 0.00000E+00
 4.40000E+00 0.00000E+00
 4.60000E+00 0.00000E+00
 4.80000E+00 0.00000E+00
 5.00000E+00 0.00000E+00
 5.20000E+00 0.00000E+00
 5.40000E+00 0.00000E+00
 5.60000E+00 0.00000E+00
 5.80000E+00 0.00000E+00
 6.00000E+00 0.00000E+00
 6.20000E+00 0.00000E+00
 6.40000E+00 0.00000E+00
 6.60000E+00 0.00000E+00
 6.80000E+00 0.00000E+00
 7.00000E+00 0.00000E+00
 7.20000E+00 0.00000E+00
 7.40000E+00 0.00000E+00
 7.60000E+00 0.00000E+00
 7.80000E+00 0.00000E+00
 8.00000E+00 0.00000E+00
 8.50000E+00 0.00000E+00
 9.00000E+00 0.00000E+00
 9.50000E+00 0.00000E+00
 1.00000E+01 0.00000E+00
 1.05000E+01 0.00000E+00
 1.10000E+01 0.00000E+00
 1.15000E+01 0.00000E+00
 1.20000E+01 0.00000E+00
 1.25000E+01 0.00000E+00
 1.30000E+01 0.00000E+00
 1.35000E+01 2.47360E-03
 1.40000E+01 1.09396E-02
 1.45000E+01 3.65227E-02
 1.50000E+01 9.18323E-02
 1.60000E+01 4.20151E-01
 1.70000E+01 1.12540E+00
 1.80000E+01 2.27661E+00
 1.90000E+01 3.91717E+00
 2.00000E+01 6.03794E+00
 2.10000E+01 8.39323E+00
 2.20000E+01 1.06460E+01
 2.30000E+01 1.26901E+01
 2.40000E+01 1.44372E+01
 2.50000E+01 1.59906E+01
 2.60000E+01 1.72803E+01
 2.70000E+01 1.80089E+01
 2.80000E+01 1.83320E+01
 2.90000E+01 1.78549E+01
 3.00000E+01 1.67468E+01
 3.20000E+01 1.35501E+01
 3.40000E+01 1.05836E+01
 3.60000E+01 8.49205E+00
 3.80000E+01 7.01995E+00
 4.00000E+01 6.06957E+00
 4.20000E+01 5.39442E+00
 4.40000E+01 5.12999E+00
 4.60000E+01 4.77261E+00
 4.80000E+01 4.85772E+00
 5.00000E+01 5.52660E+00
 5.20000E+01 6.39581E+00
 5.40000E+01 7.85442E+00
