# p +  60Ni: Production of  60Ni - Total
# Q-value    =-1.33252E+00 mass=  59.930785
# E-threshold= 1.35491E+00
# # energies =   100
#     E          xs
 1.00000E-11 0.00000E+00
 2.53000E-08 0.00000E+00
 2.00000E-07 0.00000E+00
 1.00000E-06 0.00000E+00
 1.00000E-05 0.00000E+00
 1.00000E-04 0.00000E+00
 1.00000E-03 0.00000E+00
 2.00000E-03 0.00000E+00
 4.00000E-03 0.00000E+00
 7.00000E-03 0.00000E+00
 1.00000E-02 0.00000E+00
 2.00000E-02 0.00000E+00
 4.00000E-02 0.00000E+00
 7.00000E-02 0.00000E+00
 1.00000E-01 0.00000E+00
 2.00000E-01 0.00000E+00
 3.00000E-01 0.00000E+00
 4.00000E-01 0.00000E+00
 5.00000E-01 0.00000E+00
 6.00000E-01 0.00000E+00
 7.00000E-01 0.00000E+00
 8.00000E-01 0.00000E+00
 9.00000E-01 0.00000E+00
 1.00000E+00 0.00000E+00
 1.20000E+00 0.00000E+00
 1.40000E+00 0.00000E+00
 1.60000E+00 0.00000E+00
 1.80000E+00 0.00000E+00
 2.00000E+00 0.00000E+00
 2.20000E+00 0.00000E+00
 2.40000E+00 2.11402E-03
 2.60000E+00 1.57920E-02
 2.80000E+00 8.32265E-02
 3.00000E+00 3.08218E-01
 3.20000E+00 8.72845E-01
 3.40000E+00 2.04141E+00
 3.60000E+00 4.15631E+00
 3.80000E+00 7.64680E+00
 4.00000E+00 1.30420E+01
 4.20000E+00 2.09494E+01
 4.40000E+00 3.20110E+01
 4.60000E+00 4.67964E+01
 4.80000E+00 6.57538E+01
 5.00000E+00 8.90957E+01
 5.20000E+00 1.16773E+02
 5.40000E+00 1.48500E+02
 5.60000E+00 1.83705E+02
 5.80000E+00 2.21849E+02
 6.00000E+00 2.62109E+02
 6.20000E+00 3.03574E+02
 6.40000E+00 3.45496E+02
 6.60000E+00 3.86644E+02
 6.80000E+00 4.26485E+02
 7.00000E+00 4.64063E+02
 7.20000E+00 4.71253E+02
 7.40000E+00 4.80509E+02
 7.60000E+00 4.82460E+02
 7.80000E+00 4.65792E+02
 8.00000E+00 4.57029E+02
 8.50000E+00 4.46687E+02
 9.00000E+00 4.50214E+02
 9.50000E+00 4.60304E+02
 1.00000E+01 4.73859E+02
 1.05000E+01 4.83990E+02
 1.10000E+01 4.92882E+02
 1.15000E+01 5.00374E+02
 1.20000E+01 5.07034E+02
 1.25000E+01 5.13099E+02
 1.30000E+01 5.18511E+02
 1.35000E+01 5.23307E+02
 1.40000E+01 5.26813E+02
 1.45000E+01 5.26296E+02
 1.50000E+01 5.19441E+02
 1.60000E+01 4.78779E+02
 1.70000E+01 4.09159E+02
 1.80000E+01 3.34970E+02
 1.90000E+01 2.80143E+02
 2.00000E+01 2.38434E+02
 2.10000E+01 2.11741E+02
 2.20000E+01 1.93954E+02
 2.30000E+01 1.81239E+02
 2.40000E+01 1.73187E+02
 2.50000E+01 1.66929E+02
 2.60000E+01 1.59391E+02
 2.70000E+01 1.55093E+02
 2.80000E+01 1.49618E+02
 2.90000E+01 1.45347E+02
 3.00000E+01 1.40770E+02
 3.20000E+01 1.32474E+02
 3.40000E+01 1.25931E+02
 3.60000E+01 1.19527E+02
 3.80000E+01 1.11687E+02
 4.00000E+01 1.06946E+02
 4.20000E+01 1.00440E+02
 4.40000E+01 9.55187E+01
 4.60000E+01 9.37613E+01
 4.80000E+01 8.87331E+01
 5.00000E+01 8.66576E+01
 5.20000E+01 8.66207E+01
 5.40000E+01 8.31054E+01
