# p +  62Ni: Production of  63Cu - Total
# Q-value    = 6.12240E+00 mass=  62.929597
# E-threshold= 0.00000E+00
# # energies =   100
#     E          xs
 1.00000E-11 0.00000E+00
 2.53000E-08 0.00000E+00
 2.00000E-07 0.00000E+00
 1.00000E-06 0.00000E+00
 1.00000E-05 0.00000E+00
 1.00000E-04 0.00000E+00
 1.00000E-03 0.00000E+00
 2.00000E-03 0.00000E+00
 4.00000E-03 0.00000E+00
 7.00000E-03 0.00000E+00
 1.00000E-02 0.00000E+00
 2.00000E-02 0.00000E+00
 4.00000E-02 0.00000E+00
 7.00000E-02 0.00000E+00
 1.00000E-01 0.00000E+00
 2.00000E-01 0.00000E+00
 3.00000E-01 0.00000E+00
 4.00000E-01 0.00000E+00
 5.00000E-01 0.00000E+00
 6.00000E-01 0.00000E+00
 7.00000E-01 0.00000E+00
 8.00000E-01 1.00000E-07
 9.00000E-01 1.00000E-07
 1.00000E+00 1.00000E-07
 1.20000E+00 7.77270E-03
 1.40000E+00 3.46212E-02
 1.60000E+00 9.75403E-02
 1.80000E+00 2.07137E-01
 2.00000E+00 3.65864E-01
 2.20000E+00 5.69410E-01
 2.40000E+00 8.12117E-01
 2.60000E+00 1.08555E+00
 2.80000E+00 1.37639E+00
 3.00000E+00 1.66940E+00
 3.20000E+00 1.95617E+00
 3.40000E+00 2.23572E+00
 3.60000E+00 2.51484E+00
 3.80000E+00 2.79667E+00
 4.00000E+00 3.07760E+00
 4.20000E+00 3.35648E+00
 4.40000E+00 3.62112E+00
 4.60000E+00 3.87346E+00
 4.80000E+00 4.11705E+00
 5.00000E+00 2.79258E+00
 5.20000E+00 2.01082E+00
 5.40000E+00 1.44838E+00
 5.60000E+00 1.10432E+00
 5.80000E+00 8.96294E-01
 6.00000E+00 7.78984E-01
 6.20000E+00 7.05504E-01
 6.40000E+00 6.59157E-01
 6.60000E+00 6.26209E-01
 6.80000E+00 6.04615E-01
 7.00000E+00 5.92547E-01
 7.20000E+00 5.82157E-01
 7.40000E+00 5.78223E-01
 7.60000E+00 5.73231E-01
 7.80000E+00 5.71971E-01
 8.00000E+00 5.76098E-01
 8.50000E+00 5.89720E-01
 9.00000E+00 6.12611E-01
 9.50000E+00 6.46719E-01
 1.00000E+01 6.89451E-01
 1.05000E+01 7.38085E-01
 1.10000E+01 7.90113E-01
 1.15000E+01 8.41854E-01
 1.20000E+01 8.91308E-01
 1.25000E+01 9.37976E-01
 1.30000E+01 9.81870E-01
 1.35000E+01 1.02283E+00
 1.40000E+01 1.06274E+00
 1.45000E+01 1.09955E+00
 1.50000E+01 1.13329E+00
 1.60000E+01 1.18062E+00
 1.70000E+01 1.16759E+00
 1.80000E+01 1.13710E+00
 1.90000E+01 1.07941E+00
 2.00000E+01 9.94520E-01
 2.10000E+01 8.98864E-01
 2.20000E+01 7.99288E-01
 2.30000E+01 7.01071E-01
 2.40000E+01 6.06708E-01
 2.50000E+01 5.23016E-01
 2.60000E+01 4.49490E-01
 2.70000E+01 3.91078E-01
 2.80000E+01 3.42442E-01
 2.90000E+01 3.05060E-01
 3.00000E+01 2.74447E-01
 3.20000E+01 2.28081E-01
 3.40000E+01 1.94708E-01
 3.60000E+01 1.68065E-01
 3.80000E+01 1.45024E-01
 4.00000E+01 1.28084E-01
 4.20000E+01 1.14464E-01
 4.40000E+01 1.03854E-01
 4.60000E+01 9.51231E-02
 4.80000E+01 8.82008E-02
 5.00000E+01 8.18921E-02
 5.20000E+01 7.71116E-02
 5.40000E+01 7.30985E-02
