# p +  64Ni: Production of  64Cu - Total
# Q-value    =-2.45697E+00 mass=  63.929764
# E-threshold= 2.49568E+00
# # energies =   100
#     E          xs
 1.00000E-11 0.00000E+00
 2.53000E-08 0.00000E+00
 2.00000E-07 0.00000E+00
 1.00000E-06 0.00000E+00
 1.00000E-05 0.00000E+00
 1.00000E-04 0.00000E+00
 1.00000E-03 0.00000E+00
 2.00000E-03 0.00000E+00
 4.00000E-03 0.00000E+00
 7.00000E-03 0.00000E+00
 1.00000E-02 0.00000E+00
 2.00000E-02 0.00000E+00
 4.00000E-02 0.00000E+00
 7.00000E-02 0.00000E+00
 1.00000E-01 0.00000E+00
 2.00000E-01 0.00000E+00
 3.00000E-01 0.00000E+00
 4.00000E-01 0.00000E+00
 5.00000E-01 0.00000E+00
 6.00000E-01 0.00000E+00
 7.00000E-01 0.00000E+00
 8.00000E-01 0.00000E+00
 9.00000E-01 0.00000E+00
 1.00000E+00 0.00000E+00
 1.20000E+00 0.00000E+00
 1.40000E+00 0.00000E+00
 1.60000E+00 0.00000E+00
 1.80000E+00 0.00000E+00
 2.00000E+00 0.00000E+00
 2.20000E+00 0.00000E+00
 2.40000E+00 0.00000E+00
 2.60000E+00 8.68611E+00
 2.80000E+00 1.88461E+01
 3.00000E+00 3.26467E+01
 3.20000E+00 4.92489E+01
 3.40000E+00 6.98787E+01
 3.60000E+00 9.44597E+01
 3.80000E+00 1.21990E+02
 4.00000E+00 1.52038E+02
 4.20000E+00 1.83956E+02
 4.40000E+00 2.17132E+02
 4.60000E+00 2.50986E+02
 4.80000E+00 2.84977E+02
 5.00000E+00 3.18590E+02
 5.20000E+00 3.51351E+02
 5.40000E+00 3.82866E+02
 5.60000E+00 4.12806E+02
 5.80000E+00 4.40968E+02
 6.00000E+00 4.67263E+02
 6.20000E+00 4.91688E+02
 6.40000E+00 5.14369E+02
 6.60000E+00 5.35441E+02
 6.80000E+00 5.55126E+02
 7.00000E+00 5.73615E+02
 7.20000E+00 5.91089E+02
 7.40000E+00 6.07721E+02
 7.60000E+00 6.23643E+02
 7.80000E+00 6.38929E+02
 8.00000E+00 6.53630E+02
 8.50000E+00 6.88367E+02
 9.00000E+00 7.20013E+02
 9.50000E+00 7.47953E+02
 1.00000E+01 7.71885E+02
 1.05000E+01 7.91678E+02
 1.10000E+01 7.49909E+02
 1.15000E+01 6.66217E+02
 1.20000E+01 5.63911E+02
 1.25000E+01 4.63334E+02
 1.30000E+01 3.79807E+02
 1.35000E+01 3.14108E+02
 1.40000E+01 2.60209E+02
 1.45000E+01 2.14732E+02
 1.50000E+01 1.80786E+02
 1.60000E+01 1.33336E+02
 1.70000E+01 1.05926E+02
 1.80000E+01 8.57611E+01
 1.90000E+01 7.48452E+01
 2.00000E+01 6.71632E+01
 2.10000E+01 6.12673E+01
 2.20000E+01 5.65807E+01
 2.30000E+01 5.26551E+01
 2.40000E+01 5.02441E+01
 2.50000E+01 4.76926E+01
 2.60000E+01 4.41644E+01
 2.70000E+01 4.25602E+01
 2.80000E+01 3.91268E+01
 2.90000E+01 3.77599E+01
 3.00000E+01 3.48520E+01
 3.20000E+01 3.21483E+01
 3.40000E+01 2.81126E+01
 3.60000E+01 2.49470E+01
 3.80000E+01 2.31253E+01
 4.00000E+01 2.01495E+01
 4.20000E+01 1.86488E+01
 4.40000E+01 1.79622E+01
 4.60000E+01 1.50565E+01
 4.80000E+01 1.44193E+01
 5.00000E+01 1.40748E+01
 5.20000E+01 1.21182E+01
 5.40000E+01 1.12753E+01
