# p +  64Ni: Production of  60Co - Total
# Q-value    =-8.65586E+00 mass=  59.933816
# E-threshold= 8.79225E+00
# # energies =   100
#     E          xs
 1.00000E-11 0.00000E+00
 2.53000E-08 0.00000E+00
 2.00000E-07 0.00000E+00
 1.00000E-06 0.00000E+00
 1.00000E-05 0.00000E+00
 1.00000E-04 0.00000E+00
 1.00000E-03 0.00000E+00
 2.00000E-03 0.00000E+00
 4.00000E-03 0.00000E+00
 7.00000E-03 0.00000E+00
 1.00000E-02 0.00000E+00
 2.00000E-02 0.00000E+00
 4.00000E-02 0.00000E+00
 7.00000E-02 0.00000E+00
 1.00000E-01 0.00000E+00
 2.00000E-01 0.00000E+00
 3.00000E-01 0.00000E+00
 4.00000E-01 0.00000E+00
 5.00000E-01 0.00000E+00
 6.00000E-01 0.00000E+00
 7.00000E-01 0.00000E+00
 8.00000E-01 0.00000E+00
 9.00000E-01 0.00000E+00
 1.00000E+00 0.00000E+00
 1.20000E+00 0.00000E+00
 1.40000E+00 0.00000E+00
 1.60000E+00 0.00000E+00
 1.80000E+00 0.00000E+00
 2.00000E+00 0.00000E+00
 2.20000E+00 0.00000E+00
 2.40000E+00 0.00000E+00
 2.60000E+00 0.00000E+00
 2.80000E+00 0.00000E+00
 3.00000E+00 0.00000E+00
 3.20000E+00 0.00000E+00
 3.40000E+00 0.00000E+00
 3.60000E+00 0.00000E+00
 3.80000E+00 0.00000E+00
 4.00000E+00 0.00000E+00
 4.20000E+00 0.00000E+00
 4.40000E+00 0.00000E+00
 4.60000E+00 0.00000E+00
 4.80000E+00 0.00000E+00
 5.00000E+00 0.00000E+00
 5.20000E+00 0.00000E+00
 5.40000E+00 0.00000E+00
 5.60000E+00 0.00000E+00
 5.80000E+00 0.00000E+00
 6.00000E+00 0.00000E+00
 6.20000E+00 0.00000E+00
 6.40000E+00 0.00000E+00
 6.60000E+00 0.00000E+00
 6.80000E+00 0.00000E+00
 7.00000E+00 0.00000E+00
 7.20000E+00 0.00000E+00
 7.40000E+00 0.00000E+00
 7.60000E+00 0.00000E+00
 7.80000E+00 0.00000E+00
 8.00000E+00 0.00000E+00
 8.50000E+00 0.00000E+00
 9.00000E+00 0.00000E+00
 9.50000E+00 0.00000E+00
 1.00000E+01 0.00000E+00
 1.05000E+01 0.00000E+00
 1.10000E+01 0.00000E+00
 1.15000E+01 0.00000E+00
 1.20000E+01 0.00000E+00
 1.25000E+01 0.00000E+00
 1.30000E+01 0.00000E+00
 1.35000E+01 1.14586E-03
 1.40000E+01 7.54067E-03
 1.45000E+01 3.28890E-02
 1.50000E+01 1.33445E-01
 1.60000E+01 1.11605E+00
 1.70000E+01 4.20044E+00
 1.80000E+01 9.58274E+00
 1.90000E+01 1.61253E+01
 2.00000E+01 2.24674E+01
 2.10000E+01 2.80119E+01
 2.20000E+01 3.24444E+01
 2.30000E+01 3.59591E+01
 2.40000E+01 3.89801E+01
 2.50000E+01 4.01652E+01
 2.60000E+01 3.94610E+01
 2.70000E+01 3.66808E+01
 2.80000E+01 3.35544E+01
 2.90000E+01 2.81438E+01
 3.00000E+01 2.39818E+01
 3.20000E+01 1.70660E+01
 3.40000E+01 1.31320E+01
 3.60000E+01 1.07128E+01
 3.80000E+01 8.52537E+00
 4.00000E+01 7.19732E+00
 4.20000E+01 6.91410E+00
 4.40000E+01 7.02284E+00
 4.60000E+01 7.99984E+00
 4.80000E+01 1.03926E+01
 5.00000E+01 1.34456E+01
 5.20000E+01 1.74889E+01
 5.40000E+01 2.68617E+01
