# p +  64Ni: Production of  61Co - Total
# Q-value    = 6.63202E-01 mass=  60.932476
# E-threshold= 0.00000E+00
# # energies =   100
#     E          xs
 1.00000E-11 0.00000E+00
 2.53000E-08 0.00000E+00
 2.00000E-07 0.00000E+00
 1.00000E-06 0.00000E+00
 1.00000E-05 0.00000E+00
 1.00000E-04 0.00000E+00
 1.00000E-03 0.00000E+00
 2.00000E-03 0.00000E+00
 4.00000E-03 0.00000E+00
 7.00000E-03 0.00000E+00
 1.00000E-02 0.00000E+00
 2.00000E-02 0.00000E+00
 4.00000E-02 0.00000E+00
 7.00000E-02 0.00000E+00
 1.00000E-01 0.00000E+00
 2.00000E-01 0.00000E+00
 3.00000E-01 0.00000E+00
 4.00000E-01 0.00000E+00
 5.00000E-01 0.00000E+00
 6.00000E-01 0.00000E+00
 7.00000E-01 0.00000E+00
 8.00000E-01 1.00000E-07
 9.00000E-01 1.00000E-07
 1.00000E+00 1.00000E-07
 1.20000E+00 1.00000E-07
 1.40000E+00 1.00000E-07
 1.60000E+00 1.00000E-07
 1.80000E+00 1.00000E-07
 2.00000E+00 1.00000E-07
 2.20000E+00 1.00000E-07
 2.40000E+00 1.00000E-07
 2.60000E+00 1.00000E-07
 2.80000E+00 1.00000E-07
 3.00000E+00 1.00000E-07
 3.20000E+00 1.00000E-07
 3.40000E+00 1.00000E-07
 3.60000E+00 1.00000E-07
 3.80000E+00 1.00000E-07
 4.00000E+00 1.00000E-07
 4.20000E+00 1.00000E-07
 4.40000E+00 1.00000E-07
 4.60000E+00 1.96711E-03
 4.80000E+00 3.64351E-03
 5.00000E+00 6.91215E-03
 5.20000E+00 1.30957E-02
 5.40000E+00 2.07098E-02
 5.60000E+00 3.72883E-02
 5.80000E+00 5.92782E-02
 6.00000E+00 8.99463E-02
 6.20000E+00 1.38360E-01
 6.40000E+00 1.96920E-01
 6.60000E+00 2.79882E-01
 6.80000E+00 3.86904E-01
 7.00000E+00 5.12997E-01
 7.20000E+00 6.72781E-01
 7.40000E+00 8.66199E-01
 7.60000E+00 1.08038E+00
 7.80000E+00 1.33765E+00
 8.00000E+00 1.62935E+00
 8.50000E+00 2.47169E+00
 9.00000E+00 3.44763E+00
 9.50000E+00 4.45515E+00
 1.00000E+01 5.39224E+00
 1.05000E+01 6.18799E+00
 1.10000E+01 6.88899E+00
 1.15000E+01 7.54523E+00
 1.20000E+01 8.18954E+00
 1.25000E+01 8.87540E+00
 1.30000E+01 9.48101E+00
 1.35000E+01 1.02735E+01
 1.40000E+01 1.11522E+01
 1.45000E+01 1.21065E+01
 1.50000E+01 1.31020E+01
 1.60000E+01 1.47308E+01
 1.70000E+01 1.49352E+01
 1.80000E+01 1.33684E+01
 1.90000E+01 1.10973E+01
 2.00000E+01 8.93985E+00
 2.10000E+01 7.28080E+00
 2.20000E+01 6.26199E+00
 2.30000E+01 5.68815E+00
 2.40000E+01 4.72150E+00
 2.50000E+01 4.39010E+00
 2.60000E+01 3.73213E+00
 2.70000E+01 3.45850E+00
 2.80000E+01 2.93841E+00
 2.90000E+01 2.90761E+00
 3.00000E+01 2.57034E+00
 3.20000E+01 3.15859E+00
 3.40000E+01 3.76728E+00
 3.60000E+01 5.05485E+00
 3.80000E+01 7.28439E+00
 4.00000E+01 1.11584E+01
 4.20000E+01 1.62807E+01
 4.40000E+01 2.19190E+01
 4.60000E+01 2.86966E+01
 4.80000E+01 3.37424E+01
 5.00000E+01 3.96498E+01
 5.20000E+01 4.35161E+01
 5.40000E+01 4.18895E+01
