# p +  64Ni: Production of  64Ni - Total
# Q-value    =-1.34575E+00 mass=  63.927966
# E-threshold= 1.36695E+00
# # energies =   100
#     E          xs
 1.00000E-11 0.00000E+00
 2.53000E-08 0.00000E+00
 2.00000E-07 0.00000E+00
 1.00000E-06 0.00000E+00
 1.00000E-05 0.00000E+00
 1.00000E-04 0.00000E+00
 1.00000E-03 0.00000E+00
 2.00000E-03 0.00000E+00
 4.00000E-03 0.00000E+00
 7.00000E-03 0.00000E+00
 1.00000E-02 0.00000E+00
 2.00000E-02 0.00000E+00
 4.00000E-02 0.00000E+00
 7.00000E-02 0.00000E+00
 1.00000E-01 0.00000E+00
 2.00000E-01 0.00000E+00
 3.00000E-01 0.00000E+00
 4.00000E-01 0.00000E+00
 5.00000E-01 0.00000E+00
 6.00000E-01 0.00000E+00
 7.00000E-01 0.00000E+00
 8.00000E-01 0.00000E+00
 9.00000E-01 0.00000E+00
 1.00000E+00 0.00000E+00
 1.20000E+00 0.00000E+00
 1.40000E+00 0.00000E+00
 1.60000E+00 0.00000E+00
 1.80000E+00 0.00000E+00
 2.00000E+00 0.00000E+00
 2.20000E+00 0.00000E+00
 2.40000E+00 1.94445E-03
 2.60000E+00 4.25905E-03
 2.80000E+00 3.30440E-03
 3.00000E+00 5.89605E-03
 3.20000E+00 1.48364E-02
 3.40000E+00 3.42384E-02
 3.60000E+00 7.69510E-02
 3.80000E+00 1.60826E-01
 4.00000E+00 3.11760E-01
 4.20000E+00 5.63208E-01
 4.40000E+00 9.52240E-01
 4.60000E+00 1.51689E+00
 4.80000E+00 2.28975E+00
 5.00000E+00 3.29680E+00
 5.20000E+00 4.55591E+00
 5.40000E+00 6.08137E+00
 5.60000E+00 7.87642E+00
 5.80000E+00 9.95263E+00
 6.00000E+00 1.23023E+01
 6.20000E+00 1.49092E+01
 6.40000E+00 1.77598E+01
 6.60000E+00 2.08239E+01
 6.80000E+00 2.40829E+01
 7.00000E+00 2.75229E+01
 7.20000E+00 3.11237E+01
 7.40000E+00 3.48899E+01
 7.60000E+00 3.88082E+01
 7.80000E+00 4.28915E+01
 8.00000E+00 4.71433E+01
 8.50000E+00 5.81372E+01
 9.00000E+00 6.95491E+01
 9.50000E+00 8.13737E+01
 1.00000E+01 9.33229E+01
 1.05000E+01 1.05323E+02
 1.10000E+01 1.17304E+02
 1.15000E+01 1.29277E+02
 1.20000E+01 1.41045E+02
 1.25000E+01 1.52209E+02
 1.30000E+01 1.61970E+02
 1.35000E+01 1.69634E+02
 1.40000E+01 1.74539E+02
 1.45000E+01 1.77956E+02
 1.50000E+01 1.79996E+02
 1.60000E+01 1.81712E+02
 1.70000E+01 1.82690E+02
 1.80000E+01 1.83181E+02
 1.90000E+01 1.83198E+02
 2.00000E+01 1.82865E+02
 2.10000E+01 1.82128E+02
 2.20000E+01 1.80628E+02
 2.30000E+01 1.78843E+02
 2.40000E+01 1.79253E+02
 2.50000E+01 1.75059E+02
 2.60000E+01 1.75284E+02
 2.70000E+01 1.71425E+02
 2.80000E+01 1.72018E+02
 2.90000E+01 1.67906E+02
 3.00000E+01 1.67089E+02
 3.20000E+01 1.62843E+02
 3.40000E+01 1.59788E+02
 3.60000E+01 1.54945E+02
 3.80000E+01 1.50787E+02
 4.00000E+01 1.48927E+02
 4.20000E+01 1.41016E+02
 4.40000E+01 1.38052E+02
 4.60000E+01 1.35723E+02
 4.80000E+01 1.32231E+02
 5.00000E+01 1.26834E+02
 5.20000E+01 1.25310E+02
 5.40000E+01 1.22542E+02
