# p +  60Ni: Production of  59Ni - Total
# Q-value    =-9.16316E+00 mass=  58.934345
# E-threshold= 9.31717E+00
# # energies =   100
#     E          xs
 1.00000E-11 0.00000E+00
 2.53000E-08 0.00000E+00
 2.00000E-07 0.00000E+00
 1.00000E-06 0.00000E+00
 1.00000E-05 0.00000E+00
 1.00000E-04 0.00000E+00
 1.00000E-03 0.00000E+00
 2.00000E-03 0.00000E+00
 4.00000E-03 0.00000E+00
 7.00000E-03 0.00000E+00
 1.00000E-02 0.00000E+00
 2.00000E-02 0.00000E+00
 4.00000E-02 0.00000E+00
 7.00000E-02 0.00000E+00
 1.00000E-01 0.00000E+00
 2.00000E-01 0.00000E+00
 3.00000E-01 0.00000E+00
 4.00000E-01 0.00000E+00
 5.00000E-01 0.00000E+00
 6.00000E-01 0.00000E+00
 7.00000E-01 0.00000E+00
 8.00000E-01 0.00000E+00
 9.00000E-01 0.00000E+00
 1.00000E+00 0.00000E+00
 1.20000E+00 0.00000E+00
 1.40000E+00 0.00000E+00
 1.60000E+00 0.00000E+00
 1.80000E+00 0.00000E+00
 2.00000E+00 0.00000E+00
 2.20000E+00 0.00000E+00
 2.40000E+00 0.00000E+00
 2.60000E+00 0.00000E+00
 2.80000E+00 0.00000E+00
 3.00000E+00 0.00000E+00
 3.20000E+00 0.00000E+00
 3.40000E+00 0.00000E+00
 3.60000E+00 0.00000E+00
 3.80000E+00 0.00000E+00
 4.00000E+00 0.00000E+00
 4.20000E+00 0.00000E+00
 4.40000E+00 0.00000E+00
 4.60000E+00 0.00000E+00
 4.80000E+00 0.00000E+00
 5.00000E+00 0.00000E+00
 5.20000E+00 0.00000E+00
 5.40000E+00 0.00000E+00
 5.60000E+00 0.00000E+00
 5.80000E+00 0.00000E+00
 6.00000E+00 0.00000E+00
 6.20000E+00 0.00000E+00
 6.40000E+00 0.00000E+00
 6.60000E+00 0.00000E+00
 6.80000E+00 0.00000E+00
 7.00000E+00 0.00000E+00
 7.20000E+00 0.00000E+00
 7.40000E+00 0.00000E+00
 7.60000E+00 0.00000E+00
 7.80000E+00 0.00000E+00
 8.00000E+00 0.00000E+00
 8.50000E+00 0.00000E+00
 9.00000E+00 0.00000E+00
 9.50000E+00 0.00000E+00
 1.00000E+01 0.00000E+00
 1.05000E+01 0.00000E+00
 1.10000E+01 0.00000E+00
 1.15000E+01 2.23813E-03
 1.20000E+01 2.13502E-02
 1.25000E+01 9.89883E-02
 1.30000E+01 1.12714E+00
 1.35000E+01 1.20162E+01
 1.40000E+01 4.24775E+01
 1.45000E+01 9.01414E+01
 1.50000E+01 1.47750E+02
 1.60000E+01 2.77695E+02
 1.70000E+01 4.13815E+02
 1.80000E+01 5.34882E+02
 1.90000E+01 6.16928E+02
 2.00000E+01 6.71841E+02
 2.10000E+01 7.00977E+02
 2.20000E+01 7.15536E+02
 2.30000E+01 7.23304E+02
 2.40000E+01 7.26132E+02
 2.50000E+01 7.24381E+02
 2.60000E+01 7.13547E+02
 2.70000E+01 6.85409E+02
 2.80000E+01 6.41517E+02
 2.90000E+01 5.86373E+02
 3.00000E+01 5.31736E+02
 3.20000E+01 4.42708E+02
 3.40000E+01 3.86451E+02
 3.60000E+01 3.51494E+02
 3.80000E+01 3.29543E+02
 4.00000E+01 3.10400E+02
 4.20000E+01 2.98235E+02
 4.40000E+01 2.83195E+02
 4.60000E+01 2.67842E+02
 4.80000E+01 2.56892E+02
 5.00000E+01 2.46436E+02
 5.20000E+01 2.32403E+02
 5.40000E+01 2.22299E+02
