# p +  62Ni: Production of  62Ni - Total
# Q-value    =-1.17298E+00 mass=  61.928345
# E-threshold= 1.19206E+00
# # energies =   100
#     E          xs
 1.00000E-11 0.00000E+00
 2.53000E-08 0.00000E+00
 2.00000E-07 0.00000E+00
 1.00000E-06 0.00000E+00
 1.00000E-05 0.00000E+00
 1.00000E-04 0.00000E+00
 1.00000E-03 0.00000E+00
 2.00000E-03 0.00000E+00
 4.00000E-03 0.00000E+00
 7.00000E-03 0.00000E+00
 1.00000E-02 0.00000E+00
 2.00000E-02 0.00000E+00
 4.00000E-02 0.00000E+00
 7.00000E-02 0.00000E+00
 1.00000E-01 0.00000E+00
 2.00000E-01 0.00000E+00
 3.00000E-01 0.00000E+00
 4.00000E-01 0.00000E+00
 5.00000E-01 0.00000E+00
 6.00000E-01 0.00000E+00
 7.00000E-01 0.00000E+00
 8.00000E-01 0.00000E+00
 9.00000E-01 0.00000E+00
 1.00000E+00 0.00000E+00
 1.20000E+00 0.00000E+00
 1.40000E+00 0.00000E+00
 1.60000E+00 0.00000E+00
 1.80000E+00 0.00000E+00
 2.00000E+00 0.00000E+00
 2.20000E+00 0.00000E+00
 2.40000E+00 7.73618E-03
 2.60000E+00 4.92107E-02
 2.80000E+00 2.10520E-01
 3.00000E+00 6.59629E-01
 3.20000E+00 1.64528E+00
 3.40000E+00 3.49589E+00
 3.60000E+00 6.57443E+00
 3.80000E+00 1.13151E+01
 4.00000E+00 1.82219E+01
 4.20000E+00 2.78365E+01
 4.40000E+00 4.06601E+01
 4.60000E+00 5.70948E+01
 4.80000E+00 7.73623E+01
 5.00000E+00 6.77863E+01
 5.20000E+00 6.21387E+01
 5.40000E+00 6.09336E+01
 5.60000E+00 5.70413E+01
 5.80000E+00 5.73123E+01
 6.00000E+00 5.94282E+01
 6.20000E+00 6.30039E+01
 6.40000E+00 6.78400E+01
 6.60000E+00 7.37771E+01
 6.80000E+00 8.06601E+01
 7.00000E+00 8.82126E+01
 7.20000E+00 9.62796E+01
 7.40000E+00 1.04705E+02
 7.60000E+00 1.13319E+02
 7.80000E+00 1.22085E+02
 8.00000E+00 1.30910E+02
 8.50000E+00 1.52501E+02
 9.00000E+00 1.73135E+02
 9.50000E+00 1.91915E+02
 1.00000E+01 2.08445E+02
 1.05000E+01 2.22623E+02
 1.10000E+01 2.34466E+02
 1.15000E+01 2.44299E+02
 1.20000E+01 2.52212E+02
 1.25000E+01 2.58734E+02
 1.30000E+01 2.63972E+02
 1.35000E+01 2.67318E+02
 1.40000E+01 2.67916E+02
 1.45000E+01 2.63624E+02
 1.50000E+01 2.55809E+02
 1.60000E+01 2.32602E+02
 1.70000E+01 2.08295E+02
 1.80000E+01 1.91917E+02
 1.90000E+01 1.79378E+02
 2.00000E+01 1.70155E+02
 2.10000E+01 1.64205E+02
 2.20000E+01 1.60950E+02
 2.30000E+01 1.57899E+02
 2.40000E+01 1.52418E+02
 2.50000E+01 1.48031E+02
 2.60000E+01 1.47481E+02
 2.70000E+01 1.41420E+02
 2.80000E+01 1.40622E+02
 2.90000E+01 1.34646E+02
 3.00000E+01 1.33561E+02
 3.20000E+01 1.26602E+02
 3.40000E+01 1.21265E+02
 3.60000E+01 1.15624E+02
 3.80000E+01 1.09643E+02
 4.00000E+01 1.05048E+02
 4.20000E+01 1.03450E+02
 4.40000E+01 9.44108E+01
 4.60000E+01 9.29635E+01
 4.80000E+01 9.31533E+01
 5.00000E+01 8.66913E+01
 5.20000E+01 8.65534E+01
 5.40000E+01 8.53674E+01
