# p +  61Ni: Production of  62Cu - Total
# Q-value    = 5.85448E+00 mass=  61.932595
# E-threshold= 0.00000E+00
# # energies =   100
#     E          xs
 1.00000E-11 0.00000E+00
 2.53000E-08 0.00000E+00
 2.00000E-07 0.00000E+00
 1.00000E-06 0.00000E+00
 1.00000E-05 0.00000E+00
 1.00000E-04 0.00000E+00
 1.00000E-03 0.00000E+00
 2.00000E-03 0.00000E+00
 4.00000E-03 0.00000E+00
 7.00000E-03 0.00000E+00
 1.00000E-02 0.00000E+00
 2.00000E-02 0.00000E+00
 4.00000E-02 0.00000E+00
 7.00000E-02 0.00000E+00
 1.00000E-01 0.00000E+00
 2.00000E-01 0.00000E+00
 3.00000E-01 0.00000E+00
 4.00000E-01 0.00000E+00
 5.00000E-01 0.00000E+00
 6.00000E-01 0.00000E+00
 7.00000E-01 0.00000E+00
 8.00000E-01 1.00000E-07
 9.00000E-01 1.00000E-07
 1.00000E+00 1.00000E-07
 1.20000E+00 7.72920E-03
 1.40000E+00 3.84542E-02
 1.60000E+00 1.16983E-01
 1.80000E+00 2.44587E-01
 2.00000E+00 3.97269E-01
 2.20000E+00 5.49471E-01
 2.40000E+00 6.92292E-01
 2.60000E+00 8.24167E-01
 2.80000E+00 9.44136E-01
 3.00000E+00 1.05279E+00
 3.20000E+00 8.03693E-01
 3.40000E+00 7.55563E-01
 3.60000E+00 7.54261E-01
 3.80000E+00 7.71963E-01
 4.00000E+00 8.10951E-01
 4.20000E+00 7.96697E-01
 4.40000E+00 8.16181E-01
 4.60000E+00 7.64503E-01
 4.80000E+00 7.66670E-01
 5.00000E+00 7.62920E-01
 5.20000E+00 7.42320E-01
 5.40000E+00 7.31119E-01
 5.60000E+00 7.23969E-01
 5.80000E+00 7.22130E-01
 6.00000E+00 7.20583E-01
 6.20000E+00 7.20767E-01
 6.40000E+00 7.24568E-01
 6.60000E+00 7.26497E-01
 6.80000E+00 7.33718E-01
 7.00000E+00 7.35294E-01
 7.20000E+00 7.36534E-01
 7.40000E+00 7.43994E-01
 7.60000E+00 7.42747E-01
 7.80000E+00 7.50382E-01
 8.00000E+00 7.47748E-01
 8.50000E+00 7.49464E-01
 9.00000E+00 7.49583E-01
 9.50000E+00 7.49297E-01
 1.00000E+01 7.49710E-01
 1.05000E+01 7.52265E-01
 1.10000E+01 7.58654E-01
 1.15000E+01 7.70080E-01
 1.20000E+01 7.87028E-01
 1.25000E+01 8.09960E-01
 1.30000E+01 8.54766E-01
 1.35000E+01 8.85220E-01
 1.40000E+01 9.15536E-01
 1.45000E+01 9.42972E-01
 1.50000E+01 9.73763E-01
 1.60000E+01 9.85653E-01
 1.70000E+01 9.80944E-01
 1.80000E+01 9.48098E-01
 1.90000E+01 8.88177E-01
 2.00000E+01 8.06868E-01
 2.10000E+01 6.79431E-01
 2.20000E+01 5.83903E-01
 2.30000E+01 5.01557E-01
 2.40000E+01 4.26853E-01
 2.50000E+01 3.67254E-01
 2.60000E+01 3.20373E-01
 2.70000E+01 2.83240E-01
 2.80000E+01 2.56616E-01
 2.90000E+01 2.33364E-01
 3.00000E+01 2.15045E-01
 3.20000E+01 1.86803E-01
 3.40000E+01 1.63096E-01
 3.60000E+01 1.47063E-01
 3.80000E+01 1.28664E-01
 4.00000E+01 1.14679E-01
 4.20000E+01 1.03985E-01
 4.40000E+01 9.45585E-02
 4.60000E+01 8.54785E-02
 4.80000E+01 7.81041E-02
 5.00000E+01 7.28201E-02
 5.20000E+01 6.85346E-02
 5.40000E+01 6.52095E-02
