# p +  58Ni: Production of  57Co - Total
# Q-value    =-8.17218E+00 mass=  56.936290
# E-threshold= 8.31427E+00
# # energies =   100
#     E          xs
 1.00000E-11 0.00000E+00
 2.53000E-08 0.00000E+00
 2.00000E-07 0.00000E+00
 1.00000E-06 0.00000E+00
 1.00000E-05 0.00000E+00
 1.00000E-04 0.00000E+00
 1.00000E-03 0.00000E+00
 2.00000E-03 0.00000E+00
 4.00000E-03 0.00000E+00
 7.00000E-03 0.00000E+00
 1.00000E-02 0.00000E+00
 2.00000E-02 0.00000E+00
 4.00000E-02 0.00000E+00
 7.00000E-02 0.00000E+00
 1.00000E-01 0.00000E+00
 2.00000E-01 0.00000E+00
 3.00000E-01 0.00000E+00
 4.00000E-01 0.00000E+00
 5.00000E-01 0.00000E+00
 6.00000E-01 0.00000E+00
 7.00000E-01 0.00000E+00
 8.00000E-01 0.00000E+00
 9.00000E-01 0.00000E+00
 1.00000E+00 0.00000E+00
 1.20000E+00 0.00000E+00
 1.40000E+00 0.00000E+00
 1.60000E+00 0.00000E+00
 1.80000E+00 0.00000E+00
 2.00000E+00 0.00000E+00
 2.20000E+00 0.00000E+00
 2.40000E+00 0.00000E+00
 2.60000E+00 0.00000E+00
 2.80000E+00 0.00000E+00
 3.00000E+00 0.00000E+00
 3.20000E+00 0.00000E+00
 3.40000E+00 0.00000E+00
 3.60000E+00 0.00000E+00
 3.80000E+00 0.00000E+00
 4.00000E+00 0.00000E+00
 4.20000E+00 0.00000E+00
 4.40000E+00 0.00000E+00
 4.60000E+00 0.00000E+00
 4.80000E+00 0.00000E+00
 5.00000E+00 0.00000E+00
 5.20000E+00 0.00000E+00
 5.40000E+00 0.00000E+00
 5.60000E+00 0.00000E+00
 5.80000E+00 0.00000E+00
 6.00000E+00 0.00000E+00
 6.20000E+00 0.00000E+00
 6.40000E+00 0.00000E+00
 6.60000E+00 0.00000E+00
 6.80000E+00 0.00000E+00
 7.00000E+00 0.00000E+00
 7.20000E+00 0.00000E+00
 7.40000E+00 0.00000E+00
 7.60000E+00 0.00000E+00
 7.80000E+00 0.00000E+00
 8.00000E+00 0.00000E+00
 8.50000E+00 0.00000E+00
 9.00000E+00 0.00000E+00
 9.50000E+00 0.00000E+00
 1.00000E+01 0.00000E+00
 1.05000E+01 0.00000E+00
 1.10000E+01 2.25461E-03
 1.15000E+01 3.80069E-02
 1.20000E+01 3.81374E-01
 1.25000E+01 2.21366E+00
 1.30000E+01 8.52977E+00
 1.35000E+01 2.44453E+01
 1.40000E+01 5.48921E+01
 1.45000E+01 1.02235E+02
 1.50000E+01 1.63930E+02
 1.60000E+01 3.02999E+02
 1.70000E+01 4.16521E+02
 1.80000E+01 4.82235E+02
 1.90000E+01 5.19871E+02
 2.00000E+01 5.44956E+02
 2.10000E+01 5.62306E+02
 2.20000E+01 5.69873E+02
 2.30000E+01 5.69487E+02
 2.40000E+01 5.63596E+02
 2.50000E+01 5.50905E+02
 2.60000E+01 5.29811E+02
 2.70000E+01 4.99664E+02
 2.80000E+01 4.59269E+02
 2.90000E+01 4.15357E+02
 3.00000E+01 3.71002E+02
 3.20000E+01 2.95005E+02
 3.40000E+01 2.43070E+02
 3.60000E+01 2.11580E+02
 3.80000E+01 1.89942E+02
 4.00000E+01 1.75791E+02
 4.20000E+01 1.63721E+02
 4.40000E+01 1.55274E+02
 4.60000E+01 1.45511E+02
 4.80000E+01 1.38028E+02
 5.00000E+01 1.30403E+02
 5.20000E+01 1.23223E+02
 5.40000E+01 1.18069E+02
