# p +  64Ni: Production of  65Cu - Total
# Q-value    = 7.45361E+00 mass=  64.927789
# E-threshold= 0.00000E+00
# # energies =   100
#     E          xs
 1.00000E-11 0.00000E+00
 2.53000E-08 0.00000E+00
 2.00000E-07 0.00000E+00
 1.00000E-06 0.00000E+00
 1.00000E-05 0.00000E+00
 1.00000E-04 0.00000E+00
 1.00000E-03 0.00000E+00
 2.00000E-03 0.00000E+00
 4.00000E-03 0.00000E+00
 7.00000E-03 0.00000E+00
 1.00000E-02 0.00000E+00
 2.00000E-02 0.00000E+00
 4.00000E-02 0.00000E+00
 7.00000E-02 0.00000E+00
 1.00000E-01 0.00000E+00
 2.00000E-01 0.00000E+00
 3.00000E-01 0.00000E+00
 4.00000E-01 0.00000E+00
 5.00000E-01 0.00000E+00
 6.00000E-01 0.00000E+00
 7.00000E-01 0.00000E+00
 8.00000E-01 1.00000E-07
 9.00000E-01 1.00000E-07
 1.00000E+00 1.19499E-03
 1.20000E+00 1.07815E-02
 1.40000E+00 5.42396E-02
 1.60000E+00 1.76007E-01
 1.80000E+00 4.22111E-01
 2.00000E+00 8.33683E-01
 2.20000E+00 1.44217E+00
 2.40000E+00 2.26371E+00
 2.60000E+00 1.40269E+00
 2.80000E+00 4.16256E-01
 3.00000E+00 2.30128E-01
 3.20000E+00 2.07894E-01
 3.40000E+00 2.05899E-01
 3.60000E+00 2.13238E-01
 3.80000E+00 2.32343E-01
 4.00000E+00 2.57287E-01
 4.20000E+00 2.86375E-01
 4.40000E+00 3.34958E-01
 4.60000E+00 3.73445E-01
 4.80000E+00 4.11619E-01
 5.00000E+00 4.49383E-01
 5.20000E+00 4.89874E-01
 5.40000E+00 5.25104E-01
 5.60000E+00 5.61725E-01
 5.80000E+00 5.94333E-01
 6.00000E+00 6.21481E-01
 6.20000E+00 6.56455E-01
 6.40000E+00 6.77267E-01
 6.60000E+00 7.07782E-01
 6.80000E+00 7.28273E-01
 7.00000E+00 7.47503E-01
 7.20000E+00 7.75565E-01
 7.40000E+00 7.88842E-01
 7.60000E+00 8.11991E-01
 7.80000E+00 8.30433E-01
 8.00000E+00 8.42772E-01
 8.50000E+00 8.81854E-01
 9.00000E+00 9.17160E-01
 9.50000E+00 9.45960E-01
 1.00000E+01 9.60086E-01
 1.05000E+01 9.74438E-01
 1.10000E+01 9.84345E-01
 1.15000E+01 9.82585E-01
 1.20000E+01 9.88011E-01
 1.25000E+01 9.86985E-01
 1.30000E+01 9.91955E-01
 1.35000E+01 9.91579E-01
 1.40000E+01 9.96694E-01
 1.45000E+01 9.93498E-01
 1.50000E+01 9.91288E-01
 1.60000E+01 9.60778E-01
 1.70000E+01 9.30317E-01
 1.80000E+01 8.76140E-01
 1.90000E+01 8.09976E-01
 2.00000E+01 7.34084E-01
 2.10000E+01 6.59089E-01
 2.20000E+01 5.88899E-01
 2.30000E+01 5.31216E-01
 2.40000E+01 4.76647E-01
 2.50000E+01 4.33657E-01
 2.60000E+01 3.95959E-01
 2.70000E+01 3.60387E-01
 2.80000E+01 3.31610E-01
 2.90000E+01 3.07570E-01
 3.00000E+01 2.82136E-01
 3.20000E+01 2.41727E-01
 3.40000E+01 2.10029E-01
 3.60000E+01 1.77957E-01
 3.80000E+01 1.56959E-01
 4.00000E+01 1.36747E-01
 4.20000E+01 1.21109E-01
 4.40000E+01 1.10179E-01
 4.60000E+01 1.00783E-01
 4.80000E+01 9.07943E-02
 5.00000E+01 8.34861E-02
 5.20000E+01 7.81557E-02
 5.40000E+01 7.41559E-02
