# p +  64Ni: Production of  62Ni - Total
# Q-value    =-8.01342E+00 mass=  61.928345
# E-threshold= 8.13968E+00
# # energies =   100
#     E          xs
 1.00000E-11 0.00000E+00
 2.53000E-08 0.00000E+00
 2.00000E-07 0.00000E+00
 1.00000E-06 0.00000E+00
 1.00000E-05 0.00000E+00
 1.00000E-04 0.00000E+00
 1.00000E-03 0.00000E+00
 2.00000E-03 0.00000E+00
 4.00000E-03 0.00000E+00
 7.00000E-03 0.00000E+00
 1.00000E-02 0.00000E+00
 2.00000E-02 0.00000E+00
 4.00000E-02 0.00000E+00
 7.00000E-02 0.00000E+00
 1.00000E-01 0.00000E+00
 2.00000E-01 0.00000E+00
 3.00000E-01 0.00000E+00
 4.00000E-01 0.00000E+00
 5.00000E-01 0.00000E+00
 6.00000E-01 0.00000E+00
 7.00000E-01 0.00000E+00
 8.00000E-01 0.00000E+00
 9.00000E-01 0.00000E+00
 1.00000E+00 0.00000E+00
 1.20000E+00 0.00000E+00
 1.40000E+00 0.00000E+00
 1.60000E+00 0.00000E+00
 1.80000E+00 0.00000E+00
 2.00000E+00 0.00000E+00
 2.20000E+00 0.00000E+00
 2.40000E+00 0.00000E+00
 2.60000E+00 0.00000E+00
 2.80000E+00 0.00000E+00
 3.00000E+00 0.00000E+00
 3.20000E+00 0.00000E+00
 3.40000E+00 0.00000E+00
 3.60000E+00 0.00000E+00
 3.80000E+00 0.00000E+00
 4.00000E+00 0.00000E+00
 4.20000E+00 0.00000E+00
 4.40000E+00 0.00000E+00
 4.60000E+00 0.00000E+00
 4.80000E+00 0.00000E+00
 5.00000E+00 0.00000E+00
 5.20000E+00 0.00000E+00
 5.40000E+00 0.00000E+00
 5.60000E+00 0.00000E+00
 5.80000E+00 0.00000E+00
 6.00000E+00 0.00000E+00
 6.20000E+00 0.00000E+00
 6.40000E+00 0.00000E+00
 6.60000E+00 0.00000E+00
 6.80000E+00 0.00000E+00
 7.00000E+00 0.00000E+00
 7.20000E+00 0.00000E+00
 7.40000E+00 0.00000E+00
 7.60000E+00 0.00000E+00
 7.80000E+00 0.00000E+00
 8.00000E+00 0.00000E+00
 8.50000E+00 0.00000E+00
 9.00000E+00 0.00000E+00
 9.50000E+00 0.00000E+00
 1.00000E+01 0.00000E+00
 1.05000E+01 0.00000E+00
 1.10000E+01 0.00000E+00
 1.15000E+01 2.49779E-03
 1.20000E+01 6.93678E-03
 1.25000E+01 1.36196E-02
 1.30000E+01 2.31127E-02
 1.35000E+01 3.67122E-02
 1.40000E+01 5.12889E-02
 1.45000E+01 6.89085E-02
 1.50000E+01 8.96480E-02
 1.60000E+01 1.47562E-01
 1.70000E+01 2.36865E-01
 1.80000E+01 3.88895E-01
 1.90000E+01 1.31034E+00
 2.00000E+01 8.26127E+00
 2.10000E+01 3.01398E+01
 2.20000E+01 7.35842E+01
 2.30000E+01 1.29347E+02
 2.40000E+01 1.75833E+02
 2.50000E+01 2.08567E+02
 2.60000E+01 2.32315E+02
 2.70000E+01 2.51323E+02
 2.80000E+01 2.64920E+02
 2.90000E+01 2.81379E+02
 3.00000E+01 2.93814E+02
 3.20000E+01 3.19108E+02
 3.40000E+01 3.33277E+02
 3.60000E+01 3.32369E+02
 3.80000E+01 3.16785E+02
 4.00000E+01 2.99304E+02
 4.20000E+01 2.81231E+02
 4.40000E+01 2.63962E+02
 4.60000E+01 2.55849E+02
 4.80000E+01 2.40176E+02
 5.00000E+01 2.37988E+02
 5.20000E+01 2.23181E+02
 5.40000E+01 2.19005E+02
