# p +  58Ni: Production of  58Ni - Total
# Q-value    =-1.45421E+00 mass=  57.935342
# E-threshold= 1.47949E+00
# # energies =   100
#     E          xs
 1.00000E-11 0.00000E+00
 2.53000E-08 0.00000E+00
 2.00000E-07 0.00000E+00
 1.00000E-06 0.00000E+00
 1.00000E-05 0.00000E+00
 1.00000E-04 0.00000E+00
 1.00000E-03 0.00000E+00
 2.00000E-03 0.00000E+00
 4.00000E-03 0.00000E+00
 7.00000E-03 0.00000E+00
 1.00000E-02 0.00000E+00
 2.00000E-02 0.00000E+00
 4.00000E-02 0.00000E+00
 7.00000E-02 0.00000E+00
 1.00000E-01 0.00000E+00
 2.00000E-01 0.00000E+00
 3.00000E-01 0.00000E+00
 4.00000E-01 0.00000E+00
 5.00000E-01 0.00000E+00
 6.00000E-01 0.00000E+00
 7.00000E-01 0.00000E+00
 8.00000E-01 0.00000E+00
 9.00000E-01 0.00000E+00
 1.00000E+00 0.00000E+00
 1.20000E+00 0.00000E+00
 1.40000E+00 0.00000E+00
 1.60000E+00 0.00000E+00
 1.80000E+00 0.00000E+00
 2.00000E+00 0.00000E+00
 2.20000E+00 0.00000E+00
 2.40000E+00 0.00000E+00
 2.60000E+00 4.16255E-03
 2.80000E+00 2.74675E-02
 3.00000E+00 1.20933E-01
 3.20000E+00 3.89496E-01
 3.40000E+00 1.00500E+00
 3.60000E+00 2.23158E+00
 3.80000E+00 4.35734E+00
 4.00000E+00 7.75187E+00
 4.20000E+00 1.28598E+01
 4.40000E+00 2.01620E+01
 4.60000E+00 3.01801E+01
 4.80000E+00 4.34564E+01
 5.00000E+00 6.05363E+01
 5.20000E+00 8.18813E+01
 5.40000E+00 1.07779E+02
 5.60000E+00 1.38270E+02
 5.80000E+00 1.73065E+02
 6.00000E+00 2.11759E+02
 6.20000E+00 2.53239E+02
 6.40000E+00 2.96392E+02
 6.60000E+00 3.39888E+02
 6.80000E+00 3.82170E+02
 7.00000E+00 4.22301E+02
 7.20000E+00 4.59450E+02
 7.40000E+00 4.93452E+02
 7.60000E+00 5.24261E+02
 7.80000E+00 5.52090E+02
 8.00000E+00 5.77425E+02
 8.50000E+00 6.58140E+02
 9.00000E+00 6.95696E+02
 9.50000E+00 7.29991E+02
 1.00000E+01 7.55058E+02
 1.05000E+01 7.81014E+02
 1.10000E+01 8.05157E+02
 1.15000E+01 8.24140E+02
 1.20000E+01 8.39317E+02
 1.25000E+01 8.49650E+02
 1.30000E+01 8.53052E+02
 1.35000E+01 8.45520E+02
 1.40000E+01 8.22448E+02
 1.45000E+01 7.81796E+02
 1.50000E+01 7.25664E+02
 1.60000E+01 5.88367E+02
 1.70000E+01 4.54285E+02
 1.80000E+01 3.49447E+02
 1.90000E+01 2.76637E+02
 2.00000E+01 2.28248E+02
 2.10000E+01 1.96615E+02
 2.20000E+01 1.76021E+02
 2.30000E+01 1.62227E+02
 2.40000E+01 1.52390E+02
 2.50000E+01 1.44195E+02
 2.60000E+01 1.37924E+02
 2.70000E+01 1.33206E+02
 2.80000E+01 1.29114E+02
 2.90000E+01 1.25474E+02
 3.00000E+01 1.21992E+02
 3.20000E+01 1.15709E+02
 3.40000E+01 1.09583E+02
 3.60000E+01 1.04144E+02
 3.80000E+01 9.85268E+01
 4.00000E+01 9.36429E+01
 4.20000E+01 8.91139E+01
 4.40000E+01 8.49000E+01
 4.60000E+01 8.07003E+01
 4.80000E+01 7.85889E+01
 5.00000E+01 7.72198E+01
 5.20000E+01 7.54530E+01
 5.40000E+01 7.23628E+01
