# p +  61Ni: Production of  58Co - Ground state
# Q-value    = 4.89321E-01 mass=  57.935751
# E-threshold= 0.00000E+00
# # energies =   100
#     E          xs      Branching
 1.00000E-11 0.00000E+00 0.00000E+00
 2.53000E-08 0.00000E+00 0.00000E+00
 2.00000E-07 0.00000E+00 0.00000E+00
 1.00000E-06 0.00000E+00 0.00000E+00
 1.00000E-05 0.00000E+00 0.00000E+00
 1.00000E-04 0.00000E+00 0.00000E+00
 1.00000E-03 0.00000E+00 0.00000E+00
 2.00000E-03 0.00000E+00 0.00000E+00
 4.00000E-03 0.00000E+00 0.00000E+00
 7.00000E-03 0.00000E+00 0.00000E+00
 1.00000E-02 0.00000E+00 0.00000E+00
 2.00000E-02 0.00000E+00 0.00000E+00
 4.00000E-02 0.00000E+00 0.00000E+00
 7.00000E-02 0.00000E+00 0.00000E+00
 1.00000E-01 0.00000E+00 0.00000E+00
 2.00000E-01 0.00000E+00 0.00000E+00
 3.00000E-01 0.00000E+00 0.00000E+00
 4.00000E-01 0.00000E+00 0.00000E+00
 5.00000E-01 0.00000E+00 0.00000E+00
 6.00000E-01 0.00000E+00 0.00000E+00
 7.00000E-01 0.00000E+00 0.00000E+00
 8.00000E-01 0.00000E+00 0.00000E+00
 9.00000E-01 0.00000E+00 0.00000E+00
 1.00000E+00 0.00000E+00 0.00000E+00
 1.20000E+00 0.00000E+00 0.00000E+00
 1.40000E+00 0.00000E+00 0.00000E+00
 1.60000E+00 0.00000E+00 0.00000E+00
 1.80000E+00 0.00000E+00 0.00000E+00
 2.00000E+00 0.00000E+00 0.00000E+00
 2.20000E+00 0.00000E+00 0.00000E+00
 2.40000E+00 0.00000E+00 0.00000E+00
 2.60000E+00 0.00000E+00 0.00000E+00
 2.80000E+00 0.00000E+00 0.00000E+00
 3.00000E+00 3.34566E-06 0.00000E+00
 3.20000E+00 1.02012E-05 0.00000E+00
 3.40000E+00 3.24248E-05 0.00000E+00
 3.60000E+00 9.69442E-05 0.00000E+00
 3.80000E+00 7.17502E-04 6.14155E-01
 4.00000E+00 1.61748E-03 6.32423E-01
 4.20000E+00 3.61704E-03 6.26536E-01
 4.40000E+00 7.97415E-03 6.41298E-01
 4.60000E+00 1.30210E-02 6.78782E-01
 4.80000E+00 2.91759E-02 6.76069E-01
 5.00000E+00 5.14040E-02 6.92035E-01
 5.20000E+00 9.21788E-02 6.96715E-01
 5.40000E+00 1.72013E-01 6.98997E-01
 5.60000E+00 2.74235E-01 7.05581E-01
 5.80000E+00 4.62553E-01 7.02403E-01
 6.00000E+00 7.04290E-01 7.03122E-01
 6.20000E+00 1.04667E+00 7.03423E-01
 6.40000E+00 1.55962E+00 7.01891E-01
 6.60000E+00 2.18713E+00 7.03949E-01
 6.80000E+00 3.06230E+00 7.02097E-01
 7.00000E+00 4.13163E+00 7.02149E-01
 7.20000E+00 5.45667E+00 7.02898E-01
 7.40000E+00 7.07027E+00 7.02246E-01
 7.60000E+00 8.89414E+00 7.03453E-01
 7.80000E+00 1.10098E+01 7.03463E-01
 8.00000E+00 1.33208E+01 7.04193E-01
 8.50000E+00 1.98999E+01 7.07599E-01
 9.00000E+00 2.70777E+01 7.11838E-01
 9.50000E+00 3.41646E+01 7.15065E-01
 1.00000E+01 4.05430E+01 7.16203E-01
 1.05000E+01 4.56376E+01 7.15254E-01
 1.10000E+01 4.93986E+01 7.12742E-01
 1.15000E+01 5.18979E+01 7.09084E-01
 1.20000E+01 5.32565E+01 7.04654E-01
 1.25000E+01 5.37358E+01 6.99709E-01
 1.30000E+01 5.35485E+01 6.94473E-01
 1.35000E+01 5.28841E+01 6.89049E-01
 1.40000E+01 5.18488E+01 6.83629E-01
 1.45000E+01 5.05057E+01 6.78226E-01
 1.50000E+01 4.89078E+01 6.72876E-01
 1.60000E+01 4.33755E+01 6.62191E-01
 1.70000E+01 3.49215E+01 6.51758E-01
 1.80000E+01 2.58144E+01 6.42826E-01
 1.90000E+01 1.84966E+01 6.37395E-01
 2.00000E+01 1.36009E+01 6.36029E-01
 2.10000E+01 1.08476E+01 6.40026E-01
 2.20000E+01 8.66994E+00 6.46052E-01
 2.30000E+01 7.01801E+00 6.49920E-01
 2.40000E+01 6.33050E+00 6.54998E-01
 2.50000E+01 5.25952E+00 6.57836E-01
 2.60000E+01 4.88451E+00 6.58690E-01
 2.70000E+01 4.08637E+00 6.56284E-01
 2.80000E+01 3.86709E+00 6.51789E-01
 2.90000E+01 3.40002E+00 6.42035E-01
 3.00000E+01 3.34908E+00 6.31461E-01
 3.20000E+01 3.61331E+00 6.05176E-01
 3.40000E+01 4.62196E+00 5.81373E-01
 3.60000E+01 7.15189E+00 5.12775E-01
 3.80000E+01 1.42012E+01 4.65181E-01
 4.00000E+01 2.71104E+01 4.59814E-01
 4.20000E+01 4.31334E+01 4.73148E-01
 4.40000E+01 5.87554E+01 4.89826E-01
 4.60000E+01 7.24123E+01 4.98918E-01
 4.80000E+01 7.91431E+01 5.07062E-01
 5.00000E+01 8.45779E+01 5.15657E-01
 5.20000E+01 8.29858E+01 5.21000E-01
 5.40000E+01 8.13393E+01 5.28226E-01
