# p +  58Ni: Production of  55Co - Total
# Q-value    =-1.33482E+00 mass=  54.941996
# E-threshold= 1.35802E+00
# # energies =   100
#     E          xs
 1.00000E-11 0.00000E+00
 2.53000E-08 0.00000E+00
 2.00000E-07 0.00000E+00
 1.00000E-06 0.00000E+00
 1.00000E-05 0.00000E+00
 1.00000E-04 0.00000E+00
 1.00000E-03 0.00000E+00
 2.00000E-03 0.00000E+00
 4.00000E-03 0.00000E+00
 7.00000E-03 0.00000E+00
 1.00000E-02 0.00000E+00
 2.00000E-02 0.00000E+00
 4.00000E-02 0.00000E+00
 7.00000E-02 0.00000E+00
 1.00000E-01 0.00000E+00
 2.00000E-01 0.00000E+00
 3.00000E-01 0.00000E+00
 4.00000E-01 0.00000E+00
 5.00000E-01 0.00000E+00
 6.00000E-01 0.00000E+00
 7.00000E-01 0.00000E+00
 8.00000E-01 0.00000E+00
 9.00000E-01 0.00000E+00
 1.00000E+00 0.00000E+00
 1.20000E+00 0.00000E+00
 1.40000E+00 0.00000E+00
 1.60000E+00 0.00000E+00
 1.80000E+00 0.00000E+00
 2.00000E+00 0.00000E+00
 2.20000E+00 0.00000E+00
 2.40000E+00 0.00000E+00
 2.60000E+00 0.00000E+00
 2.80000E+00 0.00000E+00
 3.00000E+00 0.00000E+00
 3.20000E+00 0.00000E+00
 3.40000E+00 0.00000E+00
 3.60000E+00 0.00000E+00
 3.80000E+00 0.00000E+00
 4.00000E+00 0.00000E+00
 4.20000E+00 0.00000E+00
 4.40000E+00 0.00000E+00
 4.60000E+00 0.00000E+00
 4.80000E+00 0.00000E+00
 5.00000E+00 0.00000E+00
 5.20000E+00 0.00000E+00
 5.40000E+00 0.00000E+00
 5.60000E+00 1.34215E-03
 5.80000E+00 2.80671E-03
 6.00000E+00 5.80008E-03
 6.20000E+00 1.24416E-02
 6.40000E+00 1.92782E-02
 6.60000E+00 3.70848E-02
 6.80000E+00 5.94000E-02
 7.00000E+00 9.37347E-02
 7.20000E+00 1.78992E-01
 7.40000E+00 2.66778E-01
 7.60000E+00 4.42244E-01
 7.80000E+00 6.71995E-01
 8.00000E+00 9.23059E-01
 8.50000E+00 2.04912E+00
 9.00000E+00 3.71953E+00
 9.50000E+00 5.78484E+00
 1.00000E+01 7.79992E+00
 1.05000E+01 9.44411E+00
 1.10000E+01 1.08472E+01
 1.15000E+01 1.26273E+01
 1.20000E+01 1.53924E+01
 1.25000E+01 1.93443E+01
 1.30000E+01 2.41102E+01
 1.35000E+01 2.90023E+01
 1.40000E+01 3.34163E+01
 1.45000E+01 3.71066E+01
 1.50000E+01 3.99337E+01
 1.60000E+01 4.27010E+01
 1.70000E+01 4.11832E+01
 1.80000E+01 3.60095E+01
 1.90000E+01 2.88222E+01
 2.00000E+01 2.15033E+01
 2.10000E+01 1.54026E+01
 2.20000E+01 1.08891E+01
 2.30000E+01 7.82424E+00
 2.40000E+01 5.83594E+00
 2.50000E+01 4.55899E+00
 2.60000E+01 3.69505E+00
 2.70000E+01 3.07309E+00
 2.80000E+01 2.67845E+00
 2.90000E+01 2.41448E+00
 3.00000E+01 2.26635E+00
 3.20000E+01 2.28029E+00
 3.40000E+01 2.70761E+00
 3.60000E+01 3.54456E+00
 3.80000E+01 5.41371E+00
 4.00000E+01 9.71004E+00
 4.20000E+01 1.72343E+01
 4.40000E+01 2.61190E+01
 4.60000E+01 3.62945E+01
 4.80000E+01 4.53149E+01
 5.00000E+01 5.05671E+01
 5.20000E+01 5.67517E+01
 5.40000E+01 5.73327E+01
