# p +  64Ni Total cross sections
# 
# 
# # energies =   100
#     E      Non-elastic    Elastic     Total     Comp. el.   Shape el.   Reaction   Comp. nonel   Direct    Pre-equil.  Dir. Capt.
 1.00000E-11 0.00000E+00 0.00000E+00 0.00000E+00 0.00000E+00 0.00000E+00 0.00000E+00 0.00000E+00 0.00000E+00 0.00000E+00 0.00000E+00
 2.53000E-08 0.00000E+00 0.00000E+00 0.00000E+00 0.00000E+00 0.00000E+00 0.00000E+00 0.00000E+00 0.00000E+00 0.00000E+00 0.00000E+00
 2.00000E-07 0.00000E+00 0.00000E+00 0.00000E+00 0.00000E+00 0.00000E+00 0.00000E+00 0.00000E+00 0.00000E+00 0.00000E+00 0.00000E+00
 1.00000E-06 0.00000E+00 0.00000E+00 0.00000E+00 0.00000E+00 0.00000E+00 0.00000E+00 0.00000E+00 0.00000E+00 0.00000E+00 0.00000E+00
 1.00000E-05 0.00000E+00 0.00000E+00 0.00000E+00 0.00000E+00 0.00000E+00 0.00000E+00 0.00000E+00 0.00000E+00 0.00000E+00 0.00000E+00
 1.00000E-04 0.00000E+00 0.00000E+00 0.00000E+00 0.00000E+00 0.00000E+00 0.00000E+00 0.00000E+00 0.00000E+00 0.00000E+00 0.00000E+00
 1.00000E-03 0.00000E+00 0.00000E+00 0.00000E+00 0.00000E+00 0.00000E+00 0.00000E+00 0.00000E+00 0.00000E+00 0.00000E+00 0.00000E+00
 2.00000E-03 0.00000E+00 0.00000E+00 0.00000E+00 0.00000E+00 0.00000E+00 0.00000E+00 0.00000E+00 0.00000E+00 0.00000E+00 0.00000E+00
 4.00000E-03 0.00000E+00 0.00000E+00 0.00000E+00 0.00000E+00 0.00000E+00 0.00000E+00 0.00000E+00 0.00000E+00 0.00000E+00 0.00000E+00
 7.00000E-03 0.00000E+00 0.00000E+00 0.00000E+00 0.00000E+00 0.00000E+00 0.00000E+00 0.00000E+00 0.00000E+00 0.00000E+00 0.00000E+00
 1.00000E-02 0.00000E+00 0.00000E+00 0.00000E+00 0.00000E+00 0.00000E+00 0.00000E+00 0.00000E+00 0.00000E+00 0.00000E+00 0.00000E+00
 2.00000E-02 0.00000E+00 0.00000E+00 0.00000E+00 0.00000E+00 0.00000E+00 0.00000E+00 0.00000E+00 0.00000E+00 0.00000E+00 0.00000E+00
 4.00000E-02 0.00000E+00 0.00000E+00 0.00000E+00 0.00000E+00 0.00000E+00 0.00000E+00 0.00000E+00 0.00000E+00 0.00000E+00 0.00000E+00
 7.00000E-02 0.00000E+00 0.00000E+00 0.00000E+00 0.00000E+00 0.00000E+00 0.00000E+00 0.00000E+00 0.00000E+00 0.00000E+00 0.00000E+00
 1.00000E-01 0.00000E+00 0.00000E+00 0.00000E+00 0.00000E+00 0.00000E+00 0.00000E+00 0.00000E+00 0.00000E+00 0.00000E+00 0.00000E+00
 2.00000E-01 0.00000E+00 0.00000E+00 0.00000E+00 0.00000E+00 0.00000E+00 7.89662E-18 0.00000E+00 0.00000E+00 0.00000E+00 0.00000E+00
 3.00000E-01 0.00000E+00 0.00000E+00 0.00000E+00 0.00000E+00 0.00000E+00 4.68612E-13 0.00000E+00 0.00000E+00 0.00000E+00 0.00000E+00
 4.00000E-01 0.00000E+00 0.00000E+00 0.00000E+00 0.00000E+00 0.00000E+00 3.12009E-10 0.00000E+00 0.00000E+00 0.00000E+00 0.00000E+00
 5.00000E-01 0.00000E+00 0.00000E+00 0.00000E+00 0.00000E+00 0.00000E+00 2.55612E-08 0.00000E+00 0.00000E+00 0.00000E+00 0.00000E+00
 6.00000E-01 0.00000E+00 0.00000E+00 0.00000E+00 0.00000E+00 0.00000E+00 6.47115E-07 0.00000E+00 0.00000E+00 0.00000E+00 0.00000E+00
 7.00000E-01 0.00000E+00 0.00000E+00 0.00000E+00 0.00000E+00 0.00000E+00 7.85448E-06 0.00000E+00 0.00000E+00 0.00000E+00 0.00000E+00
 8.00000E-01 5.80604E-05 1.29631E-08 0.00000E+00 1.29631E-08 0.00000E+00 5.80734E-05 5.80604E-05 0.00000E+00 0.00000E+00 0.00000E+00
 9.00000E-01 3.01518E-04 2.30731E-07 0.00000E+00 2.30731E-07 0.00000E+00 3.01749E-04 3.01518E-04 0.00000E+00 0.00000E+00 0.00000E+00
 1.00000E+00 1.20351E-03 3.68147E-06 0.00000E+00 3.68147E-06 0.00000E+00 1.20719E-03 1.20351E-03 0.00000E+00 0.00000E+00 0.00000E+00
 1.20000E+00 1.07840E-02 2.83963E-04 0.00000E+00 2.83963E-04 0.00000E+00 1.10680E-02 1.07840E-02 0.00000E+00 0.00000E+00 0.00000E+00
 1.40000E+00 5.42409E-02 6.58132E-03 0.00000E+00 6.58132E-03 0.00000E+00 6.08222E-02 5.42409E-02 0.00000E+00 0.00000E+00 0.00000E+00
 1.60000E+00 1.76011E-01 6.06981E-02 0.00000E+00 6.06981E-02 0.00000E+00 2.36709E-01 1.76011E-01 4.16246E-22 0.00000E+00 0.00000E+00
 1.80000E+00 4.22127E-01 2.98432E-01 0.00000E+00 2.98432E-01 0.00000E+00 7.20559E-01 4.22127E-01 5.65530E-15 0.00000E+00 0.00000E+00
 2.00000E+00 8.33778E-01 9.93652E-01 0.00000E+00 9.93652E-01 0.00000E+00 1.82743E+00 8.33778E-01 2.04557E-11 0.00000E+00 0.00000E+00
 2.20000E+00 1.44260E+00 2.58404E+00 0.00000E+00 2.58404E+00 0.00000E+00 4.02664E+00 1.44260E+00 3.80900E-09 0.00000E+00 0.00000E+00
 2.40000E+00 2.26568E+00 5.66818E+00 0.00000E+00 5.66818E+00 0.00000E+00 7.93386E+00 2.26568E+00 1.60341E-07 0.00000E+00 0.00000E+00
 2.60000E+00 1.00947E+01 4.16937E+00 0.00000E+00 4.16937E+00 0.00000E+00 1.42641E+01 1.00947E+01 2.79576E-06 0.00000E+00 0.00000E+00
 2.80000E+00 1.92658E+01 4.47466E+00 0.00000E+00 4.47466E+00 0.00000E+00 2.37405E+01 1.92658E+01 2.73091E-05 0.00000E+00 0.00000E+00
 3.00000E+00 3.28827E+01 4.08438E+00 0.00000E+00 4.08438E+00 0.00000E+00 3.69671E+01 3.28825E+01 1.77201E-04 0.00000E+00 0.00000E+00
 3.20000E+00 4.94716E+01 4.82255E+00 0.00000E+00 4.82255E+00 0.00000E+00 5.42942E+01 4.94708E+01 8.48215E-04 0.00000E+00 0.00000E+00
 3.40000E+00 7.01188E+01 5.60838E+00 0.00000E+00 5.60838E+00 0.00000E+00 7.57272E+01 7.01156E+01 3.20920E-03 0.00000E+00 0.00000E+00
 3.60000E+00 9.47498E+01 6.17521E+00 0.00000E+00 6.17521E+00 0.00000E+00 1.00925E+02 9.47397E+01 1.00692E-02 0.00000E+00 0.00000E+00
 3.80000E+00 1.22383E+02 6.91054E+00 0.00000E+00 6.91054E+00 0.00000E+00 1.29294E+02 1.22356E+02 2.71289E-02 0.00000E+00 0.00000E+00
 4.00000E+00 1.52607E+02 7.52881E+00 0.00000E+00 7.52881E+00 0.00000E+00 1.60136E+02 1.52543E+02 6.44172E-02 0.00000E+00 0.00000E+00
 4.20000E+00 1.84806E+02 7.96186E+00 0.00000E+00 7.96186E+00 0.00000E+00 1.92768E+02 1.84669E+02 1.37524E-01 0.00000E+00 0.00000E+00
 4.40000E+00 2.18418E+02 8.16840E+00 0.00000E+00 8.16840E+00 0.00000E+00 2.26586E+02 2.17705E+02 2.96372E-01 4.16346E-01 0.00000E+00
 4.60000E+00 2.52875E+02 8.18474E+00 0.00000E+00 8.18474E+00 0.00000E+00 2.61060E+02 2.51662E+02 5.19917E-01 6.93451E-01 0.00000E+00
 4.80000E+00 2.87678E+02 8.03234E+00 0.00000E+00 8.03234E+00 0.00000E+00 2.95710E+02 2.85763E+02 8.57466E-01 1.05704E+00 0.00000E+00
 5.00000E+00 3.22338E+02 7.74919E+00 0.00000E+00 7.74919E+00 0.00000E+00 3.30087E+02 3.19467E+02 1.34115E+00 1.52972E+00 0.00000E+00
 5.20000E+00 3.56403E+02 7.37063E+00 0.00000E+00 7.37063E+00 0.00000E+00 3.63774E+02 3.52292E+02 2.00435E+00 2.10735E+00 0.00000E+00
 5.40000E+00 3.89485E+02 6.92645E+00 0.00000E+00 6.92645E+00 0.00000E+00 3.96411E+02 3.83821E+02 2.86722E+00 2.79640E+00 0.00000E+00
 5.60000E+00 4.21272E+02 6.44060E+00 0.00000E+00 6.44060E+00 0.00000E+00 4.27713E+02 4.13746E+02 3.96572E+00 3.56071E+00 0.00000E+00
 5.80000E+00 4.51565E+02 5.93050E+00 0.00000E+00 5.93050E+00 0.00000E+00 4.57496E+02 4.41805E+02 5.29687E+00 4.46388E+00 0.00000E+00
 6.00000E+00 4.80267E+02 5.41188E+00 0.00000E+00 5.41188E+00 0.00000E+00 4.85679E+02 4.67917E+02 6.87862E+00 5.47137E+00 0.00000E+00
 6.20000E+00 5.07380E+02 4.89781E+00 0.00000E+00 4.89781E+00 0.00000E+00 5.12278E+02 4.92091E+02 8.71715E+00 6.57222E+00 0.00000E+00
 6.40000E+00 5.32991E+02 4.39925E+00 0.00000E+00 4.39925E+00 0.00000E+00 5.37390E+02 5.14427E+02 1.07914E+01 7.77231E+00 0.00000E+00
 6.60000E+00 5.57242E+02 3.92522E+00 0.00000E+00 3.92522E+00 0.00000E+00 5.61167E+02 5.35081E+02 1.30978E+01 9.06263E+00 0.00000E+00
 6.80000E+00 5.80311E+02 3.48189E+00 0.00000E+00 3.48189E+00 0.00000E+00 5.83793E+02 5.54263E+02 1.56006E+01 1.04469E+01 0.00000E+00
 7.00000E+00 6.02388E+02 3.07333E+00 0.00000E+00 3.07333E+00 0.00000E+00 6.05461E+02 5.72166E+02 1.82827E+01 1.19372E+01 0.00000E+00
 7.20000E+00 6.23650E+02 2.70158E+00 0.00000E+00 2.70158E+00 0.00000E+00 6.26352E+02 5.88995E+02 2.11266E+01 1.35246E+01 0.00000E+00
 7.40000E+00 6.44257E+02 2.36691E+00 0.00000E+00 2.36691E+00 0.00000E+00 6.46624E+02 6.04921E+02 2.40952E+01 1.52338E+01 0.00000E+00
 7.60000E+00 6.64338E+02 2.06598E+00 0.00000E+00 2.06598E+00 0.00000E+00 6.66404E+02 6.19466E+02 2.78501E+01 1.70107E+01 0.00000E+00
 7.80000E+00 6.83982E+02 1.80197E+00 0.00000E+00 1.80197E+00 0.00000E+00 6.85784E+02 6.34222E+02 3.07159E+01 1.90267E+01 0.00000E+00
 8.00000E+00 7.03246E+02 1.57067E+00 0.00000E+00 1.57067E+00 0.00000E+00 7.04817E+02 6.49021E+02 3.35101E+01 2.06882E+01 0.00000E+00
 8.50000E+00 7.49865E+02 1.10486E+00 0.00000E+00 1.10486E+00 0.00000E+00 7.50970E+02 6.81551E+02 4.17377E+01 2.65165E+01 0.00000E+00
 9.00000E+00 7.93945E+02 7.73130E-01 0.00000E+00 7.73130E-01 0.00000E+00 7.94718E+02 7.10648E+02 4.99393E+01 3.32502E+01 0.00000E+00
 9.50000E+00 8.34755E+02 5.37949E-01 0.00000E+00 5.37949E-01 0.00000E+00 8.35293E+02 7.35586E+02 5.79327E+01 4.10714E+01 0.00000E+00
 1.00000E+01 8.71623E+02 3.71597E-01 0.00000E+00 3.71597E-01 0.00000E+00 8.71995E+02 7.55992E+02 6.56194E+01 4.97766E+01 0.00000E+00
 1.05000E+01 9.04266E+02 2.54378E-01 0.00000E+00 2.54378E-01 0.00000E+00 9.04520E+02 7.71739E+02 7.29423E+01 5.92347E+01 0.00000E+00
 1.10000E+01 9.32843E+02 1.72625E-01 0.00000E+00 1.72625E-01 0.00000E+00 9.33016E+02 7.82989E+02 7.99415E+01 6.93313E+01 0.00000E+00
 1.15000E+01 9.57838E+02 1.16397E-01 0.00000E+00 1.16397E-01 0.00000E+00 9.57954E+02 7.90562E+02 8.62921E+01 7.99743E+01 0.00000E+00
 1.20000E+01 9.79870E+02 7.81823E-02 0.00000E+00 7.81823E-02 0.00000E+00 9.79948E+02 7.95282E+02 9.20369E+01 9.09140E+01 0.00000E+00
 1.25000E+01 9.99531E+02 5.24321E-02 0.00000E+00 5.24321E-02 0.00000E+00 9.99583E+02 7.97483E+02 9.71232E+01 1.02538E+02 0.00000E+00
 1.30000E+01 1.01730E+03 1.65740E-02 0.00000E+00 1.65740E-02 0.00000E+00 1.01732E+03 7.98059E+02 1.01413E+02 1.14668E+02 0.00000E+00
 1.35000E+01 1.03345E+03 1.11510E-02 0.00000E+00 1.11510E-02 0.00000E+00 1.03346E+03 7.97064E+02 1.05034E+02 1.27440E+02 0.00000E+00
 1.40000E+01 1.04817E+03 7.53572E-03 0.00000E+00 7.53572E-03 0.00000E+00 1.04818E+03 7.95555E+02 1.07960E+02 1.40069E+02 0.00000E+00
 1.45000E+01 1.06155E+03 5.10886E-03 0.00000E+00 5.10886E-03 0.00000E+00 1.06156E+03 7.92138E+02 1.10288E+02 1.53953E+02 0.00000E+00
 1.50000E+01 1.07366E+03 3.47794E-03 0.00000E+00 3.47794E-03 0.00000E+00 1.07366E+03 7.87390E+02 1.12198E+02 1.68396E+02 0.00000E+00
 1.60000E+01 1.09420E+03 1.63295E-03 0.00000E+00 1.63295E-03 0.00000E+00 1.09420E+03 7.74534E+02 1.14731E+02 1.98488E+02 0.00000E+00
 1.70000E+01 1.11043E+03 7.79314E-04 0.00000E+00 7.79314E-04 0.00000E+00 1.11043E+03 7.57657E+02 1.16326E+02 2.29400E+02 0.00000E+00
 1.80000E+01 1.12332E+03 3.77643E-04 0.00000E+00 3.77643E-04 0.00000E+00 1.12332E+03 7.37820E+02 1.17403E+02 2.60551E+02 0.00000E+00
 1.90000E+01 1.13400E+03 1.85697E-04 0.00000E+00 1.85697E-04 0.00000E+00 1.13400E+03 7.16050E+02 1.18178E+02 2.91810E+02 0.00000E+00
 2.00000E+01 1.14341E+03 9.26945E-05 0.00000E+00 9.26945E-05 0.00000E+00 1.14341E+03 6.93314E+02 1.18795E+02 3.22962E+02 0.00000E+00
 2.10000E+01 1.15205E+03 4.70344E-05 0.00000E+00 4.70344E-05 0.00000E+00 1.15205E+03 6.70577E+02 1.19240E+02 3.53472E+02 0.00000E+00
 2.20000E+01 1.15985E+03 2.42104E-05 0.00000E+00 2.42104E-05 0.00000E+00 1.15985E+03 6.46482E+02 1.19753E+02 3.84330E+02 0.00000E+00
 2.30000E+01 1.16638E+03 1.26634E-05 0.00000E+00 1.26634E-05 0.00000E+00 1.16638E+03 6.22556E+02 1.20178E+02 4.13780E+02 0.00000E+00
 2.40000E+01 1.17112E+03 6.71646E-06 0.00000E+00 6.71646E-06 0.00000E+00 1.17112E+03 5.97735E+02 1.21212E+02 4.41755E+02 0.00000E+00
 2.50000E+01 1.17379E+03 3.62652E-06 0.00000E+00 3.62652E-06 0.00000E+00 1.17379E+03 5.74291E+02 1.21545E+02 4.67019E+02 0.00000E+00
 2.60000E+01 1.17442E+03 1.98997E-06 0.00000E+00 1.98997E-06 0.00000E+00 1.17442E+03 5.49337E+02 1.21747E+02 4.91888E+02 0.00000E+00
 2.70000E+01 1.17332E+03 1.11961E-06 0.00000E+00 1.11961E-06 0.00000E+00 1.17332E+03 5.24200E+02 1.21763E+02 5.15394E+02 0.00000E+00
 2.80000E+01 1.17094E+03 6.54208E-07 0.00000E+00 6.54208E-07 0.00000E+00 1.17094E+03 4.99610E+02 1.21568E+02 5.37290E+02 0.00000E+00
 2.90000E+01 1.16773E+03 4.03513E-07 0.00000E+00 4.03513E-07 0.00000E+00 1.16773E+03 4.75517E+02 1.21190E+02 5.58052E+02 0.00000E+00
 3.00000E+01 1.16401E+03 2.67355E-07 0.00000E+00 2.67355E-07 0.00000E+00 1.16401E+03 4.51550E+02 1.20768E+02 5.78220E+02 0.00000E+00
 3.20000E+01 1.15582E+03 1.52326E-07 0.00000E+00 1.52326E-07 0.00000E+00 1.15582E+03 4.07570E+02 1.19691E+02 6.14050E+02 0.00000E+00
 3.40000E+01 1.14692E+03 1.16887E-07 0.00000E+00 1.16887E-07 0.00000E+00 1.14692E+03 3.66988E+02 1.18877E+02 6.45450E+02 0.00000E+00
 3.60000E+01 1.13710E+03 1.05607E-07 0.00000E+00 1.05607E-07 0.00000E+00 1.13710E+03 3.29952E+02 1.17734E+02 6.72651E+02 0.00000E+00
 3.80000E+01 1.12624E+03 1.01907E-07 0.00000E+00 1.01907E-07 0.00000E+00 1.12624E+03 2.96120E+02 1.16247E+02 6.95994E+02 0.00000E+00
 4.00000E+01 1.11455E+03 1.00670E-07 0.00000E+00 1.00670E-07 0.00000E+00 1.11455E+03 2.67983E+02 1.13775E+02 7.13821E+02 0.00000E+00
 4.20000E+01 1.10237E+03 1.00239E-07 0.00000E+00 1.00239E-07 0.00000E+00 1.10237E+03 2.40525E+02 1.11683E+02 7.30158E+02 0.00000E+00
 4.40000E+01 1.09001E+03 1.00086E-07 0.00000E+00 1.00086E-07 0.00000E+00 1.09001E+03 2.14462E+02 1.09307E+02 7.45346E+02 0.00000E+00
 4.60000E+01 1.07766E+03 1.00032E-07 0.00000E+00 1.00032E-07 0.00000E+00 1.07766E+03 1.91160E+02 1.06747E+02 7.58111E+02 0.00000E+00
 4.80000E+01 1.06543E+03 1.00012E-07 0.00000E+00 1.00012E-07 0.00000E+00 1.06543E+03 1.70426E+02 1.04169E+02 7.68641E+02 0.00000E+00
 5.00000E+01 1.05335E+03 1.00005E-07 0.00000E+00 1.00005E-07 0.00000E+00 1.05335E+03 1.52032E+02 1.01412E+02 7.77398E+02 0.00000E+00
 5.20000E+01 1.04147E+03 1.00002E-07 0.00000E+00 1.00002E-07 0.00000E+00 1.04147E+03 1.35781E+02 9.86558E+01 7.84395E+02 0.00000E+00
 5.40000E+01 1.02982E+03 1.00001E-07 0.00000E+00 1.00001E-07 0.00000E+00 1.02982E+03 1.20414E+02 9.58292E+01 7.90926E+02 0.00000E+00
