# p +  60Ni Total cross sections
# 
# 
# # energies =   100
#     E      Non-elastic    Elastic     Total     Comp. el.   Shape el.   Reaction   Comp. nonel   Direct    Pre-equil.  Dir. Capt.
 1.00000E-11 0.00000E+00 0.00000E+00 0.00000E+00 0.00000E+00 0.00000E+00 0.00000E+00 0.00000E+00 0.00000E+00 0.00000E+00 0.00000E+00
 2.53000E-08 0.00000E+00 0.00000E+00 0.00000E+00 0.00000E+00 0.00000E+00 0.00000E+00 0.00000E+00 0.00000E+00 0.00000E+00 0.00000E+00
 2.00000E-07 0.00000E+00 0.00000E+00 0.00000E+00 0.00000E+00 0.00000E+00 0.00000E+00 0.00000E+00 0.00000E+00 0.00000E+00 0.00000E+00
 1.00000E-06 0.00000E+00 0.00000E+00 0.00000E+00 0.00000E+00 0.00000E+00 0.00000E+00 0.00000E+00 0.00000E+00 0.00000E+00 0.00000E+00
 1.00000E-05 0.00000E+00 0.00000E+00 0.00000E+00 0.00000E+00 0.00000E+00 0.00000E+00 0.00000E+00 0.00000E+00 0.00000E+00 0.00000E+00
 1.00000E-04 0.00000E+00 0.00000E+00 0.00000E+00 0.00000E+00 0.00000E+00 0.00000E+00 0.00000E+00 0.00000E+00 0.00000E+00 0.00000E+00
 1.00000E-03 0.00000E+00 0.00000E+00 0.00000E+00 0.00000E+00 0.00000E+00 0.00000E+00 0.00000E+00 0.00000E+00 0.00000E+00 0.00000E+00
 2.00000E-03 0.00000E+00 0.00000E+00 0.00000E+00 0.00000E+00 0.00000E+00 0.00000E+00 0.00000E+00 0.00000E+00 0.00000E+00 0.00000E+00
 4.00000E-03 0.00000E+00 0.00000E+00 0.00000E+00 0.00000E+00 0.00000E+00 0.00000E+00 0.00000E+00 0.00000E+00 0.00000E+00 0.00000E+00
 7.00000E-03 0.00000E+00 0.00000E+00 0.00000E+00 0.00000E+00 0.00000E+00 0.00000E+00 0.00000E+00 0.00000E+00 0.00000E+00 0.00000E+00
 1.00000E-02 0.00000E+00 0.00000E+00 0.00000E+00 0.00000E+00 0.00000E+00 0.00000E+00 0.00000E+00 0.00000E+00 0.00000E+00 0.00000E+00
 2.00000E-02 0.00000E+00 0.00000E+00 0.00000E+00 0.00000E+00 0.00000E+00 0.00000E+00 0.00000E+00 0.00000E+00 0.00000E+00 0.00000E+00
 4.00000E-02 0.00000E+00 0.00000E+00 0.00000E+00 0.00000E+00 0.00000E+00 0.00000E+00 0.00000E+00 0.00000E+00 0.00000E+00 0.00000E+00
 7.00000E-02 0.00000E+00 0.00000E+00 0.00000E+00 0.00000E+00 0.00000E+00 0.00000E+00 0.00000E+00 0.00000E+00 0.00000E+00 0.00000E+00
 1.00000E-01 0.00000E+00 0.00000E+00 0.00000E+00 0.00000E+00 0.00000E+00 0.00000E+00 0.00000E+00 0.00000E+00 0.00000E+00 0.00000E+00
 2.00000E-01 0.00000E+00 0.00000E+00 0.00000E+00 0.00000E+00 0.00000E+00 4.93353E-18 0.00000E+00 0.00000E+00 0.00000E+00 0.00000E+00
 3.00000E-01 0.00000E+00 0.00000E+00 0.00000E+00 0.00000E+00 0.00000E+00 2.93542E-13 0.00000E+00 0.00000E+00 0.00000E+00 0.00000E+00
 4.00000E-01 0.00000E+00 0.00000E+00 0.00000E+00 0.00000E+00 0.00000E+00 1.95991E-10 0.00000E+00 0.00000E+00 0.00000E+00 0.00000E+00
 5.00000E-01 0.00000E+00 0.00000E+00 0.00000E+00 0.00000E+00 0.00000E+00 1.61039E-08 0.00000E+00 0.00000E+00 0.00000E+00 0.00000E+00
 6.00000E-01 0.00000E+00 0.00000E+00 0.00000E+00 0.00000E+00 0.00000E+00 4.08989E-07 0.00000E+00 0.00000E+00 0.00000E+00 0.00000E+00
 7.00000E-01 0.00000E+00 0.00000E+00 0.00000E+00 0.00000E+00 0.00000E+00 4.98111E-06 0.00000E+00 0.00000E+00 0.00000E+00 0.00000E+00
 8.00000E-01 3.68317E-05 1.29091E-07 0.00000E+00 1.29091E-07 0.00000E+00 3.69608E-05 3.68317E-05 0.00000E+00 0.00000E+00 0.00000E+00
 9.00000E-01 1.90252E-04 2.52522E-06 0.00000E+00 2.52522E-06 0.00000E+00 1.92777E-04 1.90252E-04 0.00000E+00 0.00000E+00 0.00000E+00
 1.00000E+00 7.41668E-04 3.26315E-05 0.00000E+00 3.26315E-05 0.00000E+00 7.74299E-04 7.41668E-04 0.00000E+00 0.00000E+00 0.00000E+00
 1.20000E+00 5.50908E-03 1.65204E-03 0.00000E+00 1.65204E-03 0.00000E+00 7.16112E-03 5.50908E-03 0.00000E+00 0.00000E+00 0.00000E+00
 1.40000E+00 1.98354E-02 1.99010E-02 0.00000E+00 1.99010E-02 0.00000E+00 3.97364E-02 1.98354E-02 0.00000E+00 0.00000E+00 0.00000E+00
 1.60000E+00 4.66345E-02 1.09700E-01 0.00000E+00 1.09700E-01 0.00000E+00 1.56335E-01 4.66345E-02 1.41821E-21 0.00000E+00 0.00000E+00
 1.80000E+00 8.51519E-02 3.96597E-01 0.00000E+00 3.96597E-01 0.00000E+00 4.81749E-01 8.51519E-02 8.07365E-15 0.00000E+00 0.00000E+00
 2.00000E+00 1.32778E-01 1.10605E+00 0.00000E+00 1.10605E+00 0.00000E+00 1.23883E+00 1.32778E-01 2.26338E-11 0.00000E+00 0.00000E+00
 2.20000E+00 1.88261E-01 2.58507E+00 0.00000E+00 2.58507E+00 0.00000E+00 2.77333E+00 1.88261E-01 3.76780E-09 0.00000E+00 0.00000E+00
 2.40000E+00 2.53098E-01 5.31254E+00 0.00000E+00 5.31254E+00 0.00000E+00 5.56564E+00 2.53098E-01 1.49820E-07 0.00000E+00 0.00000E+00
 2.60000E+00 3.37037E-01 9.88426E+00 0.00000E+00 9.88426E+00 0.00000E+00 1.02213E+01 3.37034E-01 2.53801E-06 0.00000E+00 0.00000E+00
 2.80000E+00 4.77921E-01 1.69551E+01 0.00000E+00 1.69551E+01 0.00000E+00 1.74330E+01 4.77896E-01 2.45100E-05 0.00000E+00 0.00000E+00
 3.00000E+00 7.73563E-01 2.71329E+01 0.00000E+00 2.71329E+01 0.00000E+00 2.79065E+01 7.73405E-01 1.59190E-04 0.00000E+00 0.00000E+00
 3.20000E+00 1.40273E+00 4.08465E+01 0.00000E+00 4.08465E+01 0.00000E+00 4.22492E+01 1.40195E+00 7.69973E-04 0.00000E+00 0.00000E+00
 3.40000E+00 2.62920E+00 5.82117E+01 0.00000E+00 5.82117E+01 0.00000E+00 6.08409E+01 2.62623E+00 2.96507E-03 0.00000E+00 0.00000E+00
 3.60000E+00 4.79781E+00 7.89274E+01 0.00000E+00 7.89274E+01 0.00000E+00 8.37252E+01 4.78829E+00 9.51790E-03 0.00000E+00 0.00000E+00
 3.80000E+00 8.33800E+00 1.02237E+02 0.00000E+00 1.02237E+02 0.00000E+00 1.10575E+02 8.31168E+00 2.63163E-02 0.00000E+00 0.00000E+00
 4.00000E+00 1.37776E+01 1.26984E+02 0.00000E+00 1.26984E+02 0.00000E+00 1.40762E+02 1.37134E+01 6.42061E-02 0.00000E+00 0.00000E+00
 4.20000E+00 2.17246E+01 1.51774E+02 0.00000E+00 1.51774E+02 0.00000E+00 1.73499E+02 2.15820E+01 1.42575E-01 0.00000E+00 0.00000E+00
 4.40000E+00 3.28188E+01 1.75175E+02 0.00000E+00 1.75175E+02 0.00000E+00 2.07994E+02 3.25353E+01 2.83481E-01 0.00000E+00 0.00000E+00
 4.60000E+00 4.76340E+01 1.95903E+02 0.00000E+00 1.95903E+02 0.00000E+00 2.43537E+02 4.71132E+01 5.20748E-01 0.00000E+00 0.00000E+00
 4.80000E+00 6.66194E+01 2.12896E+02 0.00000E+00 2.12896E+02 0.00000E+00 2.79515E+02 6.57285E+01 8.88913E-01 1.99534E-03 0.00000E+00
 5.00000E+00 8.99924E+01 2.25396E+02 0.00000E+00 2.25396E+02 0.00000E+00 3.15388E+02 8.85691E+01 1.42085E+00 2.45908E-03 0.00000E+00
 5.20000E+00 1.17700E+02 2.32957E+02 0.00000E+00 2.32957E+02 0.00000E+00 3.50657E+02 1.15557E+02 2.13957E+00 3.07144E-03 0.00000E+00
 5.40000E+00 1.49461E+02 2.35399E+02 0.00000E+00 2.35399E+02 0.00000E+00 3.84860E+02 1.46406E+02 3.05189E+00 3.55952E-03 0.00000E+00
 5.60000E+00 1.84725E+02 2.32866E+02 0.00000E+00 2.32866E+02 0.00000E+00 4.17591E+02 1.80571E+02 4.14985E+00 4.57168E-03 0.00000E+00
 5.80000E+00 2.22925E+02 2.25601E+02 0.00000E+00 2.25601E+02 0.00000E+00 4.48526E+02 2.17511E+02 5.40897E+00 5.52574E-03 0.00000E+00
 6.00000E+00 2.63343E+02 2.14106E+02 0.00000E+00 2.14106E+02 0.00000E+00 4.77449E+02 2.56537E+02 6.79785E+00 7.96153E-03 0.00000E+00
 6.20000E+00 3.05030E+02 1.99234E+02 0.00000E+00 1.99234E+02 0.00000E+00 5.04264E+02 2.96734E+02 8.28142E+00 1.36171E-02 0.00000E+00
 6.40000E+00 3.47208E+02 1.81782E+02 0.00000E+00 1.81782E+02 0.00000E+00 5.28990E+02 3.37361E+02 9.82369E+00 2.36738E-02 0.00000E+00
 6.60000E+00 3.88857E+02 1.62890E+02 0.00000E+00 1.62890E+02 0.00000E+00 5.51747E+02 3.77412E+02 1.13964E+01 4.77023E-02 0.00000E+00
 6.80000E+00 4.29199E+02 1.43530E+02 0.00000E+00 1.43530E+02 0.00000E+00 5.72729E+02 4.16132E+02 1.29724E+01 9.26862E-02 0.00000E+00
 7.00000E+00 4.67492E+02 1.24685E+02 0.00000E+00 1.24685E+02 0.00000E+00 5.92177E+02 4.52780E+02 1.45365E+01 1.72748E-01 0.00000E+00
 7.20000E+00 5.09430E+02 1.00922E+02 0.00000E+00 1.00922E+02 0.00000E+00 6.10352E+02 4.93041E+02 1.60789E+01 3.04902E-01 0.00000E+00
 7.40000E+00 5.45771E+02 8.17407E+01 0.00000E+00 8.17407E+01 0.00000E+00 6.27512E+02 5.27661E+02 1.75922E+01 5.09579E-01 0.00000E+00
 7.60000E+00 5.78469E+02 6.54230E+01 0.00000E+00 6.54230E+01 0.00000E+00 6.43892E+02 5.58560E+02 1.90805E+01 8.15040E-01 0.00000E+00
 7.80000E+00 6.08792E+02 5.09070E+01 0.00000E+00 5.09070E+01 0.00000E+00 6.59699E+02 5.86994E+02 2.05418E+01 1.23555E+00 0.00000E+00
 8.00000E+00 6.34771E+02 4.03270E+01 0.00000E+00 4.03270E+01 0.00000E+00 6.75098E+02 6.10957E+02 2.19841E+01 1.80027E+00 0.00000E+00
 8.50000E+00 6.88511E+02 2.40358E+01 0.00000E+00 2.40358E+01 0.00000E+00 7.12547E+02 6.58823E+02 2.55241E+01 4.10211E+00 0.00000E+00
 9.00000E+00 7.33577E+02 1.55265E+01 0.00000E+00 1.55265E+01 0.00000E+00 7.49104E+02 6.96575E+02 2.89790E+01 7.91760E+00 0.00000E+00
 9.50000E+00 7.74056E+02 1.05869E+01 0.00000E+00 1.05869E+01 0.00000E+00 7.84643E+02 7.28384E+02 3.23333E+01 1.31809E+01 0.00000E+00
 1.00000E+01 8.14940E+02 3.54238E+00 0.00000E+00 3.54238E+00 0.00000E+00 8.18482E+02 7.59478E+02 3.55359E+01 1.97087E+01 0.00000E+00
 1.05000E+01 8.47346E+02 2.53978E+00 0.00000E+00 2.53978E+00 0.00000E+00 8.49886E+02 7.81079E+02 3.85512E+01 2.74179E+01 0.00000E+00
 1.10000E+01 8.76521E+02 1.84373E+00 0.00000E+00 1.84373E+00 0.00000E+00 8.78365E+02 7.98994E+02 4.13112E+01 3.57650E+01 0.00000E+00
 1.15000E+01 9.02474E+02 1.34696E+00 0.00000E+00 1.34696E+00 0.00000E+00 9.03821E+02 8.12725E+02 4.37788E+01 4.52176E+01 0.00000E+00
 1.20000E+01 9.25495E+02 9.88086E-01 0.00000E+00 9.88086E-01 0.00000E+00 9.26483E+02 8.23155E+02 4.59417E+01 5.51383E+01 0.00000E+00
 1.25000E+01 9.46048E+02 7.26360E-01 0.00000E+00 7.26360E-01 0.00000E+00 9.46774E+02 8.30506E+02 4.78092E+01 6.57791E+01 0.00000E+00
 1.30000E+01 9.64624E+02 5.34638E-01 0.00000E+00 5.34638E-01 0.00000E+00 9.65159E+02 8.35007E+02 4.94594E+01 7.74098E+01 0.00000E+00
 1.35000E+01 9.81632E+02 3.93955E-01 0.00000E+00 3.93955E-01 0.00000E+00 9.82026E+02 8.37387E+02 5.08709E+01 8.98086E+01 0.00000E+00
 1.40000E+01 9.97337E+02 2.90589E-01 0.00000E+00 2.90589E-01 0.00000E+00 9.97628E+02 8.37988E+02 5.20819E+01 1.02921E+02 0.00000E+00
 1.45000E+01 1.01186E+03 2.14448E-01 0.00000E+00 2.14448E-01 0.00000E+00 1.01207E+03 8.36868E+02 5.31836E+01 1.16752E+02 0.00000E+00
 1.50000E+01 1.02520E+03 1.58250E-01 0.00000E+00 1.58250E-01 0.00000E+00 1.02536E+03 8.34163E+02 5.41765E+01 1.31204E+02 0.00000E+00
 1.60000E+01 1.04817E+03 8.59401E-02 0.00000E+00 8.59401E-02 0.00000E+00 1.04826E+03 8.23931E+02 5.57971E+01 1.61876E+02 0.00000E+00
 1.70000E+01 1.06602E+03 4.63566E-02 0.00000E+00 4.63566E-02 0.00000E+00 1.06607E+03 8.08043E+02 5.68489E+01 1.93941E+02 0.00000E+00
 1.80000E+01 1.07925E+03 2.48265E-02 0.00000E+00 2.48265E-02 0.00000E+00 1.07927E+03 7.88398E+02 5.74290E+01 2.25757E+02 0.00000E+00
 1.90000E+01 1.08892E+03 1.31767E-02 0.00000E+00 1.31767E-02 0.00000E+00 1.08893E+03 7.64455E+02 5.76229E+01 2.58795E+02 0.00000E+00
 2.00000E+01 1.09632E+03 6.94977E-03 0.00000E+00 6.94977E-03 0.00000E+00 1.09633E+03 7.38293E+02 5.76943E+01 2.91958E+02 0.00000E+00
 2.10000E+01 1.10249E+03 3.65507E-03 0.00000E+00 3.65507E-03 0.00000E+00 1.10249E+03 7.11938E+02 5.75961E+01 3.24225E+02 0.00000E+00
 2.20000E+01 1.10801E+03 1.91427E-03 0.00000E+00 1.91427E-03 0.00000E+00 1.10801E+03 6.84018E+02 5.74520E+01 3.57369E+02 0.00000E+00
 2.30000E+01 1.11303E+03 1.00190E-03 0.00000E+00 1.00190E-03 0.00000E+00 1.11303E+03 6.56687E+02 5.73360E+01 3.89279E+02 0.00000E+00
 2.40000E+01 1.11731E+03 5.23669E-04 0.00000E+00 5.23669E-04 0.00000E+00 1.11731E+03 6.29465E+02 5.71440E+01 4.20368E+02 0.00000E+00
 2.50000E+01 1.12051E+03 2.72811E-04 0.00000E+00 2.72811E-04 0.00000E+00 1.12051E+03 6.01288E+02 5.69442E+01 4.51361E+02 0.00000E+00
 2.60000E+01 1.12230E+03 1.42396E-04 0.00000E+00 1.42396E-04 0.00000E+00 1.12230E+03 5.74265E+02 5.67237E+01 4.79833E+02 0.00000E+00
 2.70000E+01 1.12257E+03 7.44457E-05 0.00000E+00 7.44457E-05 0.00000E+00 1.12257E+03 5.47086E+02 5.64957E+01 5.06951E+02 0.00000E+00
 2.80000E+01 1.12140E+03 3.90581E-05 0.00000E+00 3.90581E-05 0.00000E+00 1.12140E+03 5.20357E+02 5.62205E+01 5.32228E+02 0.00000E+00
 2.90000E+01 1.11901E+03 2.06069E-05 0.00000E+00 2.06069E-05 0.00000E+00 1.11901E+03 4.94031E+02 5.58947E+01 5.55943E+02 0.00000E+00
 3.00000E+01 1.11569E+03 1.09574E-05 0.00000E+00 1.09574E-05 0.00000E+00 1.11569E+03 4.68564E+02 5.55623E+01 5.77895E+02 0.00000E+00
 3.20000E+01 1.10732E+03 3.20164E-06 0.00000E+00 3.20164E-06 0.00000E+00 1.10732E+03 4.19464E+02 5.47092E+01 6.18445E+02 0.00000E+00
 3.40000E+01 1.09781E+03 1.01463E-06 0.00000E+00 1.01463E-06 0.00000E+00 1.09781E+03 3.74874E+02 5.37260E+01 6.53402E+02 0.00000E+00
 3.60000E+01 1.08768E+03 3.77665E-07 0.00000E+00 3.77665E-07 0.00000E+00 1.08768E+03 3.33960E+02 5.30147E+01 6.83664E+02 0.00000E+00
 3.80000E+01 1.07698E+03 1.86683E-07 0.00000E+00 1.86683E-07 0.00000E+00 1.07698E+03 2.97219E+02 5.19294E+01 7.09562E+02 0.00000E+00
 4.00000E+01 1.06571E+03 1.27712E-07 0.00000E+00 1.27712E-07 0.00000E+00 1.06571E+03 2.63973E+02 5.08379E+01 7.31494E+02 0.00000E+00
 4.20000E+01 1.05398E+03 1.09075E-07 0.00000E+00 1.09075E-07 0.00000E+00 1.05398E+03 2.34632E+02 4.97342E+01 7.49142E+02 0.00000E+00
 4.40000E+01 1.04200E+03 1.03013E-07 0.00000E+00 1.03013E-07 0.00000E+00 1.04200E+03 2.06826E+02 4.85351E+01 7.65250E+02 0.00000E+00
 4.60000E+01 1.02994E+03 1.01019E-07 0.00000E+00 1.01019E-07 0.00000E+00 1.02994E+03 1.81898E+02 4.73107E+01 7.78599E+02 0.00000E+00
 4.80000E+01 1.01795E+03 1.00354E-07 0.00000E+00 1.00354E-07 0.00000E+00 1.01795E+03 1.61430E+02 4.57632E+01 7.88029E+02 0.00000E+00
 5.00000E+01 1.00612E+03 1.00124E-07 0.00000E+00 1.00124E-07 0.00000E+00 1.00612E+03 1.41361E+02 4.46613E+01 7.96962E+02 0.00000E+00
 5.20000E+01 9.94486E+02 1.00044E-07 0.00000E+00 1.00044E-07 0.00000E+00 9.94486E+02 1.23751E+02 4.33172E+01 8.04098E+02 0.00000E+00
 5.40000E+01 9.83093E+02 1.00016E-07 0.00000E+00 1.00016E-07 0.00000E+00 9.83093E+02 1.08245E+02 4.20872E+01 8.09438E+02 0.00000E+00
