# p +  58Ni Total cross sections
# 
# 
# # energies =   100
#     E      Non-elastic    Elastic     Total     Comp. el.   Shape el.   Reaction   Comp. nonel   Direct    Pre-equil.  Dir. Capt.
 1.00000E-11 0.00000E+00 0.00000E+00 0.00000E+00 0.00000E+00 0.00000E+00 0.00000E+00 0.00000E+00 0.00000E+00 0.00000E+00 0.00000E+00
 2.53000E-08 0.00000E+00 0.00000E+00 0.00000E+00 0.00000E+00 0.00000E+00 0.00000E+00 0.00000E+00 0.00000E+00 0.00000E+00 0.00000E+00
 2.00000E-07 0.00000E+00 0.00000E+00 0.00000E+00 0.00000E+00 0.00000E+00 0.00000E+00 0.00000E+00 0.00000E+00 0.00000E+00 0.00000E+00
 1.00000E-06 0.00000E+00 0.00000E+00 0.00000E+00 0.00000E+00 0.00000E+00 0.00000E+00 0.00000E+00 0.00000E+00 0.00000E+00 0.00000E+00
 1.00000E-05 0.00000E+00 0.00000E+00 0.00000E+00 0.00000E+00 0.00000E+00 0.00000E+00 0.00000E+00 0.00000E+00 0.00000E+00 0.00000E+00
 1.00000E-04 0.00000E+00 0.00000E+00 0.00000E+00 0.00000E+00 0.00000E+00 0.00000E+00 0.00000E+00 0.00000E+00 0.00000E+00 0.00000E+00
 1.00000E-03 0.00000E+00 0.00000E+00 0.00000E+00 0.00000E+00 0.00000E+00 0.00000E+00 0.00000E+00 0.00000E+00 0.00000E+00 0.00000E+00
 2.00000E-03 0.00000E+00 0.00000E+00 0.00000E+00 0.00000E+00 0.00000E+00 0.00000E+00 0.00000E+00 0.00000E+00 0.00000E+00 0.00000E+00
 4.00000E-03 0.00000E+00 0.00000E+00 0.00000E+00 0.00000E+00 0.00000E+00 0.00000E+00 0.00000E+00 0.00000E+00 0.00000E+00 0.00000E+00
 7.00000E-03 0.00000E+00 0.00000E+00 0.00000E+00 0.00000E+00 0.00000E+00 0.00000E+00 0.00000E+00 0.00000E+00 0.00000E+00 0.00000E+00
 1.00000E-02 0.00000E+00 0.00000E+00 0.00000E+00 0.00000E+00 0.00000E+00 0.00000E+00 0.00000E+00 0.00000E+00 0.00000E+00 0.00000E+00
 2.00000E-02 0.00000E+00 0.00000E+00 0.00000E+00 0.00000E+00 0.00000E+00 0.00000E+00 0.00000E+00 0.00000E+00 0.00000E+00 0.00000E+00
 4.00000E-02 0.00000E+00 0.00000E+00 0.00000E+00 0.00000E+00 0.00000E+00 0.00000E+00 0.00000E+00 0.00000E+00 0.00000E+00 0.00000E+00
 7.00000E-02 0.00000E+00 0.00000E+00 0.00000E+00 0.00000E+00 0.00000E+00 0.00000E+00 0.00000E+00 0.00000E+00 0.00000E+00 0.00000E+00
 1.00000E-01 0.00000E+00 0.00000E+00 0.00000E+00 0.00000E+00 0.00000E+00 0.00000E+00 0.00000E+00 0.00000E+00 0.00000E+00 0.00000E+00
 2.00000E-01 0.00000E+00 0.00000E+00 0.00000E+00 0.00000E+00 0.00000E+00 3.57719E-18 0.00000E+00 0.00000E+00 0.00000E+00 0.00000E+00
 3.00000E-01 0.00000E+00 0.00000E+00 0.00000E+00 0.00000E+00 0.00000E+00 2.12758E-13 0.00000E+00 0.00000E+00 0.00000E+00 0.00000E+00
 4.00000E-01 0.00000E+00 0.00000E+00 0.00000E+00 0.00000E+00 0.00000E+00 1.42034E-10 0.00000E+00 0.00000E+00 0.00000E+00 0.00000E+00
 5.00000E-01 0.00000E+00 0.00000E+00 0.00000E+00 0.00000E+00 0.00000E+00 1.16714E-08 0.00000E+00 0.00000E+00 0.00000E+00 0.00000E+00
 6.00000E-01 0.00000E+00 0.00000E+00 0.00000E+00 0.00000E+00 0.00000E+00 2.96518E-07 0.00000E+00 0.00000E+00 0.00000E+00 0.00000E+00
 7.00000E-01 0.00000E+00 0.00000E+00 0.00000E+00 0.00000E+00 0.00000E+00 3.61331E-06 0.00000E+00 0.00000E+00 0.00000E+00 0.00000E+00
 8.00000E-01 2.62330E-05 5.99095E-07 0.00000E+00 5.99095E-07 0.00000E+00 2.68321E-05 2.62330E-05 0.00000E+00 0.00000E+00 0.00000E+00
 9.00000E-01 1.29894E-04 1.01899E-05 0.00000E+00 1.01899E-05 0.00000E+00 1.40084E-04 1.29894E-04 0.00000E+00 0.00000E+00 0.00000E+00
 1.00000E+00 4.56874E-04 1.06458E-04 0.00000E+00 1.06458E-04 0.00000E+00 5.63332E-04 4.56874E-04 0.00000E+00 0.00000E+00 0.00000E+00
 1.20000E+00 2.35783E-03 2.86704E-03 0.00000E+00 2.86704E-03 0.00000E+00 5.22487E-03 2.35783E-03 0.00000E+00 0.00000E+00 0.00000E+00
 1.40000E+00 6.12393E-03 2.29750E-02 0.00000E+00 2.29750E-02 0.00000E+00 2.90989E-02 6.12393E-03 0.00000E+00 0.00000E+00 0.00000E+00
 1.60000E+00 1.13253E-02 1.03669E-01 0.00000E+00 1.03669E-01 0.00000E+00 1.14994E-01 1.13253E-02 4.80716E-32 0.00000E+00 0.00000E+00
 1.80000E+00 1.76061E-02 3.38632E-01 0.00000E+00 3.38632E-01 0.00000E+00 3.56238E-01 1.76061E-02 4.00599E-18 0.00000E+00 0.00000E+00
 2.00000E+00 2.48522E-02 8.96978E-01 0.00000E+00 8.96978E-01 0.00000E+00 9.21830E-01 2.48522E-02 3.71492E-13 0.00000E+00 0.00000E+00
 2.20000E+00 3.31545E-02 2.04594E+00 0.00000E+00 2.04594E+00 0.00000E+00 2.07909E+00 3.31545E-02 2.49361E-10 0.00000E+00 0.00000E+00
 2.40000E+00 4.27651E-02 4.16654E+00 0.00000E+00 4.16654E+00 0.00000E+00 4.20931E+00 4.27651E-02 2.02890E-08 0.00000E+00 0.00000E+00
 2.60000E+00 5.66993E-02 7.75600E+00 0.00000E+00 7.75600E+00 0.00000E+00 7.81270E+00 5.66988E-02 5.25712E-07 0.00000E+00 0.00000E+00
 2.80000E+00 9.05933E-02 1.34048E+01 0.00000E+00 1.34048E+01 0.00000E+00 1.34954E+01 9.05867E-02 6.70613E-06 0.00000E+00 0.00000E+00
 3.00000E+00 1.93830E-01 2.17387E+01 0.00000E+00 2.17387E+01 0.00000E+00 2.19325E+01 1.93777E-01 5.30186E-05 0.00000E+00 0.00000E+00
 3.20000E+00 4.71115E-01 3.33267E+01 0.00000E+00 3.33267E+01 0.00000E+00 3.37978E+01 4.70818E-01 2.97296E-04 0.00000E+00 0.00000E+00
 3.40000E+00 1.09436E+00 4.85652E+01 0.00000E+00 4.85652E+01 0.00000E+00 4.96596E+01 1.09307E+00 1.28708E-03 0.00000E+00 0.00000E+00
 3.60000E+00 2.32768E+00 6.75287E+01 0.00000E+00 6.75287E+01 0.00000E+00 6.98564E+01 2.32313E+00 4.55119E-03 0.00000E+00 0.00000E+00
 3.80000E+00 4.45943E+00 8.99326E+01 0.00000E+00 8.99326E+01 0.00000E+00 9.43920E+01 4.44576E+00 1.36666E-02 0.00000E+00 0.00000E+00
 4.00000E+00 7.85906E+00 1.15045E+02 0.00000E+00 1.15045E+02 0.00000E+00 1.22904E+02 7.82322E+00 3.58406E-02 0.00000E+00 0.00000E+00
 4.20000E+00 1.29713E+01 1.41756E+02 0.00000E+00 1.41756E+02 0.00000E+00 1.54727E+02 1.28875E+01 8.38148E-02 0.00000E+00 0.00000E+00
 4.40000E+00 2.02777E+01 1.68765E+02 0.00000E+00 1.68765E+02 0.00000E+00 1.89043E+02 2.01001E+01 1.77587E-01 0.00000E+00 0.00000E+00
 4.60000E+00 3.03015E+01 1.94719E+02 0.00000E+00 1.94719E+02 0.00000E+00 2.25020E+02 2.99548E+01 3.46720E-01 0.00000E+00 0.00000E+00
 4.80000E+00 4.35825E+01 2.18324E+02 0.00000E+00 2.18324E+02 0.00000E+00 2.61906E+02 4.29594E+01 6.23063E-01 0.00000E+00 0.00000E+00
 5.00000E+00 6.06675E+01 2.38365E+02 0.00000E+00 2.38365E+02 0.00000E+00 2.99032E+02 5.96221E+01 1.04544E+00 0.00000E+00 0.00000E+00
 5.20000E+00 8.20187E+01 2.53772E+02 0.00000E+00 2.53772E+02 0.00000E+00 3.35791E+02 8.03711E+01 1.64606E+00 1.54989E-03 0.00000E+00
 5.40000E+00 1.07921E+02 2.63693E+02 0.00000E+00 2.63693E+02 0.00000E+00 3.71614E+02 1.05473E+02 2.44610E+00 1.82140E-03 0.00000E+00
 5.60000E+00 1.38418E+02 2.67564E+02 0.00000E+00 2.67564E+02 0.00000E+00 4.05982E+02 1.34969E+02 3.44646E+00 2.13261E-03 0.00000E+00
 5.80000E+00 1.73216E+02 2.65230E+02 0.00000E+00 2.65230E+02 0.00000E+00 4.38446E+02 1.68584E+02 4.62911E+00 2.56020E-03 0.00000E+00
 6.00000E+00 2.11915E+02 2.56754E+02 0.00000E+00 2.56754E+02 0.00000E+00 4.68669E+02 2.05951E+02 5.96156E+00 3.02045E-03 0.00000E+00
 6.20000E+00 2.53401E+02 2.43043E+02 0.00000E+00 2.43043E+02 0.00000E+00 4.96444E+02 2.45996E+02 7.40096E+00 4.37339E-03 0.00000E+00
 6.40000E+00 2.96560E+02 2.25145E+02 0.00000E+00 2.25145E+02 0.00000E+00 5.21705E+02 2.87643E+02 8.90888E+00 7.69431E-03 0.00000E+00
 6.60000E+00 3.40070E+02 2.04447E+02 0.00000E+00 2.04447E+02 0.00000E+00 5.44517E+02 3.29605E+02 1.04493E+01 1.48744E-02 0.00000E+00
 6.80000E+00 3.82370E+02 1.82682E+02 0.00000E+00 1.82682E+02 0.00000E+00 5.65052E+02 3.70342E+02 1.19965E+01 3.09663E-02 0.00000E+00
 7.00000E+00 4.22532E+02 1.61031E+02 0.00000E+00 1.61031E+02 0.00000E+00 5.83563E+02 4.08933E+02 1.35330E+01 6.47887E-02 0.00000E+00
 7.20000E+00 4.59761E+02 1.40589E+02 0.00000E+00 1.40589E+02 0.00000E+00 6.00350E+02 4.44588E+02 1.50441E+01 1.27243E-01 0.00000E+00
 7.40000E+00 4.93846E+02 1.21882E+02 0.00000E+00 1.21882E+02 0.00000E+00 6.15728E+02 4.77082E+02 1.65257E+01 2.35008E-01 0.00000E+00
 7.60000E+00 5.24827E+02 1.05181E+02 0.00000E+00 1.05181E+02 0.00000E+00 6.30008E+02 5.06437E+02 1.79753E+01 4.08095E-01 0.00000E+00
 7.80000E+00 5.52880E+02 9.05951E+01 0.00000E+00 9.05951E+01 0.00000E+00 6.43475E+02 5.32804E+02 1.93945E+01 6.70921E-01 0.00000E+00
 8.00000E+00 5.78464E+02 7.79124E+01 0.00000E+00 7.79124E+01 0.00000E+00 6.56376E+02 5.56604E+02 2.07902E+01 1.05421E+00 0.00000E+00
 8.50000E+00 6.60297E+02 2.70924E+01 0.00000E+00 2.70924E+01 0.00000E+00 6.87389E+02 6.33166E+02 2.41967E+01 2.89360E+00 0.00000E+00
 9.00000E+00 6.99519E+02 1.85184E+01 0.00000E+00 1.85184E+01 0.00000E+00 7.18037E+02 6.66839E+02 2.75166E+01 5.08099E+00 0.00000E+00
 9.50000E+00 7.35871E+02 1.29957E+01 0.00000E+00 1.29957E+01 0.00000E+00 7.48867E+02 6.95703E+02 3.07341E+01 9.29192E+00 0.00000E+00
 1.00000E+01 7.70241E+02 9.22582E+00 0.00000E+00 9.22582E+00 0.00000E+00 7.79467E+02 7.21468E+02 3.38009E+01 1.47528E+01 0.00000E+00
 1.05000E+01 8.02264E+02 6.73826E+00 0.00000E+00 6.73826E+00 0.00000E+00 8.09002E+02 7.43944E+02 3.66533E+01 2.13469E+01 0.00000E+00
 1.10000E+01 8.31677E+02 4.98308E+00 0.00000E+00 4.98308E+00 0.00000E+00 8.36660E+02 7.63074E+02 3.93753E+01 2.87491E+01 0.00000E+00
 1.15000E+01 8.58204E+02 3.70480E+00 0.00000E+00 3.70480E+00 0.00000E+00 8.61909E+02 7.78504E+02 4.21827E+01 3.67518E+01 0.00000E+00
 1.20000E+01 8.81856E+02 2.75981E+00 0.00000E+00 2.75981E+00 0.00000E+00 8.84616E+02 7.90200E+02 4.50255E+01 4.53787E+01 0.00000E+00
 1.25000E+01 9.02917E+02 2.05315E+00 0.00000E+00 2.05315E+00 0.00000E+00 9.04970E+02 7.98519E+02 4.74767E+01 5.49717E+01 0.00000E+00
 1.30000E+01 9.21825E+02 1.52583E+00 0.00000E+00 1.52583E+00 0.00000E+00 9.23351E+02 8.03859E+02 4.95636E+01 6.56104E+01 0.00000E+00
 1.35000E+01 9.39044E+02 1.13357E+00 0.00000E+00 1.13357E+00 0.00000E+00 9.40178E+02 8.07035E+02 5.11215E+01 7.71959E+01 0.00000E+00
 1.40000E+01 9.54944E+02 8.42336E-01 0.00000E+00 8.42336E-01 0.00000E+00 9.55786E+02 8.08174E+02 5.26387E+01 8.95524E+01 0.00000E+00
 1.45000E+01 9.69743E+02 6.26366E-01 0.00000E+00 6.26366E-01 0.00000E+00 9.70369E+02 8.07747E+02 5.37767E+01 1.02818E+02 0.00000E+00
 1.50000E+01 9.83507E+02 4.65846E-01 0.00000E+00 4.65846E-01 0.00000E+00 9.83973E+02 8.05502E+02 5.51202E+01 1.16762E+02 0.00000E+00
 1.60000E+01 1.00769E+03 2.57512E-01 0.00000E+00 2.57512E-01 0.00000E+00 1.00795E+03 7.96449E+02 5.74547E+01 1.46578E+02 0.00000E+00
 1.70000E+01 1.02681E+03 1.41565E-01 0.00000E+00 1.41565E-01 0.00000E+00 1.02695E+03 7.82040E+02 5.96621E+01 1.77197E+02 0.00000E+00
 1.80000E+01 1.04077E+03 7.69471E-02 0.00000E+00 7.69471E-02 0.00000E+00 1.04085E+03 7.61588E+02 6.20001E+01 2.08794E+02 0.00000E+00
 1.90000E+01 1.05043E+03 4.13922E-02 0.00000E+00 4.13922E-02 0.00000E+00 1.05047E+03 7.37062E+02 6.36518E+01 2.40949E+02 0.00000E+00
 2.00000E+01 1.05709E+03 2.21312E-02 0.00000E+00 2.21312E-02 0.00000E+00 1.05711E+03 7.11214E+02 6.46794E+01 2.72103E+02 0.00000E+00
 2.10000E+01 1.06204E+03 1.17749E-02 0.00000E+00 1.17749E-02 0.00000E+00 1.06205E+03 6.84038E+02 6.53484E+01 3.03220E+02 0.00000E+00
 2.20000E+01 1.06621E+03 6.23639E-03 0.00000E+00 6.23639E-03 0.00000E+00 1.06622E+03 6.55043E+02 6.57534E+01 3.35550E+02 0.00000E+00
 2.30000E+01 1.07007E+03 3.30454E-03 0.00000E+00 3.30454E-03 0.00000E+00 1.07007E+03 6.26906E+02 6.59066E+01 3.66810E+02 0.00000E+00
 2.40000E+01 1.07359E+03 1.75207E-03 0.00000E+00 1.75207E-03 0.00000E+00 1.07359E+03 6.00048E+02 6.49801E+01 3.97438E+02 0.00000E+00
 2.50000E+01 1.07651E+03 9.28422E-04 0.00000E+00 9.28422E-04 0.00000E+00 1.07651E+03 5.73382E+02 6.50954E+01 4.26228E+02 0.00000E+00
 2.60000E+01 1.07845E+03 4.90471E-04 0.00000E+00 4.90471E-04 0.00000E+00 1.07845E+03 5.46934E+02 6.47628E+01 4.54297E+02 0.00000E+00
 2.70000E+01 1.07915E+03 2.58486E-04 0.00000E+00 2.58486E-04 0.00000E+00 1.07915E+03 5.20023E+02 6.44134E+01 4.81619E+02 0.00000E+00
 2.80000E+01 1.07849E+03 1.36024E-04 0.00000E+00 1.36024E-04 0.00000E+00 1.07849E+03 4.93573E+02 6.39401E+01 5.07244E+02 0.00000E+00
 2.90000E+01 1.07657E+03 7.17072E-05 0.00000E+00 7.17072E-05 0.00000E+00 1.07657E+03 4.67696E+02 6.33139E+01 5.31196E+02 0.00000E+00
 3.00000E+01 1.07357E+03 3.79285E-05 0.00000E+00 3.79285E-05 0.00000E+00 1.07357E+03 4.42335E+02 6.27626E+01 5.53500E+02 0.00000E+00
 3.20000E+01 1.06544E+03 1.08086E-05 0.00000E+00 1.08086E-05 0.00000E+00 1.06544E+03 3.93916E+02 6.20147E+01 5.93394E+02 0.00000E+00
 3.40000E+01 1.05587E+03 3.20771E-06 0.00000E+00 3.20771E-06 0.00000E+00 1.05587E+03 3.48394E+02 6.20684E+01 6.28122E+02 0.00000E+00
 3.60000E+01 1.04575E+03 1.03522E-06 0.00000E+00 1.03522E-06 0.00000E+00 1.04575E+03 3.08813E+02 6.02746E+01 6.58048E+02 0.00000E+00
 3.80000E+01 1.03529E+03 3.90474E-07 0.00000E+00 3.90474E-07 0.00000E+00 1.03529E+03 2.73393E+02 5.79630E+01 6.83967E+02 0.00000E+00
 4.00000E+01 1.02446E+03 1.92643E-07 0.00000E+00 1.92643E-07 0.00000E+00 1.02446E+03 2.41192E+02 5.63115E+01 7.05777E+02 0.00000E+00
 4.20000E+01 1.01330E+03 1.30389E-07 0.00000E+00 1.30389E-07 0.00000E+00 1.01330E+03 2.13007E+02 5.46699E+01 7.23335E+02 0.00000E+00
 4.40000E+01 1.00192E+03 1.10120E-07 0.00000E+00 1.10120E-07 0.00000E+00 1.00192E+03 1.86131E+02 5.29627E+01 7.39591E+02 0.00000E+00
 4.60000E+01 9.90478E+02 1.03453E-07 0.00000E+00 1.03453E-07 0.00000E+00 9.90478E+02 1.62723E+02 5.14987E+01 7.52290E+02 0.00000E+00
 4.80000E+01 9.79117E+02 1.01202E-07 0.00000E+00 1.01202E-07 0.00000E+00 9.79117E+02 1.41800E+02 4.97663E+01 7.63024E+02 0.00000E+00
 5.00000E+01 9.67928E+02 1.00426E-07 0.00000E+00 1.00426E-07 0.00000E+00 9.67928E+02 1.23088E+02 4.80499E+01 7.71875E+02 0.00000E+00
 5.20000E+01 9.56967E+02 1.00155E-07 0.00000E+00 1.00155E-07 0.00000E+00 9.56967E+02 1.07531E+02 4.59243E+01 7.78433E+02 0.00000E+00
 5.40000E+01 9.46265E+02 1.00056E-07 0.00000E+00 1.00056E-07 0.00000E+00 9.46265E+02 9.14048E+01 4.53624E+01 7.84470E+02 0.00000E+00
