# p +  61Ni Total cross sections
# 
# 
# # energies =   100
#     E      Non-elastic    Elastic     Total     Comp. el.   Shape el.   Reaction   Comp. nonel   Direct    Pre-equil.  Dir. Capt.
 1.00000E-11 0.00000E+00 0.00000E+00 0.00000E+00 0.00000E+00 0.00000E+00 0.00000E+00 0.00000E+00 0.00000E+00 0.00000E+00 0.00000E+00
 2.53000E-08 0.00000E+00 0.00000E+00 0.00000E+00 0.00000E+00 0.00000E+00 0.00000E+00 0.00000E+00 0.00000E+00 0.00000E+00 0.00000E+00
 2.00000E-07 0.00000E+00 0.00000E+00 0.00000E+00 0.00000E+00 0.00000E+00 0.00000E+00 0.00000E+00 0.00000E+00 0.00000E+00 0.00000E+00
 1.00000E-06 0.00000E+00 0.00000E+00 0.00000E+00 0.00000E+00 0.00000E+00 0.00000E+00 0.00000E+00 0.00000E+00 0.00000E+00 0.00000E+00
 1.00000E-05 0.00000E+00 0.00000E+00 0.00000E+00 0.00000E+00 0.00000E+00 0.00000E+00 0.00000E+00 0.00000E+00 0.00000E+00 0.00000E+00
 1.00000E-04 0.00000E+00 0.00000E+00 0.00000E+00 0.00000E+00 0.00000E+00 0.00000E+00 0.00000E+00 0.00000E+00 0.00000E+00 0.00000E+00
 1.00000E-03 0.00000E+00 0.00000E+00 0.00000E+00 0.00000E+00 0.00000E+00 0.00000E+00 0.00000E+00 0.00000E+00 0.00000E+00 0.00000E+00
 2.00000E-03 0.00000E+00 0.00000E+00 0.00000E+00 0.00000E+00 0.00000E+00 0.00000E+00 0.00000E+00 0.00000E+00 0.00000E+00 0.00000E+00
 4.00000E-03 0.00000E+00 0.00000E+00 0.00000E+00 0.00000E+00 0.00000E+00 0.00000E+00 0.00000E+00 0.00000E+00 0.00000E+00 0.00000E+00
 7.00000E-03 0.00000E+00 0.00000E+00 0.00000E+00 0.00000E+00 0.00000E+00 0.00000E+00 0.00000E+00 0.00000E+00 0.00000E+00 0.00000E+00
 1.00000E-02 0.00000E+00 0.00000E+00 0.00000E+00 0.00000E+00 0.00000E+00 0.00000E+00 0.00000E+00 0.00000E+00 0.00000E+00 0.00000E+00
 2.00000E-02 0.00000E+00 0.00000E+00 0.00000E+00 0.00000E+00 0.00000E+00 0.00000E+00 0.00000E+00 0.00000E+00 0.00000E+00 0.00000E+00
 4.00000E-02 0.00000E+00 0.00000E+00 0.00000E+00 0.00000E+00 0.00000E+00 0.00000E+00 0.00000E+00 0.00000E+00 0.00000E+00 0.00000E+00
 7.00000E-02 0.00000E+00 0.00000E+00 0.00000E+00 0.00000E+00 0.00000E+00 0.00000E+00 0.00000E+00 0.00000E+00 0.00000E+00 0.00000E+00
 1.00000E-01 0.00000E+00 0.00000E+00 0.00000E+00 0.00000E+00 0.00000E+00 0.00000E+00 0.00000E+00 0.00000E+00 0.00000E+00 0.00000E+00
 2.00000E-01 0.00000E+00 0.00000E+00 0.00000E+00 0.00000E+00 0.00000E+00 5.36671E-18 0.00000E+00 0.00000E+00 0.00000E+00 0.00000E+00
 3.00000E-01 0.00000E+00 0.00000E+00 0.00000E+00 0.00000E+00 0.00000E+00 3.20135E-13 0.00000E+00 0.00000E+00 0.00000E+00 0.00000E+00
 4.00000E-01 0.00000E+00 0.00000E+00 0.00000E+00 0.00000E+00 0.00000E+00 2.14284E-10 0.00000E+00 0.00000E+00 0.00000E+00 0.00000E+00
 5.00000E-01 0.00000E+00 0.00000E+00 0.00000E+00 0.00000E+00 0.00000E+00 1.76506E-08 0.00000E+00 0.00000E+00 0.00000E+00 0.00000E+00
 6.00000E-01 0.00000E+00 0.00000E+00 0.00000E+00 0.00000E+00 0.00000E+00 4.49356E-07 0.00000E+00 0.00000E+00 0.00000E+00 0.00000E+00
 7.00000E-01 0.00000E+00 0.00000E+00 0.00000E+00 0.00000E+00 0.00000E+00 5.48570E-06 0.00000E+00 0.00000E+00 0.00000E+00 0.00000E+00
 8.00000E-01 4.07912E-05 8.26230E-09 0.00000E+00 8.26230E-09 0.00000E+00 4.07995E-05 4.07912E-05 0.00000E+00 0.00000E+00 0.00000E+00
 9.00000E-01 2.13107E-04 1.75391E-07 0.00000E+00 1.75391E-07 0.00000E+00 2.13282E-04 2.13107E-04 0.00000E+00 0.00000E+00 0.00000E+00
 1.00000E+00 8.55967E-04 2.61147E-06 0.00000E+00 2.61147E-06 0.00000E+00 8.58578E-04 8.55967E-04 0.00000E+00 0.00000E+00 0.00000E+00
 1.20000E+00 7.76496E-03 2.09631E-04 0.00000E+00 2.09631E-04 0.00000E+00 7.97459E-03 7.76496E-03 0.00000E+00 0.00000E+00 0.00000E+00
 1.40000E+00 3.93966E-02 5.03244E-03 0.00000E+00 5.03244E-03 0.00000E+00 4.44290E-02 3.93966E-02 0.00000E+00 0.00000E+00 0.00000E+00
 1.60000E+00 1.28203E-01 4.72500E-02 0.00000E+00 4.72500E-02 0.00000E+00 1.75453E-01 1.28203E-01 3.38149E-32 0.00000E+00 0.00000E+00
 1.80000E+00 3.11776E-01 2.30721E-01 0.00000E+00 2.30721E-01 0.00000E+00 5.42497E-01 3.11776E-01 2.48278E-18 0.00000E+00 0.00000E+00
 2.00000E+00 6.52309E-01 7.46841E-01 0.00000E+00 7.46841E-01 0.00000E+00 1.39915E+00 6.52309E-01 2.31684E-13 0.00000E+00 0.00000E+00
 2.20000E+00 1.27682E+00 1.86275E+00 0.00000E+00 1.86275E+00 0.00000E+00 3.13957E+00 1.27682E+00 1.59596E-10 0.00000E+00 0.00000E+00
 2.40000E+00 2.39531E+00 3.91471E+00 0.00000E+00 3.91471E+00 0.00000E+00 6.31002E+00 2.39531E+00 1.36313E-08 0.00000E+00 0.00000E+00
 2.60000E+00 4.32024E+00 7.27236E+00 0.00000E+00 7.27236E+00 0.00000E+00 1.15926E+01 4.32024E+00 3.76890E-07 0.00000E+00 0.00000E+00
 2.80000E+00 7.48954E+00 1.22603E+01 0.00000E+00 1.22603E+01 0.00000E+00 1.97498E+01 7.48949E+00 5.75816E-05 0.00000E+00 0.00000E+00
 3.00000E+00 1.24571E+01 1.90652E+01 0.00000E+00 1.90652E+01 0.00000E+00 3.15223E+01 1.24570E+01 9.77177E-05 0.00000E+00 0.00000E+00
 3.20000E+00 2.97873E+01 1.76967E+01 0.00000E+00 1.76967E+01 0.00000E+00 4.74840E+01 2.97823E+01 4.60010E-03 3.80660E-04 0.00000E+00
 3.40000E+00 4.55988E+01 2.22918E+01 0.00000E+00 2.22918E+01 0.00000E+00 6.78906E+01 4.55685E+01 2.97262E-02 5.81325E-04 0.00000E+00
 3.60000E+00 6.57315E+01 2.68517E+01 0.00000E+00 2.68517E+01 0.00000E+00 9.25832E+01 6.56423E+01 8.83119E-02 9.13682E-04 0.00000E+00
 3.80000E+00 8.89488E+01 3.20592E+01 0.00000E+00 3.20592E+01 0.00000E+00 1.21008E+02 8.87440E+01 2.03545E-01 1.27219E-03 0.00000E+00
 4.00000E+00 1.14834E+02 3.75250E+01 0.00000E+00 3.75250E+01 0.00000E+00 1.52359E+02 1.14430E+02 4.01877E-01 1.76788E-03 0.00000E+00
 4.20000E+00 1.45980E+02 3.97866E+01 0.00000E+00 3.97866E+01 0.00000E+00 1.85767E+02 1.45292E+02 6.85939E-01 2.45625E-03 0.00000E+00
 4.40000E+00 1.77357E+02 4.30937E+01 0.00000E+00 4.30937E+01 0.00000E+00 2.20451E+02 1.76258E+02 1.09604E+00 3.09608E-03 0.00000E+00
 4.60000E+00 2.13219E+02 4.25474E+01 0.00000E+00 4.25474E+01 0.00000E+00 2.55766E+02 2.11556E+02 1.65856E+00 4.27236E-03 0.00000E+00
 4.80000E+00 2.48635E+02 4.25422E+01 0.00000E+00 4.25422E+01 0.00000E+00 2.91177E+02 2.46254E+02 2.37503E+00 5.79104E-03 0.00000E+00
 5.00000E+00 2.84390E+02 4.18196E+01 0.00000E+00 4.18196E+01 0.00000E+00 3.26210E+02 2.81124E+02 3.25756E+00 8.20693E-03 0.00000E+00
 5.20000E+00 3.21276E+02 3.91519E+01 0.00000E+00 3.91519E+01 0.00000E+00 3.60428E+02 3.16924E+02 4.33609E+00 1.38876E-02 0.00000E+00
 5.40000E+00 3.56485E+02 3.69472E+01 0.00000E+00 3.69472E+01 0.00000E+00 3.93432E+02 3.50823E+02 5.59414E+00 6.20659E-02 0.00000E+00
 5.60000E+00 3.90172E+02 3.47109E+01 0.00000E+00 3.47109E+01 0.00000E+00 4.24883E+02 3.83001E+02 6.98667E+00 1.71495E-01 0.00000E+00
 5.80000E+00 4.22124E+02 3.24107E+01 0.00000E+00 3.24107E+01 0.00000E+00 4.54535E+02 4.13224E+02 8.52712E+00 3.48289E-01 0.00000E+00
 6.00000E+00 4.52135E+02 3.01188E+01 0.00000E+00 3.01188E+01 0.00000E+00 4.82254E+02 4.41416E+02 1.00736E+01 6.01742E-01 0.00000E+00
 6.20000E+00 4.80180E+02 2.78397E+01 0.00000E+00 2.78397E+01 0.00000E+00 5.08020E+02 4.67464E+02 1.17040E+01 9.38245E-01 0.00000E+00
 6.40000E+00 5.06318E+02 2.56014E+01 0.00000E+00 2.56014E+01 0.00000E+00 5.31919E+02 4.91512E+02 1.33262E+01 1.36130E+00 0.00000E+00
 6.60000E+00 5.30705E+02 2.34146E+01 0.00000E+00 2.34146E+01 0.00000E+00 5.54120E+02 5.13684E+02 1.49564E+01 1.88383E+00 0.00000E+00
 6.80000E+00 5.53547E+02 2.12995E+01 0.00000E+00 2.12995E+01 0.00000E+00 5.74846E+02 5.34200E+02 1.65689E+01 2.51145E+00 0.00000E+00
 7.00000E+00 5.75061E+02 1.92829E+01 0.00000E+00 1.92829E+01 0.00000E+00 5.94344E+02 5.53368E+02 1.81382E+01 3.17673E+00 0.00000E+00
 7.20000E+00 5.95488E+02 1.73750E+01 0.00000E+00 1.73750E+01 0.00000E+00 6.12863E+02 5.71261E+02 1.96821E+01 4.01972E+00 0.00000E+00
 7.40000E+00 6.15039E+02 1.55972E+01 0.00000E+00 1.55972E+01 0.00000E+00 6.30636E+02 5.88290E+02 2.11405E+01 4.89697E+00 0.00000E+00
 7.60000E+00 6.33910E+02 1.39507E+01 0.00000E+00 1.39507E+01 0.00000E+00 6.47861E+02 6.04300E+02 2.24579E+01 6.20633E+00 0.00000E+00
 7.80000E+00 6.52255E+02 1.24471E+01 0.00000E+00 1.24471E+01 0.00000E+00 6.64702E+02 6.19857E+02 2.38305E+01 7.33148E+00 0.00000E+00
 8.00000E+00 6.70202E+02 1.10746E+01 0.00000E+00 1.10746E+01 0.00000E+00 6.81277E+02 6.34521E+02 2.52130E+01 8.88397E+00 0.00000E+00
 8.50000E+00 7.13762E+02 8.21533E+00 0.00000E+00 8.21533E+00 0.00000E+00 7.21977E+02 6.69390E+02 2.82351E+01 1.34158E+01 0.00000E+00
 9.00000E+00 7.55653E+02 6.05526E+00 0.00000E+00 6.05526E+00 0.00000E+00 7.61708E+02 7.01471E+02 3.08836E+01 1.91355E+01 0.00000E+00
 9.50000E+00 7.95429E+02 4.44176E+00 0.00000E+00 4.44176E+00 0.00000E+00 7.99871E+02 7.30133E+02 3.33782E+01 2.61605E+01 0.00000E+00
 1.00000E+01 8.33290E+02 2.28333E+00 0.00000E+00 2.28333E+00 0.00000E+00 8.35573E+02 7.55915E+02 3.57133E+01 3.42992E+01 0.00000E+00
 1.05000E+01 8.66444E+02 1.66341E+00 0.00000E+00 1.66341E+00 0.00000E+00 8.68107E+02 7.75837E+02 3.80930E+01 4.36094E+01 0.00000E+00
 1.10000E+01 8.95969E+02 1.20280E+00 0.00000E+00 1.20280E+00 0.00000E+00 8.97172E+02 7.91367E+02 4.03795E+01 5.38172E+01 0.00000E+00
 1.15000E+01 9.22018E+02 8.62954E-01 0.00000E+00 8.62954E-01 0.00000E+00 9.22881E+02 8.02660E+02 4.24903E+01 6.49056E+01 0.00000E+00
 1.20000E+01 9.45020E+02 6.14580E-01 0.00000E+00 6.14580E-01 0.00000E+00 9.45635E+02 8.10306E+02 4.43006E+01 7.67690E+01 0.00000E+00
 1.25000E+01 9.65506E+02 4.34710E-01 0.00000E+00 4.34710E-01 0.00000E+00 9.65941E+02 8.14857E+02 4.58818E+01 8.93509E+01 0.00000E+00
 1.30000E+01 9.83970E+02 3.05721E-01 0.00000E+00 3.05721E-01 0.00000E+00 9.84276E+02 8.16830E+02 4.72715E+01 1.02692E+02 0.00000E+00
 1.35000E+01 1.00079E+03 2.14077E-01 0.00000E+00 2.14077E-01 0.00000E+00 1.00100E+03 8.17026E+02 4.83317E+01 1.16586E+02 0.00000E+00
 1.40000E+01 1.01616E+03 1.49338E-01 0.00000E+00 1.49338E-01 0.00000E+00 1.01631E+03 8.15389E+02 4.91214E+01 1.31289E+02 0.00000E+00
 1.45000E+01 1.03023E+03 1.03888E-01 0.00000E+00 1.03888E-01 0.00000E+00 1.03033E+03 8.12191E+02 4.96443E+01 1.46693E+02 0.00000E+00
 1.50000E+01 1.04301E+03 7.22164E-02 0.00000E+00 7.22164E-02 0.00000E+00 1.04308E+03 8.08693E+02 4.95059E+01 1.61965E+02 0.00000E+00
 1.60000E+01 1.06481E+03 3.46536E-02 0.00000E+00 3.46536E-02 0.00000E+00 1.06484E+03 7.95499E+02 4.95854E+01 1.95103E+02 0.00000E+00
 1.70000E+01 1.08190E+03 1.65839E-02 0.00000E+00 1.65839E-02 0.00000E+00 1.08192E+03 7.77941E+02 4.91380E+01 2.28913E+02 0.00000E+00
 1.80000E+01 1.09517E+03 7.95104E-03 0.00000E+00 7.95104E-03 0.00000E+00 1.09518E+03 7.57364E+02 4.83875E+01 2.62487E+02 0.00000E+00
 1.90000E+01 1.10571E+03 3.83421E-03 0.00000E+00 3.83421E-03 0.00000E+00 1.10571E+03 7.34647E+02 4.74962E+01 2.95775E+02 0.00000E+00
 2.00000E+01 1.11460E+03 1.86590E-03 0.00000E+00 1.86590E-03 0.00000E+00 1.11460E+03 7.10676E+02 4.65684E+01 3.28811E+02 0.00000E+00
 2.10000E+01 1.12255E+03 9.21004E-04 0.00000E+00 9.21004E-04 0.00000E+00 1.12255E+03 6.87870E+02 4.55654E+01 3.59824E+02 0.00000E+00
 2.20000E+01 1.12980E+03 4.59355E-04 0.00000E+00 4.59355E-04 0.00000E+00 1.12980E+03 6.62882E+02 4.46229E+01 3.92181E+02 0.00000E+00
 2.30000E+01 1.13613E+03 2.32249E-04 0.00000E+00 2.32249E-04 0.00000E+00 1.13613E+03 6.37871E+02 4.37208E+01 4.23530E+02 0.00000E+00
 2.40000E+01 1.14114E+03 1.18945E-04 0.00000E+00 1.18945E-04 0.00000E+00 1.14114E+03 6.13012E+02 4.28500E+01 4.53397E+02 0.00000E+00
 2.50000E+01 1.14449E+03 6.15681E-05 0.00000E+00 6.15681E-05 0.00000E+00 1.14449E+03 5.87181E+02 4.20000E+01 4.82626E+02 0.00000E+00
 2.60000E+01 1.14604E+03 3.21839E-05 0.00000E+00 3.21839E-05 0.00000E+00 1.14604E+03 5.61027E+02 4.11785E+01 5.10397E+02 0.00000E+00
 2.70000E+01 1.14591E+03 1.70011E-05 0.00000E+00 1.70011E-05 0.00000E+00 1.14591E+03 5.35127E+02 4.03525E+01 5.36259E+02 0.00000E+00
 2.80000E+01 1.14440E+03 9.07619E-06 0.00000E+00 9.07619E-06 0.00000E+00 1.14440E+03 5.09267E+02 3.95570E+01 5.60690E+02 0.00000E+00
 2.90000E+01 1.14187E+03 4.90876E-06 0.00000E+00 4.90876E-06 0.00000E+00 1.14187E+03 4.84164E+02 3.87444E+01 5.83390E+02 0.00000E+00
 3.00000E+01 1.13865E+03 2.69349E-06 0.00000E+00 2.69349E-06 0.00000E+00 1.13865E+03 4.58972E+02 3.79569E+01 6.05496E+02 0.00000E+00
 3.20000E+01 1.13105E+03 8.76083E-07 0.00000E+00 8.76083E-07 0.00000E+00 1.13105E+03 4.12563E+02 3.65576E+01 6.44458E+02 0.00000E+00
 3.40000E+01 1.12255E+03 3.40077E-07 0.00000E+00 3.40077E-07 0.00000E+00 1.12255E+03 3.69976E+02 3.53221E+01 6.78587E+02 0.00000E+00
 3.60000E+01 1.11320E+03 1.76540E-07 0.00000E+00 1.76540E-07 0.00000E+00 1.11320E+03 3.30951E+02 3.42437E+01 7.08175E+02 0.00000E+00
 3.80000E+01 1.10293E+03 1.25077E-07 0.00000E+00 1.25077E-07 0.00000E+00 1.10293E+03 2.95348E+02 3.32463E+01 7.33447E+02 0.00000E+00
 4.00000E+01 1.09187E+03 1.08418E-07 0.00000E+00 1.08418E-07 0.00000E+00 1.09187E+03 2.62956E+02 3.22681E+01 7.54834E+02 0.00000E+00
 4.20000E+01 1.08027E+03 1.02895E-07 0.00000E+00 1.02895E-07 0.00000E+00 1.08027E+03 2.33862E+02 3.13542E+01 7.72433E+02 0.00000E+00
 4.40000E+01 1.06841E+03 1.01017E-07 0.00000E+00 1.01017E-07 0.00000E+00 1.06841E+03 2.07709E+02 3.04514E+01 7.87013E+02 0.00000E+00
 4.60000E+01 1.05649E+03 1.00364E-07 0.00000E+00 1.00364E-07 0.00000E+00 1.05649E+03 1.83758E+02 2.95376E+01 7.99549E+02 0.00000E+00
 4.80000E+01 1.04463E+03 1.00132E-07 0.00000E+00 1.00132E-07 0.00000E+00 1.04463E+03 1.62160E+02 2.87243E+01 8.09900E+02 0.00000E+00
 5.00000E+01 1.03290E+03 1.00048E-07 0.00000E+00 1.00048E-07 0.00000E+00 1.03290E+03 1.39628E+02 2.99640E+01 8.19517E+02 0.00000E+00
 5.20000E+01 1.02133E+03 1.00019E-07 0.00000E+00 1.00019E-07 0.00000E+00 1.02133E+03 1.26845E+02 2.70071E+01 8.23982E+02 0.00000E+00
 5.40000E+01 1.00997E+03 1.00007E-07 0.00000E+00 1.00007E-07 0.00000E+00 1.00997E+03 1.10625E+02 2.62392E+01 8.30071E+02 0.00000E+00
