# p +  62Ni Total cross sections
# 
# 
# # energies =   100
#     E      Non-elastic    Elastic     Total     Comp. el.   Shape el.   Reaction   Comp. nonel   Direct    Pre-equil.  Dir. Capt.
 1.00000E-11 0.00000E+00 0.00000E+00 0.00000E+00 0.00000E+00 0.00000E+00 0.00000E+00 0.00000E+00 0.00000E+00 0.00000E+00 0.00000E+00
 2.53000E-08 0.00000E+00 0.00000E+00 0.00000E+00 0.00000E+00 0.00000E+00 0.00000E+00 0.00000E+00 0.00000E+00 0.00000E+00 0.00000E+00
 2.00000E-07 0.00000E+00 0.00000E+00 0.00000E+00 0.00000E+00 0.00000E+00 0.00000E+00 0.00000E+00 0.00000E+00 0.00000E+00 0.00000E+00
 1.00000E-06 0.00000E+00 0.00000E+00 0.00000E+00 0.00000E+00 0.00000E+00 0.00000E+00 0.00000E+00 0.00000E+00 0.00000E+00 0.00000E+00
 1.00000E-05 0.00000E+00 0.00000E+00 0.00000E+00 0.00000E+00 0.00000E+00 0.00000E+00 0.00000E+00 0.00000E+00 0.00000E+00 0.00000E+00
 1.00000E-04 0.00000E+00 0.00000E+00 0.00000E+00 0.00000E+00 0.00000E+00 0.00000E+00 0.00000E+00 0.00000E+00 0.00000E+00 0.00000E+00
 1.00000E-03 0.00000E+00 0.00000E+00 0.00000E+00 0.00000E+00 0.00000E+00 0.00000E+00 0.00000E+00 0.00000E+00 0.00000E+00 0.00000E+00
 2.00000E-03 0.00000E+00 0.00000E+00 0.00000E+00 0.00000E+00 0.00000E+00 0.00000E+00 0.00000E+00 0.00000E+00 0.00000E+00 0.00000E+00
 4.00000E-03 0.00000E+00 0.00000E+00 0.00000E+00 0.00000E+00 0.00000E+00 0.00000E+00 0.00000E+00 0.00000E+00 0.00000E+00 0.00000E+00
 7.00000E-03 0.00000E+00 0.00000E+00 0.00000E+00 0.00000E+00 0.00000E+00 0.00000E+00 0.00000E+00 0.00000E+00 0.00000E+00 0.00000E+00
 1.00000E-02 0.00000E+00 0.00000E+00 0.00000E+00 0.00000E+00 0.00000E+00 0.00000E+00 0.00000E+00 0.00000E+00 0.00000E+00 0.00000E+00
 2.00000E-02 0.00000E+00 0.00000E+00 0.00000E+00 0.00000E+00 0.00000E+00 0.00000E+00 0.00000E+00 0.00000E+00 0.00000E+00 0.00000E+00
 4.00000E-02 0.00000E+00 0.00000E+00 0.00000E+00 0.00000E+00 0.00000E+00 0.00000E+00 0.00000E+00 0.00000E+00 0.00000E+00 0.00000E+00
 7.00000E-02 0.00000E+00 0.00000E+00 0.00000E+00 0.00000E+00 0.00000E+00 0.00000E+00 0.00000E+00 0.00000E+00 0.00000E+00 0.00000E+00
 1.00000E-01 0.00000E+00 0.00000E+00 0.00000E+00 0.00000E+00 0.00000E+00 0.00000E+00 0.00000E+00 0.00000E+00 0.00000E+00 0.00000E+00
 2.00000E-01 0.00000E+00 0.00000E+00 0.00000E+00 0.00000E+00 0.00000E+00 6.02332E-18 0.00000E+00 0.00000E+00 0.00000E+00 0.00000E+00
 3.00000E-01 0.00000E+00 0.00000E+00 0.00000E+00 0.00000E+00 0.00000E+00 3.57147E-13 0.00000E+00 0.00000E+00 0.00000E+00 0.00000E+00
 4.00000E-01 0.00000E+00 0.00000E+00 0.00000E+00 0.00000E+00 0.00000E+00 2.37625E-10 0.00000E+00 0.00000E+00 0.00000E+00 0.00000E+00
 5.00000E-01 0.00000E+00 0.00000E+00 0.00000E+00 0.00000E+00 0.00000E+00 1.94577E-08 0.00000E+00 0.00000E+00 0.00000E+00 0.00000E+00
 6.00000E-01 0.00000E+00 0.00000E+00 0.00000E+00 0.00000E+00 0.00000E+00 4.92442E-07 0.00000E+00 0.00000E+00 0.00000E+00 0.00000E+00
 7.00000E-01 0.00000E+00 0.00000E+00 0.00000E+00 0.00000E+00 0.00000E+00 5.97647E-06 0.00000E+00 0.00000E+00 0.00000E+00 0.00000E+00
 8.00000E-01 4.41553E-05 3.51816E-08 0.00000E+00 3.51816E-08 0.00000E+00 4.41905E-05 4.41553E-05 0.00000E+00 0.00000E+00 0.00000E+00
 9.00000E-01 2.29056E-04 6.07719E-07 0.00000E+00 6.07719E-07 0.00000E+00 2.29664E-04 2.29056E-04 0.00000E+00 0.00000E+00 0.00000E+00
 1.00000E+00 9.09628E-04 9.58967E-06 0.00000E+00 9.58967E-06 0.00000E+00 9.19218E-04 9.09628E-04 0.00000E+00 0.00000E+00 0.00000E+00
 1.20000E+00 7.77572E-03 6.64869E-04 0.00000E+00 6.64869E-04 0.00000E+00 8.44059E-03 7.77572E-03 0.00000E+00 0.00000E+00 0.00000E+00
 1.40000E+00 3.46243E-02 1.18717E-02 0.00000E+00 1.18717E-02 0.00000E+00 4.64960E-02 3.46243E-02 3.83174E-24 0.00000E+00 0.00000E+00
 1.60000E+00 9.75432E-02 8.40318E-02 0.00000E+00 8.40318E-02 0.00000E+00 1.81575E-01 9.75432E-02 5.35420E-16 0.00000E+00 0.00000E+00
 1.80000E+00 2.07154E-01 3.48129E-01 0.00000E+00 3.48129E-01 0.00000E+00 5.55283E-01 2.07154E-01 4.05657E-12 0.00000E+00 0.00000E+00
 2.00000E+00 3.65949E-01 1.05075E+00 0.00000E+00 1.05075E+00 0.00000E+00 1.41670E+00 3.65949E-01 1.10294E-09 0.00000E+00 0.00000E+00
 2.20000E+00 5.70261E-01 2.57539E+00 0.00000E+00 2.57539E+00 0.00000E+00 3.14565E+00 5.70261E-01 5.89791E-08 0.00000E+00 0.00000E+00
 2.40000E+00 8.19905E-01 5.43846E+00 0.00000E+00 5.43846E+00 0.00000E+00 6.25836E+00 8.19903E-01 1.21992E-06 0.00000E+00 0.00000E+00
 2.60000E+00 1.13494E+00 1.02534E+01 0.00000E+00 1.02534E+01 0.00000E+00 1.13883E+01 1.13492E+00 1.36060E-05 0.00000E+00 0.00000E+00
 2.80000E+00 1.58740E+00 1.76472E+01 0.00000E+00 1.76472E+01 0.00000E+00 1.92346E+01 1.58731E+00 9.85328E-05 0.00000E+00 0.00000E+00
 3.00000E+00 2.33008E+00 2.81446E+01 0.00000E+00 2.81446E+01 0.00000E+00 3.04747E+01 2.32957E+00 5.18922E-04 0.00000E+00 0.00000E+00
 3.20000E+00 3.60318E+00 4.20439E+01 0.00000E+00 4.20439E+01 0.00000E+00 4.56471E+01 3.60104E+00 2.13920E-03 0.00000E+00 0.00000E+00
 3.40000E+00 5.73390E+00 5.92975E+01 0.00000E+00 5.92975E+01 0.00000E+00 6.50314E+01 5.72664E+00 7.25796E-03 0.00000E+00 0.00000E+00
 3.60000E+00 9.09192E+00 7.94752E+01 0.00000E+00 7.94752E+01 0.00000E+00 8.85671E+01 9.07092E+00 2.10037E-02 0.00000E+00 0.00000E+00
 3.80000E+00 1.41151E+01 1.01741E+02 0.00000E+00 1.01741E+02 0.00000E+00 1.15856E+02 1.40618E+01 5.32288E-02 0.00000E+00 0.00000E+00
 4.00000E+00 2.13046E+01 1.24948E+02 0.00000E+00 1.24948E+02 0.00000E+00 1.46253E+02 2.11841E+01 1.20514E-01 0.00000E+00 0.00000E+00
 4.20000E+00 3.12009E+01 1.47810E+02 0.00000E+00 1.47810E+02 0.00000E+00 1.79011E+02 3.09499E+01 2.50986E-01 0.00000E+00 0.00000E+00
 4.40000E+00 4.43040E+01 1.69090E+02 0.00000E+00 1.69090E+02 0.00000E+00 2.13394E+02 4.38324E+01 4.71517E-01 0.00000E+00 0.00000E+00
 4.60000E+00 6.10115E+01 1.87736E+02 0.00000E+00 1.87736E+02 0.00000E+00 2.48748E+02 6.01894E+01 8.22175E-01 0.00000E+00 0.00000E+00
 4.80000E+00 8.15708E+01 2.02926E+02 0.00000E+00 2.02926E+02 0.00000E+00 2.84497E+02 8.02253E+01 1.34142E+00 4.10199E-03 0.00000E+00
 5.00000E+00 1.67286E+02 1.52833E+02 0.00000E+00 1.52833E+02 0.00000E+00 3.20119E+02 1.65221E+02 2.06029E+00 4.75627E-03 0.00000E+00
 5.20000E+00 2.32392E+02 1.22739E+02 0.00000E+00 1.22739E+02 0.00000E+00 3.55131E+02 2.29387E+02 2.99868E+00 6.02260E-03 0.00000E+00
 5.40000E+00 2.90423E+02 9.86684E+01 0.00000E+00 9.86684E+01 0.00000E+00 3.89091E+02 2.86252E+02 4.16337E+00 7.09523E-03 0.00000E+00
 5.60000E+00 3.49303E+02 7.23171E+01 0.00000E+00 7.23171E+01 0.00000E+00 4.21620E+02 3.43750E+02 5.54409E+00 8.48715E-03 0.00000E+00
 5.80000E+00 3.97190E+02 5.52385E+01 0.00000E+00 5.52385E+01 0.00000E+00 4.52428E+02 3.90056E+02 7.12239E+00 1.07713E-02 0.00000E+00
 6.00000E+00 4.37672E+02 4.36613E+01 0.00000E+00 4.36613E+01 0.00000E+00 4.81333E+02 4.28763E+02 8.86968E+00 3.87959E-02 0.00000E+00
 6.20000E+00 4.72854E+02 3.54136E+01 0.00000E+00 3.54136E+01 0.00000E+00 5.08268E+02 4.61978E+02 1.07485E+01 1.27785E-01 0.00000E+00
 6.40000E+00 5.03970E+02 2.93027E+01 0.00000E+00 2.93027E+01 0.00000E+00 5.33273E+02 4.90957E+02 1.27247E+01 2.88176E-01 0.00000E+00
 6.60000E+00 5.31894E+02 2.45839E+01 0.00000E+00 2.45839E+01 0.00000E+00 5.56478E+02 5.16599E+02 1.47576E+01 5.36771E-01 0.00000E+00
 6.80000E+00 5.57260E+02 2.08126E+01 0.00000E+00 2.08126E+01 0.00000E+00 5.78073E+02 5.39556E+02 1.68162E+01 8.86800E-01 0.00000E+00
 7.00000E+00 5.80568E+02 1.77185E+01 0.00000E+00 1.77185E+01 0.00000E+00 5.98286E+02 5.60329E+02 1.88812E+01 1.35391E+00 0.00000E+00
 7.20000E+00 6.02218E+02 1.51383E+01 0.00000E+00 1.51383E+01 0.00000E+00 6.17356E+02 5.79348E+02 2.09258E+01 1.93827E+00 0.00000E+00
 7.40000E+00 6.22548E+02 1.29637E+01 0.00000E+00 1.29637E+01 0.00000E+00 6.35512E+02 5.96931E+02 2.29483E+01 2.66019E+00 0.00000E+00
 7.60000E+00 6.41840E+02 1.11227E+01 0.00000E+00 1.11227E+01 0.00000E+00 6.52963E+02 6.13356E+02 2.49366E+01 3.53370E+00 0.00000E+00
 7.80000E+00 6.60321E+02 9.56000E+00 0.00000E+00 9.56000E+00 0.00000E+00 6.69881E+02 6.28841E+02 2.68911E+01 4.56793E+00 0.00000E+00
 8.00000E+00 6.78172E+02 8.23102E+00 0.00000E+00 8.23102E+00 0.00000E+00 6.86403E+02 6.43608E+02 2.88176E+01 5.71590E+00 0.00000E+00
 8.50000E+00 7.20830E+02 5.70568E+00 0.00000E+00 5.70568E+00 0.00000E+00 7.26536E+02 6.77656E+02 3.34733E+01 9.63674E+00 0.00000E+00
 9.00000E+00 7.61341E+02 4.00322E+00 0.00000E+00 4.00322E+00 0.00000E+00 7.65344E+02 7.08649E+02 3.79108E+01 1.46699E+01 0.00000E+00
 9.50000E+00 7.99677E+02 2.83714E+00 0.00000E+00 2.83714E+00 0.00000E+00 8.02514E+02 7.36052E+02 4.21300E+01 2.13271E+01 0.00000E+00
 1.00000E+01 8.35328E+02 2.02512E+00 0.00000E+00 2.02512E+00 0.00000E+00 8.37353E+02 7.59644E+02 4.62935E+01 2.91561E+01 0.00000E+00
 1.05000E+01 8.67788E+02 1.45113E+00 0.00000E+00 1.45113E+00 0.00000E+00 8.69239E+02 7.79391E+02 5.01678E+01 3.78936E+01 0.00000E+00
 1.10000E+01 8.96836E+02 1.04049E+00 0.00000E+00 1.04049E+00 0.00000E+00 8.97876E+02 7.95316E+02 5.35198E+01 4.74673E+01 0.00000E+00
 1.15000E+01 9.22988E+02 3.50889E-01 0.00000E+00 3.50889E-01 0.00000E+00 9.23339E+02 8.07763E+02 5.64871E+01 5.78263E+01 0.00000E+00
 1.20000E+01 9.45736E+02 2.50326E-01 0.00000E+00 2.50326E-01 0.00000E+00 9.45986E+02 8.16441E+02 5.90691E+01 6.87088E+01 0.00000E+00
 1.25000E+01 9.66116E+02 1.78036E-01 0.00000E+00 1.78036E-01 0.00000E+00 9.66294E+02 8.22360E+02 6.12825E+01 8.01713E+01 0.00000E+00
 1.30000E+01 9.84599E+02 1.26277E-01 0.00000E+00 1.26277E-01 0.00000E+00 9.84725E+02 8.26021E+02 6.31547E+01 9.22517E+01 0.00000E+00
 1.35000E+01 1.00153E+03 8.93556E-02 0.00000E+00 8.93556E-02 0.00000E+00 1.00162E+03 8.27779E+02 6.47169E+01 1.04993E+02 0.00000E+00
 1.40000E+01 1.01713E+03 6.31099E-02 0.00000E+00 6.31099E-02 0.00000E+00 1.01719E+03 8.28087E+02 6.60488E+01 1.18133E+02 0.00000E+00
 1.45000E+01 1.03146E+03 4.44775E-02 0.00000E+00 4.44775E-02 0.00000E+00 1.03150E+03 8.26712E+02 6.71648E+01 1.31997E+02 0.00000E+00
 1.50000E+01 1.04451E+03 3.12804E-02 0.00000E+00 3.12804E-02 0.00000E+00 1.04454E+03 8.23789E+02 6.81149E+01 1.46409E+02 0.00000E+00
 1.60000E+01 1.06674E+03 1.53772E-02 0.00000E+00 1.53772E-02 0.00000E+00 1.06676E+03 8.14380E+02 6.92174E+01 1.76025E+02 0.00000E+00
 1.70000E+01 1.08394E+03 7.47506E-03 0.00000E+00 7.47506E-03 0.00000E+00 1.08395E+03 7.98556E+02 6.99219E+01 2.07687E+02 0.00000E+00
 1.80000E+01 1.09692E+03 3.61813E-03 0.00000E+00 3.61813E-03 0.00000E+00 1.09692E+03 7.78849E+02 7.00218E+01 2.39757E+02 0.00000E+00
 1.90000E+01 1.10687E+03 1.75590E-03 0.00000E+00 1.75590E-03 0.00000E+00 1.10687E+03 7.57052E+02 6.95391E+01 2.71565E+02 0.00000E+00
 2.00000E+01 1.11499E+03 8.56905E-04 0.00000E+00 8.56905E-04 0.00000E+00 1.11499E+03 7.32747E+02 6.92301E+01 3.03931E+02 0.00000E+00
 2.10000E+01 1.12216E+03 4.22874E-04 0.00000E+00 4.22874E-04 0.00000E+00 1.12216E+03 7.08267E+02 6.88058E+01 3.35624E+02 0.00000E+00
 2.20000E+01 1.12873E+03 2.11052E-04 0.00000E+00 2.11052E-04 0.00000E+00 1.12873E+03 6.82447E+02 6.83653E+01 3.67994E+02 0.00000E+00
 2.30000E+01 1.13462E+03 1.06868E-04 0.00000E+00 1.06868E-04 0.00000E+00 1.13462E+03 6.57079E+02 6.79789E+01 3.99098E+02 0.00000E+00
 2.40000E+01 1.13945E+03 5.47986E-05 0.00000E+00 5.47986E-05 0.00000E+00 1.13945E+03 6.31497E+02 6.75956E+01 4.29345E+02 0.00000E+00
 2.50000E+01 1.14283E+03 2.83976E-05 0.00000E+00 2.83976E-05 0.00000E+00 1.14283E+03 6.04802E+02 6.72297E+01 4.59272E+02 0.00000E+00
 2.60000E+01 1.14455E+03 1.48872E-05 0.00000E+00 1.48872E-05 0.00000E+00 1.14455E+03 5.78562E+02 6.68278E+01 4.87140E+02 0.00000E+00
 2.70000E+01 1.14461E+03 7.88825E-06 0.00000E+00 7.88825E-06 0.00000E+00 1.14461E+03 5.52177E+02 6.63748E+01 5.13549E+02 0.00000E+00
 2.80000E+01 1.14324E+03 4.23661E-06 0.00000E+00 4.23661E-06 0.00000E+00 1.14324E+03 5.26463E+02 6.58665E+01 5.37921E+02 0.00000E+00
 2.90000E+01 1.14074E+03 2.31440E-06 0.00000E+00 2.31440E-06 0.00000E+00 1.14074E+03 5.01206E+02 6.52883E+01 5.60786E+02 0.00000E+00
 3.00000E+01 1.13745E+03 1.29491E-06 0.00000E+00 1.29491E-06 0.00000E+00 1.13745E+03 4.76562E+02 6.46660E+01 5.82305E+02 0.00000E+00
 3.20000E+01 1.12953E+03 4.56456E-07 0.00000E+00 4.56456E-07 0.00000E+00 1.12953E+03 4.29138E+02 6.33712E+01 6.22182E+02 0.00000E+00
 3.40000E+01 1.12066E+03 2.10170E-07 0.00000E+00 2.10170E-07 0.00000E+00 1.12066E+03 3.85936E+02 6.21549E+01 6.56730E+02 0.00000E+00
 3.60000E+01 1.11110E+03 1.35147E-07 0.00000E+00 1.35147E-07 0.00000E+00 1.11110E+03 3.46420E+02 6.09688E+01 6.86777E+02 0.00000E+00
 3.80000E+01 1.10080E+03 1.11526E-07 0.00000E+00 1.11526E-07 0.00000E+00 1.10080E+03 3.10283E+02 5.98738E+01 7.12637E+02 0.00000E+00
 4.00000E+01 1.08980E+03 1.03904E-07 0.00000E+00 1.03904E-07 0.00000E+00 1.08980E+03 2.79522E+02 5.85820E+01 7.32679E+02 0.00000E+00
 4.20000E+01 1.07830E+03 1.01347E-07 0.00000E+00 1.01347E-07 0.00000E+00 1.07830E+03 2.50319E+02 5.73408E+01 7.50670E+02 0.00000E+00
 4.40000E+01 1.06653E+03 1.00472E-07 0.00000E+00 1.00472E-07 0.00000E+00 1.06653E+03 2.22621E+02 5.59949E+01 7.67128E+02 0.00000E+00
 4.60000E+01 1.05470E+03 1.00169E-07 0.00000E+00 1.00169E-07 0.00000E+00 1.05470E+03 1.98074E+02 5.45806E+01 7.80582E+02 0.00000E+00
 4.80000E+01 1.04292E+03 1.00062E-07 0.00000E+00 1.00062E-07 0.00000E+00 1.04292E+03 1.75589E+02 5.33478E+01 7.91987E+02 0.00000E+00
 5.00000E+01 1.03129E+03 1.00023E-07 0.00000E+00 1.00023E-07 0.00000E+00 1.03129E+03 1.55810E+02 5.18985E+01 8.01251E+02 0.00000E+00
 5.20000E+01 1.01983E+03 1.00009E-07 0.00000E+00 1.00009E-07 0.00000E+00 1.01983E+03 1.36496E+02 5.10532E+01 8.09818E+02 0.00000E+00
 5.40000E+01 1.00858E+03 1.00003E-07 0.00000E+00 1.00003E-07 0.00000E+00 1.00858E+03 1.20186E+02 4.95769E+01 8.16362E+02 0.00000E+00
