# p +  64Ni Total triton   production
# Q-value    =-8.01342E+00
# 
# # energies =   100
#    E         xs         Yield
 1.00000E-11 0.00000E+00 0.00000E+00
 2.53000E-08 0.00000E+00 0.00000E+00
 2.00000E-07 0.00000E+00 0.00000E+00
 1.00000E-06 0.00000E+00 0.00000E+00
 1.00000E-05 0.00000E+00 0.00000E+00
 1.00000E-04 0.00000E+00 0.00000E+00
 1.00000E-03 0.00000E+00 0.00000E+00
 2.00000E-03 0.00000E+00 0.00000E+00
 4.00000E-03 0.00000E+00 0.00000E+00
 7.00000E-03 0.00000E+00 0.00000E+00
 1.00000E-02 0.00000E+00 0.00000E+00
 2.00000E-02 0.00000E+00 0.00000E+00
 4.00000E-02 0.00000E+00 0.00000E+00
 7.00000E-02 0.00000E+00 0.00000E+00
 1.00000E-01 0.00000E+00 0.00000E+00
 2.00000E-01 0.00000E+00 0.00000E+00
 3.00000E-01 0.00000E+00 0.00000E+00
 4.00000E-01 0.00000E+00 0.00000E+00
 5.00000E-01 0.00000E+00 0.00000E+00
 6.00000E-01 0.00000E+00 0.00000E+00
 7.00000E-01 0.00000E+00 0.00000E+00
 8.00000E-01 0.00000E+00 0.00000E+00
 9.00000E-01 0.00000E+00 0.00000E+00
 1.00000E+00 0.00000E+00 0.00000E+00
 1.20000E+00 0.00000E+00 0.00000E+00
 1.40000E+00 0.00000E+00 0.00000E+00
 1.60000E+00 0.00000E+00 0.00000E+00
 1.80000E+00 0.00000E+00 0.00000E+00
 2.00000E+00 0.00000E+00 0.00000E+00
 2.20000E+00 0.00000E+00 0.00000E+00
 2.40000E+00 0.00000E+00 0.00000E+00
 2.60000E+00 0.00000E+00 0.00000E+00
 2.80000E+00 0.00000E+00 0.00000E+00
 3.00000E+00 0.00000E+00 0.00000E+00
 3.20000E+00 0.00000E+00 0.00000E+00
 3.40000E+00 0.00000E+00 0.00000E+00
 3.60000E+00 0.00000E+00 0.00000E+00
 3.80000E+00 0.00000E+00 0.00000E+00
 4.00000E+00 0.00000E+00 0.00000E+00
 4.20000E+00 0.00000E+00 0.00000E+00
 4.40000E+00 0.00000E+00 0.00000E+00
 4.60000E+00 0.00000E+00 0.00000E+00
 4.80000E+00 0.00000E+00 0.00000E+00
 5.00000E+00 0.00000E+00 0.00000E+00
 5.20000E+00 0.00000E+00 0.00000E+00
 5.40000E+00 0.00000E+00 0.00000E+00
 5.60000E+00 0.00000E+00 0.00000E+00
 5.80000E+00 0.00000E+00 0.00000E+00
 6.00000E+00 0.00000E+00 0.00000E+00
 6.20000E+00 0.00000E+00 0.00000E+00
 6.40000E+00 0.00000E+00 0.00000E+00
 6.60000E+00 0.00000E+00 0.00000E+00
 6.80000E+00 0.00000E+00 0.00000E+00
 7.00000E+00 0.00000E+00 0.00000E+00
 7.20000E+00 0.00000E+00 0.00000E+00
 7.40000E+00 0.00000E+00 0.00000E+00
 7.60000E+00 0.00000E+00 0.00000E+00
 7.80000E+00 0.00000E+00 0.00000E+00
 8.00000E+00 0.00000E+00 0.00000E+00
 8.50000E+00 8.73804E-29 1.16528E-31
 9.00000E+00 3.36161E-14 4.23405E-17
 9.50000E+00 2.16523E-08 2.59385E-11
 1.00000E+01 3.48217E-06 3.99503E-09
 1.05000E+01 7.73327E-05 8.55199E-08
 1.10000E+01 6.38394E-04 6.84353E-07
 1.15000E+01 2.49779E-03 2.60774E-06
 1.20000E+01 6.93678E-03 7.07929E-06
 1.25000E+01 1.36196E-02 1.36260E-05
 1.30000E+01 2.31149E-02 2.27218E-05
 1.35000E+01 3.67222E-02 3.55336E-05
 1.40000E+01 5.12949E-02 4.89374E-05
 1.45000E+01 6.89125E-02 6.49166E-05
 1.50000E+01 8.96429E-02 8.34931E-05
 1.60000E+01 1.47479E-01 1.34783E-04
 1.70000E+01 2.35610E-01 2.12179E-04
 1.80000E+01 3.56338E-01 3.17219E-04
 1.90000E+01 5.29667E-01 4.67079E-04
 2.00000E+01 7.57639E-01 6.62613E-04
 2.10000E+01 1.03655E+00 8.99740E-04
 2.20000E+01 1.35652E+00 1.16957E-03
 2.30000E+01 1.70699E+00 1.46349E-03
 2.40000E+01 2.07910E+00 1.77531E-03
 2.50000E+01 2.46777E+00 2.10239E-03
 2.60000E+01 2.86334E+00 2.43809E-03
 2.70000E+01 3.26109E+00 2.77937E-03
 2.80000E+01 3.65652E+00 3.12272E-03
 2.90000E+01 4.04719E+00 3.46586E-03
 3.00000E+01 4.43096E+00 3.80663E-03
 3.20000E+01 5.22977E+00 4.52473E-03
 3.40000E+01 5.82529E+00 5.07907E-03
 3.60000E+01 6.50951E+00 5.72466E-03
 3.80000E+01 7.14619E+00 6.34518E-03
 4.00000E+01 7.72315E+00 6.92939E-03
 4.20000E+01 8.23634E+00 7.47149E-03
 4.40000E+01 8.69614E+00 7.97804E-03
 4.60000E+01 9.11641E+00 8.45945E-03
 4.80000E+01 9.50869E+00 8.92474E-03
 5.00000E+01 9.88458E+00 9.38395E-03
 5.20000E+01 1.02529E+01 9.84461E-03
 5.40000E+01 1.06203E+01 1.03128E-02
