# p +  61Ni Total triton   production
# Q-value    =-1.07260E+01
# 
# # energies =   100
#    E         xs         Yield
 1.00000E-11 0.00000E+00 0.00000E+00
 2.53000E-08 0.00000E+00 0.00000E+00
 2.00000E-07 0.00000E+00 0.00000E+00
 1.00000E-06 0.00000E+00 0.00000E+00
 1.00000E-05 0.00000E+00 0.00000E+00
 1.00000E-04 0.00000E+00 0.00000E+00
 1.00000E-03 0.00000E+00 0.00000E+00
 2.00000E-03 0.00000E+00 0.00000E+00
 4.00000E-03 0.00000E+00 0.00000E+00
 7.00000E-03 0.00000E+00 0.00000E+00
 1.00000E-02 0.00000E+00 0.00000E+00
 2.00000E-02 0.00000E+00 0.00000E+00
 4.00000E-02 0.00000E+00 0.00000E+00
 7.00000E-02 0.00000E+00 0.00000E+00
 1.00000E-01 0.00000E+00 0.00000E+00
 2.00000E-01 0.00000E+00 0.00000E+00
 3.00000E-01 0.00000E+00 0.00000E+00
 4.00000E-01 0.00000E+00 0.00000E+00
 5.00000E-01 0.00000E+00 0.00000E+00
 6.00000E-01 0.00000E+00 0.00000E+00
 7.00000E-01 0.00000E+00 0.00000E+00
 8.00000E-01 0.00000E+00 0.00000E+00
 9.00000E-01 0.00000E+00 0.00000E+00
 1.00000E+00 0.00000E+00 0.00000E+00
 1.20000E+00 0.00000E+00 0.00000E+00
 1.40000E+00 0.00000E+00 0.00000E+00
 1.60000E+00 0.00000E+00 0.00000E+00
 1.80000E+00 0.00000E+00 0.00000E+00
 2.00000E+00 0.00000E+00 0.00000E+00
 2.20000E+00 0.00000E+00 0.00000E+00
 2.40000E+00 0.00000E+00 0.00000E+00
 2.60000E+00 0.00000E+00 0.00000E+00
 2.80000E+00 0.00000E+00 0.00000E+00
 3.00000E+00 0.00000E+00 0.00000E+00
 3.20000E+00 0.00000E+00 0.00000E+00
 3.40000E+00 0.00000E+00 0.00000E+00
 3.60000E+00 0.00000E+00 0.00000E+00
 3.80000E+00 0.00000E+00 0.00000E+00
 4.00000E+00 0.00000E+00 0.00000E+00
 4.20000E+00 0.00000E+00 0.00000E+00
 4.40000E+00 0.00000E+00 0.00000E+00
 4.60000E+00 0.00000E+00 0.00000E+00
 4.80000E+00 0.00000E+00 0.00000E+00
 5.00000E+00 0.00000E+00 0.00000E+00
 5.20000E+00 0.00000E+00 0.00000E+00
 5.40000E+00 0.00000E+00 0.00000E+00
 5.60000E+00 0.00000E+00 0.00000E+00
 5.80000E+00 0.00000E+00 0.00000E+00
 6.00000E+00 0.00000E+00 0.00000E+00
 6.20000E+00 0.00000E+00 0.00000E+00
 6.40000E+00 0.00000E+00 0.00000E+00
 6.60000E+00 0.00000E+00 0.00000E+00
 6.80000E+00 0.00000E+00 0.00000E+00
 7.00000E+00 0.00000E+00 0.00000E+00
 7.20000E+00 0.00000E+00 0.00000E+00
 7.40000E+00 0.00000E+00 0.00000E+00
 7.60000E+00 0.00000E+00 0.00000E+00
 7.80000E+00 0.00000E+00 0.00000E+00
 8.00000E+00 0.00000E+00 0.00000E+00
 8.50000E+00 0.00000E+00 0.00000E+00
 9.00000E+00 0.00000E+00 0.00000E+00
 9.50000E+00 0.00000E+00 0.00000E+00
 1.00000E+01 0.00000E+00 0.00000E+00
 1.05000E+01 0.00000E+00 0.00000E+00
 1.10000E+01 0.00000E+00 0.00000E+00
 1.15000E+01 0.00000E+00 0.00000E+00
 1.20000E+01 0.00000E+00 0.00000E+00
 1.25000E+01 3.26843E-07 3.38519E-10
 1.30000E+01 2.03496E-05 2.06811E-08
 1.35000E+01 2.93267E-04 2.93037E-07
 1.40000E+01 1.86892E-03 1.83920E-06
 1.45000E+01 6.86733E-03 6.66585E-06
 1.50000E+01 1.69240E-02 1.62261E-05
 1.60000E+01 4.62249E-02 4.34116E-05
 1.70000E+01 7.93045E-02 7.33009E-05
 1.80000E+01 1.18345E-01 1.08061E-04
 1.90000E+01 1.90150E-01 1.71972E-04
 2.00000E+01 3.06209E-01 2.74726E-04
 2.10000E+01 4.71970E-01 4.20445E-04
 2.20000E+01 6.53870E-01 5.78749E-04
 2.30000E+01 9.01078E-01 7.93112E-04
 2.40000E+01 1.18084E+00 1.03479E-03
 2.50000E+01 1.48536E+00 1.29784E-03
 2.60000E+01 1.80871E+00 1.57822E-03
 2.70000E+01 2.14670E+00 1.87336E-03
 2.80000E+01 2.49758E+00 2.18243E-03
 2.90000E+01 2.86017E+00 2.50481E-03
 3.00000E+01 3.23163E+00 2.83812E-03
 3.20000E+01 3.98627E+00 3.52439E-03
 3.40000E+01 4.71886E+00 4.20370E-03
 3.60000E+01 5.46507E+00 4.90934E-03
 3.80000E+01 6.17686E+00 5.60041E-03
 4.00000E+01 6.86442E+00 6.28685E-03
 4.20000E+01 7.51505E+00 6.95664E-03
 4.40000E+01 8.12526E+00 7.60501E-03
 4.60000E+01 8.69288E+00 8.22808E-03
 4.80000E+01 9.22401E+00 8.82993E-03
 5.00000E+01 9.68065E+00 9.37230E-03
 5.20000E+01 1.01963E+01 9.98331E-03
 5.40000E+01 1.06589E+01 1.05537E-02
