# p +  62Ni Total triton   production
# Q-value    =-9.93402E+00
# 
# # energies =   100
#    E         xs         Yield
 1.00000E-11 0.00000E+00 0.00000E+00
 2.53000E-08 0.00000E+00 0.00000E+00
 2.00000E-07 0.00000E+00 0.00000E+00
 1.00000E-06 0.00000E+00 0.00000E+00
 1.00000E-05 0.00000E+00 0.00000E+00
 1.00000E-04 0.00000E+00 0.00000E+00
 1.00000E-03 0.00000E+00 0.00000E+00
 2.00000E-03 0.00000E+00 0.00000E+00
 4.00000E-03 0.00000E+00 0.00000E+00
 7.00000E-03 0.00000E+00 0.00000E+00
 1.00000E-02 0.00000E+00 0.00000E+00
 2.00000E-02 0.00000E+00 0.00000E+00
 4.00000E-02 0.00000E+00 0.00000E+00
 7.00000E-02 0.00000E+00 0.00000E+00
 1.00000E-01 0.00000E+00 0.00000E+00
 2.00000E-01 0.00000E+00 0.00000E+00
 3.00000E-01 0.00000E+00 0.00000E+00
 4.00000E-01 0.00000E+00 0.00000E+00
 5.00000E-01 0.00000E+00 0.00000E+00
 6.00000E-01 0.00000E+00 0.00000E+00
 7.00000E-01 0.00000E+00 0.00000E+00
 8.00000E-01 0.00000E+00 0.00000E+00
 9.00000E-01 0.00000E+00 0.00000E+00
 1.00000E+00 0.00000E+00 0.00000E+00
 1.20000E+00 0.00000E+00 0.00000E+00
 1.40000E+00 0.00000E+00 0.00000E+00
 1.60000E+00 0.00000E+00 0.00000E+00
 1.80000E+00 0.00000E+00 0.00000E+00
 2.00000E+00 0.00000E+00 0.00000E+00
 2.20000E+00 0.00000E+00 0.00000E+00
 2.40000E+00 0.00000E+00 0.00000E+00
 2.60000E+00 0.00000E+00 0.00000E+00
 2.80000E+00 0.00000E+00 0.00000E+00
 3.00000E+00 0.00000E+00 0.00000E+00
 3.20000E+00 0.00000E+00 0.00000E+00
 3.40000E+00 0.00000E+00 0.00000E+00
 3.60000E+00 0.00000E+00 0.00000E+00
 3.80000E+00 0.00000E+00 0.00000E+00
 4.00000E+00 0.00000E+00 0.00000E+00
 4.20000E+00 0.00000E+00 0.00000E+00
 4.40000E+00 0.00000E+00 0.00000E+00
 4.60000E+00 0.00000E+00 0.00000E+00
 4.80000E+00 0.00000E+00 0.00000E+00
 5.00000E+00 0.00000E+00 0.00000E+00
 5.20000E+00 0.00000E+00 0.00000E+00
 5.40000E+00 0.00000E+00 0.00000E+00
 5.60000E+00 0.00000E+00 0.00000E+00
 5.80000E+00 0.00000E+00 0.00000E+00
 6.00000E+00 0.00000E+00 0.00000E+00
 6.20000E+00 0.00000E+00 0.00000E+00
 6.40000E+00 0.00000E+00 0.00000E+00
 6.60000E+00 0.00000E+00 0.00000E+00
 6.80000E+00 0.00000E+00 0.00000E+00
 7.00000E+00 0.00000E+00 0.00000E+00
 7.20000E+00 0.00000E+00 0.00000E+00
 7.40000E+00 0.00000E+00 0.00000E+00
 7.60000E+00 0.00000E+00 0.00000E+00
 7.80000E+00 0.00000E+00 0.00000E+00
 8.00000E+00 0.00000E+00 0.00000E+00
 8.50000E+00 0.00000E+00 0.00000E+00
 9.00000E+00 0.00000E+00 0.00000E+00
 9.50000E+00 0.00000E+00 0.00000E+00
 1.00000E+01 0.00000E+00 0.00000E+00
 1.05000E+01 8.39824E-29 9.67776E-32
 1.10000E+01 2.94573E-14 3.28459E-17
 1.15000E+01 3.28252E-08 3.55640E-11
 1.20000E+01 4.65825E-06 4.92553E-09
 1.25000E+01 9.69810E-05 1.00382E-07
 1.30000E+01 7.81724E-04 7.93951E-07
 1.35000E+01 3.08599E-03 3.08127E-06
 1.40000E+01 8.63265E-03 8.48729E-06
 1.45000E+01 1.61336E-02 1.56416E-05
 1.50000E+01 2.71029E-02 2.59480E-05
 1.60000E+01 6.30103E-02 5.90679E-05
 1.70000E+01 1.20345E-01 1.11025E-04
 1.80000E+01 1.92141E-01 1.75165E-04
 1.90000E+01 2.67940E-01 2.42070E-04
 2.00000E+01 3.49862E-01 3.13780E-04
 2.10000E+01 4.62634E-01 4.12271E-04
 2.20000E+01 6.09686E-01 5.40152E-04
 2.30000E+01 7.92612E-01 6.98571E-04
 2.40000E+01 1.00712E+00 8.83863E-04
 2.50000E+01 1.24617E+00 1.09043E-03
 2.60000E+01 1.50693E+00 1.31661E-03
 2.70000E+01 1.78397E+00 1.55858E-03
 2.80000E+01 2.07354E+00 1.81374E-03
 2.90000E+01 2.37116E+00 2.07861E-03
 3.00000E+01 2.67235E+00 2.34943E-03
 3.20000E+01 3.23694E+00 2.86574E-03
 3.40000E+01 3.82835E+00 3.41616E-03
 3.60000E+01 4.38754E+00 3.94882E-03
 3.80000E+01 4.95165E+00 4.49823E-03
 4.00000E+01 5.49824E+00 5.04518E-03
 4.20000E+01 6.01520E+00 5.57841E-03
 4.40000E+01 6.50131E+00 6.09576E-03
 4.60000E+01 6.95856E+00 6.59767E-03
 4.80000E+01 7.39080E+00 7.08664E-03
 5.00000E+01 7.80617E+00 7.56932E-03
 5.20000E+01 8.20567E+00 8.04611E-03
 5.40000E+01 8.60212E+00 8.52894E-03
