# p +  60Ni Total triton   production
# Q-value    =-1.19052E+01
# 
# # energies =   100
#    E         xs         Yield
 1.00000E-11 0.00000E+00 0.00000E+00
 2.53000E-08 0.00000E+00 0.00000E+00
 2.00000E-07 0.00000E+00 0.00000E+00
 1.00000E-06 0.00000E+00 0.00000E+00
 1.00000E-05 0.00000E+00 0.00000E+00
 1.00000E-04 0.00000E+00 0.00000E+00
 1.00000E-03 0.00000E+00 0.00000E+00
 2.00000E-03 0.00000E+00 0.00000E+00
 4.00000E-03 0.00000E+00 0.00000E+00
 7.00000E-03 0.00000E+00 0.00000E+00
 1.00000E-02 0.00000E+00 0.00000E+00
 2.00000E-02 0.00000E+00 0.00000E+00
 4.00000E-02 0.00000E+00 0.00000E+00
 7.00000E-02 0.00000E+00 0.00000E+00
 1.00000E-01 0.00000E+00 0.00000E+00
 2.00000E-01 0.00000E+00 0.00000E+00
 3.00000E-01 0.00000E+00 0.00000E+00
 4.00000E-01 0.00000E+00 0.00000E+00
 5.00000E-01 0.00000E+00 0.00000E+00
 6.00000E-01 0.00000E+00 0.00000E+00
 7.00000E-01 0.00000E+00 0.00000E+00
 8.00000E-01 0.00000E+00 0.00000E+00
 9.00000E-01 0.00000E+00 0.00000E+00
 1.00000E+00 0.00000E+00 0.00000E+00
 1.20000E+00 0.00000E+00 0.00000E+00
 1.40000E+00 0.00000E+00 0.00000E+00
 1.60000E+00 0.00000E+00 0.00000E+00
 1.80000E+00 0.00000E+00 0.00000E+00
 2.00000E+00 0.00000E+00 0.00000E+00
 2.20000E+00 0.00000E+00 0.00000E+00
 2.40000E+00 0.00000E+00 0.00000E+00
 2.60000E+00 0.00000E+00 0.00000E+00
 2.80000E+00 0.00000E+00 0.00000E+00
 3.00000E+00 0.00000E+00 0.00000E+00
 3.20000E+00 0.00000E+00 0.00000E+00
 3.40000E+00 0.00000E+00 0.00000E+00
 3.60000E+00 0.00000E+00 0.00000E+00
 3.80000E+00 0.00000E+00 0.00000E+00
 4.00000E+00 0.00000E+00 0.00000E+00
 4.20000E+00 0.00000E+00 0.00000E+00
 4.40000E+00 0.00000E+00 0.00000E+00
 4.60000E+00 0.00000E+00 0.00000E+00
 4.80000E+00 0.00000E+00 0.00000E+00
 5.00000E+00 0.00000E+00 0.00000E+00
 5.20000E+00 0.00000E+00 0.00000E+00
 5.40000E+00 0.00000E+00 0.00000E+00
 5.60000E+00 0.00000E+00 0.00000E+00
 5.80000E+00 0.00000E+00 0.00000E+00
 6.00000E+00 0.00000E+00 0.00000E+00
 6.20000E+00 0.00000E+00 0.00000E+00
 6.40000E+00 0.00000E+00 0.00000E+00
 6.60000E+00 0.00000E+00 0.00000E+00
 6.80000E+00 0.00000E+00 0.00000E+00
 7.00000E+00 0.00000E+00 0.00000E+00
 7.20000E+00 0.00000E+00 0.00000E+00
 7.40000E+00 0.00000E+00 0.00000E+00
 7.60000E+00 0.00000E+00 0.00000E+00
 7.80000E+00 0.00000E+00 0.00000E+00
 8.00000E+00 0.00000E+00 0.00000E+00
 8.50000E+00 0.00000E+00 0.00000E+00
 9.00000E+00 0.00000E+00 0.00000E+00
 9.50000E+00 0.00000E+00 0.00000E+00
 1.00000E+01 0.00000E+00 0.00000E+00
 1.05000E+01 0.00000E+00 0.00000E+00
 1.10000E+01 0.00000E+00 0.00000E+00
 1.15000E+01 0.00000E+00 0.00000E+00
 1.20000E+01 0.00000E+00 0.00000E+00
 1.25000E+01 6.50026E-29 6.87097E-32
 1.30000E+01 2.27075E-14 2.35402E-17
 1.35000E+01 2.36756E-08 2.41186E-11
 1.40000E+01 3.59227E-06 3.60186E-09
 1.45000E+01 8.11451E-05 8.01944E-08
 1.50000E+01 6.92620E-04 6.75594E-07
 1.60000E+01 8.32379E-03 7.94123E-06
 1.70000E+01 2.67631E-02 2.51055E-05
 1.80000E+01 5.97543E-02 5.53668E-05
 1.90000E+01 1.05360E-01 9.67570E-05
 2.00000E+01 1.74651E-01 1.59306E-04
 2.10000E+01 2.56552E-01 2.32703E-04
 2.20000E+01 3.39989E-01 3.06847E-04
 2.30000E+01 4.36033E-01 3.91754E-04
 2.40000E+01 5.47610E-01 4.90115E-04
 2.50000E+01 6.77045E-01 6.04230E-04
 2.60000E+01 8.26394E-01 7.36340E-04
 2.70000E+01 9.94138E-01 8.85592E-04
 2.80000E+01 1.14389E+00 1.02005E-03
 2.90000E+01 1.34102E+00 1.19840E-03
 3.00000E+01 1.54952E+00 1.38885E-03
 3.20000E+01 1.96884E+00 1.77802E-03
 3.40000E+01 2.42508E+00 2.20902E-03
 3.60000E+01 2.88665E+00 2.65395E-03
 3.80000E+01 3.34782E+00 3.10852E-03
 4.00000E+01 3.80495E+00 3.57035E-03
 4.20000E+01 4.25513E+00 4.03721E-03
 4.40000E+01 4.68620E+00 4.49732E-03
 4.60000E+01 5.08991E+00 4.94195E-03
 4.80000E+01 5.46883E+00 5.37239E-03
 5.00000E+01 5.82074E+00 5.78533E-03
 5.20000E+01 6.15422E+00 6.18834E-03
 5.40000E+01 6.47529E+00 6.58665E-03
